4095
0
4095
-50
4095
-100
4093
-151
4091
-201
4088
-251
4085
-301
4081
-351
4076
-401
4071
-451
4065
-501
4059
-551
4052
-601
4044
-651
4036
-700
4027
-750
4017
-799
4007
-848
3996
-897
3985
-946
3973
-995
3961
-1044
3948
-1092
3934
-1141
3920
-1189
3905
-1237
3889
-1285
3873
-1332
3856
-1380
3839
-1427
3822
-1474
3803
-1521
3784
-1567
3765
-1614
3744
-1660
3724
-1706
3703
-1751
3681
-1796
3659
-1842
3636
-1886
3612
-1931
3588
-1975
3564
-2019
3539
-2062
3513
-2106
3487
-2149
3460
-2191
3433
-2234
3406
-2276
3378
-2317
3349
-2358
3320
-2399
3290
-2440
3260
-2480
3229
-2520
3198
-2559
3166
-2598
3134
-2637
3102
-2675
3068
-2713
3035
-2751
3001
-2788
2966
-2824
2932
-2860
2896
-2896
2860
-2932
2824
-2966
2788
-3001
2751
-3035
2713
-3068
2675
-3102
2637
-3134
2598
-3166
2559
-3198
2520
-3229
2480
-3260
2440
-3290
2399
-3320
2358
-3349
2317
-3378
2276
-3406
2234
-3433
2191
-3460
2149
-3487
2106
-3513
2062
-3539
2019
-3564
1975
-3588
1931
-3612
1886
-3636
1842
-3659
1796
-3681
1751
-3703
1706
-3724
1660
-3744
1614
-3765
1567
-3784
1521
-3803
1474
-3822
1427
-3839
1380
-3856
1332
-3873
1285
-3889
1237
-3905
1189
-3920
1141
-3934
1092
-3948
1044
-3961
995
-3973
946
-3985
897
-3996
848
-4007
799
-4017
750
-4027
700
-4036
651
-4044
601
-4052
551
-4059
501
-4065
451
-4071
401
-4076
351
-4081
301
-4085
251
-4088
201
-4091
151
-4093
100
-4095
50
-4096
0
-4096
-50
-4096
-100
-4095
-151
-4093
-201
-4091
-251
-4088
-301
-4085
-351
-4081
-401
-4076
-451
-4071
-501
-4065
-551
-4059
-601
-4052
-651
-4044
-700
-4036
-750
-4027
-799
-4017
-848
-4007
-897
-3996
-946
-3985
-995
-3973
-1044
-3961
-1092
-3948
-1141
-3934
-1189
-3920
-1237
-3905
-1285
-3889
-1332
-3873
-1380
-3856
-1427
-3839
-1474
-3822
-1521
-3803
-1567
-3784
-1614
-3765
-1660
-3744
-1706
-3724
-1751
-3703
-1796
-3681
-1842
-3659
-1886
-3636
-1931
-3612
-1975
-3588
-2019
-3564
-2062
-3539
-2106
-3513
-2149
-3487
-2191
-3460
-2234
-3433
-2276
-3406
-2317
-3378
-2358
-3349
-2399
-3320
-2440
-3290
-2480
-3260
-2520
-3229
-2559
-3198
-2598
-3166
-2637
-3134
-2675
-3102
-2713
-3068
-2751
-3035
-2788
-3001
-2824
-2966
-2860
-2932
-2896
-2896
-2932
-2860
-2966
-2824
-3001
-2788
-3035
-2751
-3068
-2713
-3102
-2675
-3134
-2637
-3166
-2598
-3198
-2559
-3229
-2520
-3260
-2480
-3290
-2440
-3320
-2399
-3349
-2358
-3378
-2317
-3406
-2276
-3433
-2234
-3460
-2191
-3487
-2149
-3513
-2106
-3539
-2062
-3564
-2019
-3588
-1975
-3612
-1931
-3636
-1886
-3659
-1842
-3681
-1796
-3703
-1751
-3724
-1706
-3744
-1660
-3765
-1614
-3784
-1567
-3803
-1521
-3822
-1474
-3839
-1427
-3856
-1380
-3873
-1332
-3889
-1285
-3905
-1237
-3920
-1189
-3934
-1141
-3948
-1092
-3961
-1044
-3973
-995
-3985
-946
-3996
-897
-4007
-848
-4017
-799
-4027
-750
-4036
-700
-4044
-651
-4052
-601
-4059
-551
-4065
-501
-4071
-451
-4076
-401
-4081
-351
-4085
-301
-4088
-251
-4091
-201
-4093
-151
-4095
-100
-4096
-50
