32767
0
32767
-50
32767
-100
32767
-151
32767
-201
32767
-251
32766
-302
32766
-352
32766
-402
32765
-452
32764
-503
32763
-553
32762
-603
32761
-653
32760
-704
32759
-754
32758
-804
32757
-854
32756
-905
32754
-955
32752
-1005
32751
-1055
32749
-1106
32748
-1156
32746
-1206
32744
-1256
32742
-1306
32740
-1357
32738
-1407
32736
-1457
32733
-1507
32731
-1558
32728
-1608
32726
-1658
32723
-1708
32721
-1758
32718
-1809
32715
-1859
32712
-1909
32709
-1959
32706
-2009
32703
-2060
32700
-2110
32697
-2160
32693
-2210
32690
-2260
32686
-2310
32683
-2360
32679
-2410
32675
-2461
32672
-2511
32668
-2561
32664
-2611
32660
-2661
32656
-2711
32651
-2761
32647
-2811
32643
-2861
32638
-2912
32634
-2962
32629
-3012
32625
-3062
32620
-3112
32615
-3162
32610
-3212
32605
-3262
32600
-3312
32595
-3362
32590
-3412
32584
-3462
32579
-3512
32574
-3562
32568
-3612
32563
-3662
32557
-3712
32551
-3762
32546
-3812
32540
-3861
32534
-3911
32528
-3961
32522
-4011
32515
-4061
32509
-4111
32503
-4161
32496
-4211
32490
-4260
32483
-4310
32476
-4360
32470
-4410
32463
-4460
32456
-4510
32449
-4559
32442
-4609
32435
-4659
32428
-4708
32421
-4758
32413
-4808
32406
-4858
32398
-4907
32391
-4957
32383
-5007
32376
-5056
32368
-5106
32360
-5156
32352
-5205
32344
-5255
32336
-5305
32328
-5354
32319
-5404
32311
-5453
32302
-5503
32294
-5552
32286
-5602
32277
-5652
32268
-5701
32259
-5750
32250
-5800
32242
-5850
32233
-5899
32224
-5948
32214
-5998
32205
-6047
32196
-6097
32186
-6146
32177
-6195
32167
-6245
32158
-6294
32148
-6343
32138
-6393
32128
-6442
32118
-6491
32108
-6540
32098
-6590
32088
-6639
32078
-6688
32068
-6737
32058
-6787
32047
-6836
32036
-6885
32026
-6934
32015
-6983
32004
-7032
31994
-7081
31983
-7130
31972
-7180
31961
-7228
31950
-7278
31938
-7326
31927
-7376
31916
-7424
31904
-7473
31893
-7522
31881
-7571
31870
-7620
31858
-7669
31846
-7718
31834
-7767
31822
-7816
31810
-7864
31798
-7913
31786
-7962
31774
-8011
31761
-8059
31749
-8108
31736
-8157
31724
-8206
31711
-8254
31699
-8303
31686
-8351
31673
-8400
31660
-8448
31647
-8497
31634
-8546
31621
-8594
31608
-8643
31594
-8691
31581
-8740
31568
-8788
31554
-8836
31540
-8885
31527
-8933
31513
-8982
31499
-9030
31485
-9078
31471
-9126
31457
-9175
31443
-9223
31429
-9271
31415
-9319
31400
-9368
31386
-9416
31372
-9464
31357
-9512
31342
-9560
31328
-9608
31313
-9656
31298
-9704
31283
-9752
31268
-9800
31253
-9848
31238
-9896
31223
-9944
31207
-9992
31192
-10040
31176
-10088
31161
-10135
31146
-10183
31130
-10231
31114
-10279
31098
-10326
31082
-10374
31066
-10422
31050
-10469
31034
-10517
31018
-10565
31002
-10612
30986
-10660
30969
-10707
30953
-10755
30936
-10802
30920
-10850
30903
-10897
30886
-10944
30869
-10992
30852
-11039
30836
-11086
30818
-11134
30801
-11181
30784
-11228
30767
-11276
30750
-11323
30732
-11370
30715
-11417
30697
-11464
30680
-11511
30662
-11558
30644
-11605
30626
-11652
30608
-11699
30590
-11746
30572
-11793
30554
-11840
30536
-11887
30518
-11934
30499
-11980
30481
-12027
30462
-12074
30444
-12121
30425
-12167
30406
-12214
30388
-12260
30369
-12307
30350
-12354
30331
-12400
30312
-12447
30293
-12493
30274
-12540
30254
-12586
30235
-12632
30216
-12679
30196
-12725
30176
-12772
30157
-12818
30137
-12864
30118
-12910
30098
-12956
30078
-13003
30058
-13049
30038
-13095
30018
-13141
29997
-13187
29977
-13233
29957
-13279
29936
-13325
29916
-13371
29895
-13417
29875
-13462
29854
-13508
29833
-13554
29812
-13600
29792
-13646
29771
-13691
29750
-13737
29728
-13782
29707
-13828
29686
-13874
29665
-13919
29643
-13965
29622
-14010
29600
-14056
29579
-14101
29557
-14146
29535
-14192
29514
-14237
29492
-14282
29470
-14327
29448
-14372
29426
-14418
29404
-14463
29381
-14508
29359
-14553
29337
-14598
29314
-14643
29292
-14688
29269
-14733
29246
-14778
29224
-14822
29201
-14867
29178
-14912
29155
-14957
29132
-15002
29109
-15046
29086
-15091
29063
-15136
29040
-15180
29016
-15225
28993
-15269
28970
-15314
28946
-15358
28922
-15402
28899
-15447
28875
-15491
28851
-15535
28827
-15580
28803
-15624
28779
-15668
28755
-15712
28731
-15756
28707
-15800
28683
-15844
28658
-15888
28634
-15932
28610
-15976
28585
-16020
28560
-16064
28536
-16108
28511
-16151
28486
-16195
28461
-16239
28436
-16282
28411
-16326
28386
-16369
28361
-16413
28336
-16456
28311
-16500
28285
-16543
28260
-16587
28234
-16630
28209
-16673
28183
-16716
28158
-16760
28132
-16803
28106
-16846
28080
-16889
28054
-16932
28028
-16975
28002
-17018
27976
-17061
27950
-17104
27924
-17147
27897
-17190
27871
-17232
27844
-17275
27818
-17318
27791
-17360
27764
-17403
27738
-17446
27711
-17488
27684
-17531
27657
-17573
27630
-17616
27603
-17658
27576
-17700
27549
-17742
27522
-17785
27494
-17827
27467
-17869
27440
-17911
27412
-17953
27384
-17995
27357
-18037
27329
-18079
27301
-18121
27273
-18163
27246
-18205
27218
-18247
27190
-18288
27162
-18330
27133
-18372
27105
-18413
27077
-18455
27048
-18496
27020
-18538
26992
-18579
26963
-18621
26934
-18662
26906
-18703
26877
-18744
26848
-18786
26820
-18827
26790
-18868
26762
-18909
26732
-18950
26704
-18991
26674
-19032
26645
-19073
26616
-19114
26586
-19155
26557
-19195
26528
-19236
26498
-19277
26468
-19317
26439
-19358
26409
-19398
26379
-19439
26349
-19479
26320
-19520
26290
-19560
26259
-19600
26229
-19641
26199
-19681
26169
-19721
26139
-19761
26108
-19801
26078
-19841
26048
-19881
26017
-19921
25986
-19961
25956
-20001
25925
-20041
25894
-20080
25863
-20120
25832
-20160
25802
-20200
25770
-20239
25739
-20278
25708
-20318
25677
-20357
25646
-20397
25614
-20436
25583
-20475
25552
-20514
25520
-20554
25489
-20593
25457
-20632
25425
-20671
25394
-20710
25362
-20749
25330
-20788
25298
-20827
25266
-20865
25234
-20904
25202
-20943
25170
-20981
25138
-21020
25105
-21058
25073
-21097
25040
-21136
25008
-21174
24976
-21212
24943
-21250
24910
-21289
24878
-21327
24845
-21365
24812
-21403
24779
-21441
24746
-21479
24713
-21517
24680
-21555
24647
-21593
24614
-21631
24581
-21668
24548
-21706
24514
-21744
24481
-21781
24448
-21819
24414
-21856
24380
-21894
24347
-21931
24313
-21968
24279
-22006
24246
-22043
24212
-22080
24178
-22117
24144
-22154
24110
-22191
24076
-22228
24042
-22265
24008
-22302
23973
-22339
23939
-22375
23905
-22412
23870
-22449
23836
-22485
23801
-22522
23767
-22558
23732
-22595
23697
-22631
23663
-22668
23628
-22704
23593
-22740
23558
-22776
23523
-22812
23488
-22848
23453
-22884
23418
-22920
23383
-22956
23348
-22992
23312
-23028
23277
-23064
23241
-23099
23206
-23135
23170
-23170
23135
-23206
23099
-23241
23064
-23277
23028
-23312
22992
-23348
22956
-23383
22920
-23418
22884
-23453
22848
-23488
22812
-23523
22776
-23558
22740
-23593
22704
-23628
22668
-23663
22631
-23697
22595
-23732
22558
-23767
22522
-23801
22485
-23836
22449
-23870
22412
-23905
22375
-23939
22339
-23973
22302
-24008
22265
-24042
22228
-24076
22191
-24110
22154
-24144
22117
-24178
22080
-24212
22043
-24246
22006
-24279
21968
-24313
21931
-24347
21894
-24380
21856
-24414
21819
-24448
21781
-24481
21744
-24514
21706
-24548
21668
-24581
21631
-24614
21593
-24647
21555
-24680
21517
-24713
21479
-24746
21441
-24779
21403
-24812
21365
-24845
21327
-24878
21289
-24910
21250
-24943
21212
-24976
21174
-25008
21136
-25040
21097
-25073
21058
-25105
21020
-25138
20981
-25170
20943
-25202
20904
-25234
20865
-25266
20827
-25298
20788
-25330
20749
-25362
20710
-25394
20671
-25425
20632
-25457
20593
-25489
20554
-25520
20514
-25552
20475
-25583
20436
-25614
20397
-25646
20357
-25677
20318
-25708
20278
-25739
20239
-25770
20200
-25802
20160
-25832
20120
-25863
20080
-25894
20041
-25925
20001
-25956
19961
-25986
19921
-26017
19881
-26048
19841
-26078
19801
-26108
19761
-26139
19721
-26169
19681
-26199
19641
-26229
19600
-26259
19560
-26290
19520
-26320
19479
-26349
19439
-26379
19398
-26409
19358
-26439
19317
-26468
19277
-26498
19236
-26528
19195
-26557
19155
-26586
19114
-26616
19073
-26645
19032
-26674
18991
-26704
18950
-26732
18909
-26762
18868
-26790
18827
-26820
18786
-26848
18744
-26877
18703
-26906
18662
-26934
18621
-26963
18579
-26992
18538
-27020
18496
-27048
18455
-27077
18413
-27105
18372
-27133
18330
-27162
18288
-27190
18247
-27218
18205
-27246
18163
-27273
18121
-27301
18079
-27329
18037
-27357
17995
-27384
17953
-27412
17911
-27440
17869
-27467
17827
-27494
17785
-27522
17742
-27549
17700
-27576
17658
-27603
17616
-27630
17573
-27657
17531
-27684
17488
-27711
17446
-27738
17403
-27764
17360
-27791
17318
-27818
17275
-27844
17232
-27871
17190
-27897
17147
-27924
17104
-27950
17061
-27976
17018
-28002
16975
-28028
16932
-28054
16889
-28080
16846
-28106
16803
-28132
16760
-28158
16716
-28183
16673
-28209
16630
-28234
16587
-28260
16543
-28285
16500
-28311
16456
-28336
16413
-28361
16369
-28386
16326
-28411
16282
-28436
16239
-28461
16195
-28486
16151
-28511
16108
-28536
16064
-28560
16020
-28585
15976
-28610
15932
-28634
15888
-28658
15844
-28683
15800
-28707
15756
-28731
15712
-28755
15668
-28779
15624
-28803
15580
-28827
15535
-28851
15491
-28875
15447
-28899
15402
-28922
15358
-28946
15314
-28970
15269
-28993
15225
-29016
15180
-29040
15136
-29063
15091
-29086
15046
-29109
15002
-29132
14957
-29155
14912
-29178
14867
-29201
14822
-29224
14778
-29246
14733
-29269
14688
-29292
14643
-29314
14598
-29337
14553
-29359
14508
-29381
14463
-29404
14418
-29426
14372
-29448
14327
-29470
14282
-29492
14237
-29514
14192
-29535
14146
-29557
14101
-29579
14056
-29600
14010
-29622
13965
-29643
13919
-29665
13874
-29686
13828
-29707
13782
-29728
13737
-29750
13691
-29771
13646
-29792
13600
-29812
13554
-29833
13508
-29854
13462
-29875
13417
-29895
13371
-29916
13325
-29936
13279
-29957
13233
-29977
13187
-29997
13141
-30018
13095
-30038
13049
-30058
13003
-30078
12956
-30098
12910
-30118
12864
-30137
12818
-30157
12772
-30176
12725
-30196
12679
-30216
12632
-30235
12586
-30254
12540
-30274
12493
-30293
12447
-30312
12400
-30331
12354
-30350
12307
-30369
12260
-30388
12214
-30406
12167
-30425
12121
-30444
12074
-30462
12027
-30481
11980
-30499
11934
-30518
11887
-30536
11840
-30554
11793
-30572
11746
-30590
11699
-30608
11652
-30626
11605
-30644
11558
-30662
11511
-30680
11464
-30697
11417
-30715
11370
-30732
11323
-30750
11276
-30767
11228
-30784
11181
-30801
11134
-30818
11086
-30836
11039
-30852
10992
-30869
10944
-30886
10897
-30903
10850
-30920
10802
-30936
10755
-30953
10707
-30969
10660
-30986
10612
-31002
10565
-31018
10517
-31034
10469
-31050
10422
-31066
10374
-31082
10326
-31098
10279
-31114
10231
-31130
10183
-31146
10135
-31161
10088
-31176
10040
-31192
9992
-31207
9944
-31223
9896
-31238
9848
-31253
9800
-31268
9752
-31283
9704
-31298
9656
-31313
9608
-31328
9560
-31342
9512
-31357
9464
-31372
9416
-31386
9368
-31400
9319
-31415
9271
-31429
9223
-31443
9175
-31457
9126
-31471
9078
-31485
9030
-31499
8982
-31513
8933
-31527
8885
-31540
8836
-31554
8788
-31568
8740
-31581
8691
-31594
8643
-31608
8594
-31621
8546
-31634
8497
-31647
8448
-31660
8400
-31673
8351
-31686
8303
-31699
8254
-31711
8206
-31724
8157
-31736
8108
-31749
8059
-31761
8011
-31774
7962
-31786
7913
-31798
7864
-31810
7816
-31822
7767
-31834
7718
-31846
7669
-31858
7620
-31870
7571
-31881
7522
-31893
7473
-31904
7424
-31916
7376
-31927
7326
-31938
7278
-31950
7228
-31961
7180
-31972
7130
-31983
7081
-31994
7032
-32004
6983
-32015
6934
-32026
6885
-32036
6836
-32047
6787
-32058
6737
-32068
6688
-32078
6639
-32088
6590
-32098
6540
-32108
6491
-32118
6442
-32128
6393
-32138
6343
-32148
6294
-32158
6245
-32167
6195
-32177
6146
-32186
6097
-32196
6047
-32205
5998
-32214
5948
-32224
5899
-32233
5850
-32242
5800
-32250
5750
-32259
5701
-32268
5652
-32277
5602
-32286
5552
-32294
5503
-32302
5453
-32311
5404
-32319
5354
-32328
5305
-32336
5255
-32344
5205
-32352
5156
-32360
5106
-32368
5056
-32376
5007
-32383
4957
-32391
4907
-32398
4858
-32406
4808
-32413
4758
-32421
4708
-32428
4659
-32435
4609
-32442
4559
-32449
4510
-32456
4460
-32463
4410
-32470
4360
-32476
4310
-32483
4260
-32490
4211
-32496
4161
-32503
4111
-32509
4061
-32515
4011
-32522
3961
-32528
3911
-32534
3861
-32540
3812
-32546
3762
-32551
3712
-32557
3662
-32563
3612
-32568
3562
-32574
3512
-32579
3462
-32584
3412
-32590
3362
-32595
3312
-32600
3262
-32605
3212
-32610
3162
-32615
3112
-32620
3062
-32625
3012
-32629
2962
-32634
2912
-32638
2861
-32643
2811
-32647
2761
-32651
2711
-32656
2661
-32660
2611
-32664
2561
-32668
2511
-32672
2461
-32675
2410
-32679
2360
-32683
2310
-32686
2260
-32690
2210
-32693
2160
-32697
2110
-32700
2060
-32703
2009
-32706
1959
-32709
1909
-32712
1859
-32715
1809
-32718
1758
-32721
1708
-32723
1658
-32726
1608
-32728
1558
-32731
1507
-32733
1457
-32736
1407
-32738
1357
-32740
1306
-32742
1256
-32744
1206
-32746
1156
-32748
1106
-32749
1055
-32751
1005
-32752
955
-32754
905
-32756
854
-32757
804
-32758
754
-32759
704
-32760
653
-32761
603
-32762
553
-32763
503
-32764
452
-32765
402
-32766
352
-32766
302
-32766
251
-32767
201
-32767
151
-32768
100
-32768
50
-32768
0
-32768
-50
-32768
-100
-32768
-151
-32768
-201
-32767
-251
-32767
-302
-32766
-352
-32766
-402
-32766
-452
-32765
-503
-32764
-553
-32763
-603
-32762
-653
-32761
-704
-32760
-754
-32759
-804
-32758
-854
-32757
-905
-32756
-955
-32754
-1005
-32752
-1055
-32751
-1106
-32749
-1156
-32748
-1206
-32746
-1256
-32744
-1306
-32742
-1357
-32740
-1407
-32738
-1457
-32736
-1507
-32733
-1558
-32731
-1608
-32728
-1658
-32726
-1708
-32723
-1758
-32721
-1809
-32718
-1859
-32715
-1909
-32712
-1959
-32709
-2009
-32706
-2060
-32703
-2110
-32700
-2160
-32697
-2210
-32693
-2260
-32690
-2310
-32686
-2360
-32683
-2410
-32679
-2461
-32675
-2511
-32672
-2561
-32668
-2611
-32664
-2661
-32660
-2711
-32656
-2761
-32651
-2811
-32647
-2861
-32643
-2912
-32638
-2962
-32634
-3012
-32629
-3062
-32625
-3112
-32620
-3162
-32615
-3212
-32610
-3262
-32605
-3312
-32600
-3362
-32595
-3412
-32590
-3462
-32584
-3512
-32579
-3562
-32574
-3612
-32568
-3662
-32563
-3712
-32557
-3762
-32551
-3812
-32546
-3861
-32540
-3911
-32534
-3961
-32528
-4011
-32522
-4061
-32515
-4111
-32509
-4161
-32503
-4211
-32496
-4260
-32490
-4310
-32483
-4360
-32476
-4410
-32470
-4460
-32463
-4510
-32456
-4559
-32449
-4609
-32442
-4659
-32435
-4708
-32428
-4758
-32421
-4808
-32413
-4858
-32406
-4907
-32398
-4957
-32391
-5007
-32383
-5056
-32376
-5106
-32368
-5156
-32360
-5205
-32352
-5255
-32344
-5305
-32336
-5354
-32328
-5404
-32319
-5453
-32311
-5503
-32302
-5552
-32294
-5602
-32286
-5652
-32277
-5701
-32268
-5750
-32259
-5800
-32250
-5850
-32242
-5899
-32233
-5948
-32224
-5998
-32214
-6047
-32205
-6097
-32196
-6146
-32186
-6195
-32177
-6245
-32167
-6294
-32158
-6343
-32148
-6393
-32138
-6442
-32128
-6491
-32118
-6540
-32108
-6590
-32098
-6639
-32088
-6688
-32078
-6737
-32068
-6787
-32058
-6836
-32047
-6885
-32036
-6934
-32026
-6983
-32015
-7032
-32004
-7081
-31994
-7130
-31983
-7180
-31972
-7228
-31961
-7278
-31950
-7326
-31938
-7376
-31927
-7424
-31916
-7473
-31904
-7522
-31893
-7571
-31881
-7620
-31870
-7669
-31858
-7718
-31846
-7767
-31834
-7816
-31822
-7864
-31810
-7913
-31798
-7962
-31786
-8011
-31774
-8059
-31761
-8108
-31749
-8157
-31736
-8206
-31724
-8254
-31711
-8303
-31699
-8351
-31686
-8400
-31673
-8448
-31660
-8497
-31647
-8546
-31634
-8594
-31621
-8643
-31608
-8691
-31594
-8740
-31581
-8788
-31568
-8836
-31554
-8885
-31540
-8933
-31527
-8982
-31513
-9030
-31499
-9078
-31485
-9126
-31471
-9175
-31457
-9223
-31443
-9271
-31429
-9319
-31415
-9368
-31400
-9416
-31386
-9464
-31372
-9512
-31357
-9560
-31342
-9608
-31328
-9656
-31313
-9704
-31298
-9752
-31283
-9800
-31268
-9848
-31253
-9896
-31238
-9944
-31223
-9992
-31207
-10040
-31192
-10088
-31176
-10135
-31161
-10183
-31146
-10231
-31130
-10279
-31114
-10326
-31098
-10374
-31082
-10422
-31066
-10469
-31050
-10517
-31034
-10565
-31018
-10612
-31002
-10660
-30986
-10707
-30969
-10755
-30953
-10802
-30936
-10850
-30920
-10897
-30903
-10944
-30886
-10992
-30869
-11039
-30852
-11086
-30836
-11134
-30818
-11181
-30801
-11228
-30784
-11276
-30767
-11323
-30750
-11370
-30732
-11417
-30715
-11464
-30697
-11511
-30680
-11558
-30662
-11605
-30644
-11652
-30626
-11699
-30608
-11746
-30590
-11793
-30572
-11840
-30554
-11887
-30536
-11934
-30518
-11980
-30499
-12027
-30481
-12074
-30462
-12121
-30444
-12167
-30425
-12214
-30406
-12260
-30388
-12307
-30369
-12354
-30350
-12400
-30331
-12447
-30312
-12493
-30293
-12540
-30274
-12586
-30254
-12632
-30235
-12679
-30216
-12725
-30196
-12772
-30176
-12818
-30157
-12864
-30137
-12910
-30118
-12956
-30098
-13003
-30078
-13049
-30058
-13095
-30038
-13141
-30018
-13187
-29997
-13233
-29977
-13279
-29957
-13325
-29936
-13371
-29916
-13417
-29895
-13462
-29875
-13508
-29854
-13554
-29833
-13600
-29812
-13646
-29792
-13691
-29771
-13737
-29750
-13782
-29728
-13828
-29707
-13874
-29686
-13919
-29665
-13965
-29643
-14010
-29622
-14056
-29600
-14101
-29579
-14146
-29557
-14192
-29535
-14237
-29514
-14282
-29492
-14327
-29470
-14372
-29448
-14418
-29426
-14463
-29404
-14508
-29381
-14553
-29359
-14598
-29337
-14643
-29314
-14688
-29292
-14733
-29269
-14778
-29246
-14822
-29224
-14867
-29201
-14912
-29178
-14957
-29155
-15002
-29132
-15046
-29109
-15091
-29086
-15136
-29063
-15180
-29040
-15225
-29016
-15269
-28993
-15314
-28970
-15358
-28946
-15402
-28922
-15447
-28899
-15491
-28875
-15535
-28851
-15580
-28827
-15624
-28803
-15668
-28779
-15712
-28755
-15756
-28731
-15800
-28707
-15844
-28683
-15888
-28658
-15932
-28634
-15976
-28610
-16020
-28585
-16064
-28560
-16108
-28536
-16151
-28511
-16195
-28486
-16239
-28461
-16282
-28436
-16326
-28411
-16369
-28386
-16413
-28361
-16456
-28336
-16500
-28311
-16543
-28285
-16587
-28260
-16630
-28234
-16673
-28209
-16716
-28183
-16760
-28158
-16803
-28132
-16846
-28106
-16889
-28080
-16932
-28054
-16975
-28028
-17018
-28002
-17061
-27976
-17104
-27950
-17147
-27924
-17190
-27897
-17232
-27871
-17275
-27844
-17318
-27818
-17360
-27791
-17403
-27764
-17446
-27738
-17488
-27711
-17531
-27684
-17573
-27657
-17616
-27630
-17658
-27603
-17700
-27576
-17742
-27549
-17785
-27522
-17827
-27494
-17869
-27467
-17911
-27440
-17953
-27412
-17995
-27384
-18037
-27357
-18079
-27329
-18121
-27301
-18163
-27273
-18205
-27246
-18247
-27218
-18288
-27190
-18330
-27162
-18372
-27133
-18413
-27105
-18455
-27077
-18496
-27048
-18538
-27020
-18579
-26992
-18621
-26963
-18662
-26934
-18703
-26906
-18744
-26877
-18786
-26848
-18827
-26820
-18868
-26790
-18909
-26762
-18950
-26732
-18991
-26704
-19032
-26674
-19073
-26645
-19114
-26616
-19155
-26586
-19195
-26557
-19236
-26528
-19277
-26498
-19317
-26468
-19358
-26439
-19398
-26409
-19439
-26379
-19479
-26349
-19520
-26320
-19560
-26290
-19600
-26259
-19641
-26229
-19681
-26199
-19721
-26169
-19761
-26139
-19801
-26108
-19841
-26078
-19881
-26048
-19921
-26017
-19961
-25986
-20001
-25956
-20041
-25925
-20080
-25894
-20120
-25863
-20160
-25832
-20200
-25802
-20239
-25770
-20278
-25739
-20318
-25708
-20357
-25677
-20397
-25646
-20436
-25614
-20475
-25583
-20514
-25552
-20554
-25520
-20593
-25489
-20632
-25457
-20671
-25425
-20710
-25394
-20749
-25362
-20788
-25330
-20827
-25298
-20865
-25266
-20904
-25234
-20943
-25202
-20981
-25170
-21020
-25138
-21058
-25105
-21097
-25073
-21136
-25040
-21174
-25008
-21212
-24976
-21250
-24943
-21289
-24910
-21327
-24878
-21365
-24845
-21403
-24812
-21441
-24779
-21479
-24746
-21517
-24713
-21555
-24680
-21593
-24647
-21631
-24614
-21668
-24581
-21706
-24548
-21744
-24514
-21781
-24481
-21819
-24448
-21856
-24414
-21894
-24380
-21931
-24347
-21968
-24313
-22006
-24279
-22043
-24246
-22080
-24212
-22117
-24178
-22154
-24144
-22191
-24110
-22228
-24076
-22265
-24042
-22302
-24008
-22339
-23973
-22375
-23939
-22412
-23905
-22449
-23870
-22485
-23836
-22522
-23801
-22558
-23767
-22595
-23732
-22631
-23697
-22668
-23663
-22704
-23628
-22740
-23593
-22776
-23558
-22812
-23523
-22848
-23488
-22884
-23453
-22920
-23418
-22956
-23383
-22992
-23348
-23028
-23312
-23064
-23277
-23099
-23241
-23135
-23206
-23170
-23170
-23206
-23135
-23241
-23099
-23277
-23064
-23312
-23028
-23348
-22992
-23383
-22956
-23418
-22920
-23453
-22884
-23488
-22848
-23523
-22812
-23558
-22776
-23593
-22740
-23628
-22704
-23663
-22668
-23697
-22631
-23732
-22595
-23767
-22558
-23801
-22522
-23836
-22485
-23870
-22449
-23905
-22412
-23939
-22375
-23973
-22339
-24008
-22302
-24042
-22265
-24076
-22228
-24110
-22191
-24144
-22154
-24178
-22117
-24212
-22080
-24246
-22043
-24279
-22006
-24313
-21968
-24347
-21931
-24380
-21894
-24414
-21856
-24448
-21819
-24481
-21781
-24514
-21744
-24548
-21706
-24581
-21668
-24614
-21631
-24647
-21593
-24680
-21555
-24713
-21517
-24746
-21479
-24779
-21441
-24812
-21403
-24845
-21365
-24878
-21327
-24910
-21289
-24943
-21250
-24976
-21212
-25008
-21174
-25040
-21136
-25073
-21097
-25105
-21058
-25138
-21020
-25170
-20981
-25202
-20943
-25234
-20904
-25266
-20865
-25298
-20827
-25330
-20788
-25362
-20749
-25394
-20710
-25425
-20671
-25457
-20632
-25489
-20593
-25520
-20554
-25552
-20514
-25583
-20475
-25614
-20436
-25646
-20397
-25677
-20357
-25708
-20318
-25739
-20278
-25770
-20239
-25802
-20200
-25832
-20160
-25863
-20120
-25894
-20080
-25925
-20041
-25956
-20001
-25986
-19961
-26017
-19921
-26048
-19881
-26078
-19841
-26108
-19801
-26139
-19761
-26169
-19721
-26199
-19681
-26229
-19641
-26259
-19600
-26290
-19560
-26320
-19520
-26349
-19479
-26379
-19439
-26409
-19398
-26439
-19358
-26468
-19317
-26498
-19277
-26528
-19236
-26557
-19195
-26586
-19155
-26616
-19114
-26645
-19073
-26674
-19032
-26704
-18991
-26732
-18950
-26762
-18909
-26790
-18868
-26820
-18827
-26848
-18786
-26877
-18744
-26906
-18703
-26934
-18662
-26963
-18621
-26992
-18579
-27020
-18538
-27048
-18496
-27077
-18455
-27105
-18413
-27133
-18372
-27162
-18330
-27190
-18288
-27218
-18247
-27246
-18205
-27273
-18163
-27301
-18121
-27329
-18079
-27357
-18037
-27384
-17995
-27412
-17953
-27440
-17911
-27467
-17869
-27494
-17827
-27522
-17785
-27549
-17742
-27576
-17700
-27603
-17658
-27630
-17616
-27657
-17573
-27684
-17531
-27711
-17488
-27738
-17446
-27764
-17403
-27791
-17360
-27818
-17318
-27844
-17275
-27871
-17232
-27897
-17190
-27924
-17147
-27950
-17104
-27976
-17061
-28002
-17018
-28028
-16975
-28054
-16932
-28080
-16889
-28106
-16846
-28132
-16803
-28158
-16760
-28183
-16716
-28209
-16673
-28234
-16630
-28260
-16587
-28285
-16543
-28311
-16500
-28336
-16456
-28361
-16413
-28386
-16369
-28411
-16326
-28436
-16282
-28461
-16239
-28486
-16195
-28511
-16151
-28536
-16108
-28560
-16064
-28585
-16020
-28610
-15976
-28634
-15932
-28658
-15888
-28683
-15844
-28707
-15800
-28731
-15756
-28755
-15712
-28779
-15668
-28803
-15624
-28827
-15580
-28851
-15535
-28875
-15491
-28899
-15447
-28922
-15402
-28946
-15358
-28970
-15314
-28993
-15269
-29016
-15225
-29040
-15180
-29063
-15136
-29086
-15091
-29109
-15046
-29132
-15002
-29155
-14957
-29178
-14912
-29201
-14867
-29224
-14822
-29246
-14778
-29269
-14733
-29292
-14688
-29314
-14643
-29337
-14598
-29359
-14553
-29381
-14508
-29404
-14463
-29426
-14418
-29448
-14372
-29470
-14327
-29492
-14282
-29514
-14237
-29535
-14192
-29557
-14146
-29579
-14101
-29600
-14056
-29622
-14010
-29643
-13965
-29665
-13919
-29686
-13874
-29707
-13828
-29728
-13782
-29750
-13737
-29771
-13691
-29792
-13646
-29812
-13600
-29833
-13554
-29854
-13508
-29875
-13462
-29895
-13417
-29916
-13371
-29936
-13325
-29957
-13279
-29977
-13233
-29997
-13187
-30018
-13141
-30038
-13095
-30058
-13049
-30078
-13003
-30098
-12956
-30118
-12910
-30137
-12864
-30157
-12818
-30176
-12772
-30196
-12725
-30216
-12679
-30235
-12632
-30254
-12586
-30274
-12540
-30293
-12493
-30312
-12447
-30331
-12400
-30350
-12354
-30369
-12307
-30388
-12260
-30406
-12214
-30425
-12167
-30444
-12121
-30462
-12074
-30481
-12027
-30499
-11980
-30518
-11934
-30536
-11887
-30554
-11840
-30572
-11793
-30590
-11746
-30608
-11699
-30626
-11652
-30644
-11605
-30662
-11558
-30680
-11511
-30697
-11464
-30715
-11417
-30732
-11370
-30750
-11323
-30767
-11276
-30784
-11228
-30801
-11181
-30818
-11134
-30836
-11086
-30852
-11039
-30869
-10992
-30886
-10944
-30903
-10897
-30920
-10850
-30936
-10802
-30953
-10755
-30969
-10707
-30986
-10660
-31002
-10612
-31018
-10565
-31034
-10517
-31050
-10469
-31066
-10422
-31082
-10374
-31098
-10326
-31114
-10279
-31130
-10231
-31146
-10183
-31161
-10135
-31176
-10088
-31192
-10040
-31207
-9992
-31223
-9944
-31238
-9896
-31253
-9848
-31268
-9800
-31283
-9752
-31298
-9704
-31313
-9656
-31328
-9608
-31342
-9560
-31357
-9512
-31372
-9464
-31386
-9416
-31400
-9368
-31415
-9319
-31429
-9271
-31443
-9223
-31457
-9175
-31471
-9126
-31485
-9078
-31499
-9030
-31513
-8982
-31527
-8933
-31540
-8885
-31554
-8836
-31568
-8788
-31581
-8740
-31594
-8691
-31608
-8643
-31621
-8594
-31634
-8546
-31647
-8497
-31660
-8448
-31673
-8400
-31686
-8351
-31699
-8303
-31711
-8254
-31724
-8206
-31736
-8157
-31749
-8108
-31761
-8059
-31774
-8011
-31786
-7962
-31798
-7913
-31810
-7864
-31822
-7816
-31834
-7767
-31846
-7718
-31858
-7669
-31870
-7620
-31881
-7571
-31893
-7522
-31904
-7473
-31916
-7424
-31927
-7376
-31938
-7326
-31950
-7278
-31961
-7228
-31972
-7180
-31983
-7130
-31994
-7081
-32004
-7032
-32015
-6983
-32026
-6934
-32036
-6885
-32047
-6836
-32058
-6787
-32068
-6737
-32078
-6688
-32088
-6639
-32098
-6590
-32108
-6540
-32118
-6491
-32128
-6442
-32138
-6393
-32148
-6343
-32158
-6294
-32167
-6245
-32177
-6195
-32186
-6146
-32196
-6097
-32205
-6047
-32214
-5998
-32224
-5948
-32233
-5899
-32242
-5850
-32250
-5800
-32259
-5750
-32268
-5701
-32277
-5652
-32286
-5602
-32294
-5552
-32302
-5503
-32311
-5453
-32319
-5404
-32328
-5354
-32336
-5305
-32344
-5255
-32352
-5205
-32360
-5156
-32368
-5106
-32376
-5056
-32383
-5007
-32391
-4957
-32398
-4907
-32406
-4858
-32413
-4808
-32421
-4758
-32428
-4708
-32435
-4659
-32442
-4609
-32449
-4559
-32456
-4510
-32463
-4460
-32470
-4410
-32476
-4360
-32483
-4310
-32490
-4260
-32496
-4211
-32503
-4161
-32509
-4111
-32515
-4061
-32522
-4011
-32528
-3961
-32534
-3911
-32540
-3861
-32546
-3812
-32551
-3762
-32557
-3712
-32563
-3662
-32568
-3612
-32574
-3562
-32579
-3512
-32584
-3462
-32590
-3412
-32595
-3362
-32600
-3312
-32605
-3262
-32610
-3212
-32615
-3162
-32620
-3112
-32625
-3062
-32629
-3012
-32634
-2962
-32638
-2912
-32643
-2861
-32647
-2811
-32651
-2761
-32656
-2711
-32660
-2661
-32664
-2611
-32668
-2561
-32672
-2511
-32675
-2461
-32679
-2410
-32683
-2360
-32686
-2310
-32690
-2260
-32693
-2210
-32697
-2160
-32700
-2110
-32703
-2060
-32706
-2009
-32709
-1959
-32712
-1909
-32715
-1859
-32718
-1809
-32721
-1758
-32723
-1708
-32726
-1658
-32728
-1608
-32731
-1558
-32733
-1507
-32736
-1457
-32738
-1407
-32740
-1357
-32742
-1306
-32744
-1256
-32746
-1206
-32748
-1156
-32749
-1106
-32751
-1055
-32752
-1005
-32754
-955
-32756
-905
-32757
-854
-32758
-804
-32759
-754
-32760
-704
-32761
-653
-32762
-603
-32763
-553
-32764
-503
-32765
-452
-32766
-402
-32766
-352
-32766
-302
-32767
-251
-32767
-201
-32768
-151
-32768
-100
-32768
-50
