4095
0
4095
-2
4095
-3
4095
-5
4095
-6
4095
-8
4095
-9
4095
-11
4095
-12
4095
-14
4095
-16
4095
-17
4095
-19
4095
-20
4095
-22
4095
-24
4095
-25
4095
-27
4095
-28
4095
-30
4095
-31
4095
-33
4095
-34
4095
-36
4095
-38
4095
-39
4095
-41
4095
-42
4095
-44
4095
-46
4095
-47
4095
-49
4095
-50
4095
-52
4095
-53
4095
-55
4095
-56
4095
-58
4095
-60
4095
-61
4095
-63
4095
-64
4095
-66
4095
-68
4095
-69
4095
-71
4095
-72
4095
-74
4095
-75
4095
-77
4095
-78
4095
-80
4095
-82
4095
-83
4095
-85
4095
-86
4095
-88
4095
-90
4095
-91
4095
-93
4095
-94
4095
-96
4095
-97
4095
-99
4095
-100
4095
-102
4095
-104
4095
-105
4094
-107
4094
-108
4094
-110
4094
-112
4094
-113
4094
-115
4094
-116
4094
-118
4094
-119
4094
-121
4094
-122
4094
-124
4094
-126
4094
-127
4094
-129
4094
-130
4094
-132
4094
-133
4094
-135
4094
-137
4094
-138
4094
-140
4094
-141
4094
-143
4093
-144
4093
-146
4093
-148
4093
-149
4093
-151
4093
-152
4093
-154
4093
-155
4093
-157
4093
-158
4093
-160
4093
-162
4093
-163
4093
-165
4092
-166
4092
-168
4092
-170
4092
-171
4092
-173
4092
-174
4092
-176
4092
-177
4092
-179
4092
-180
4092
-182
4092
-184
4092
-185
4092
-187
4092
-188
4092
-190
4092
-192
4091
-193
4091
-195
4091
-196
4091
-198
4091
-199
4091
-201
4091
-202
4091
-204
4091
-206
4091
-207
4091
-209
4090
-210
4090
-212
4090
-214
4090
-215
4090
-217
4090
-218
4090
-220
4090
-221
4090
-223
4090
-224
4090
-226
4090
-228
4090
-229
4089
-231
4089
-232
4089
-234
4089
-235
4089
-237
4089
-239
4089
-240
4089
-242
4089
-243
4089
-245
4088
-246
4088
-248
4088
-250
4088
-251
4088
-253
4088
-254
4088
-256
4088
-257
4088
-259
4088
-260
4088
-262
4088
-264
4087
-265
4087
-267
4087
-268
4087
-270
4087
-272
4087
-273
4087
-275
4087
-276
4086
-278
4086
-279
4086
-281
4086
-282
4086
-284
4086
-286
4086
-287
4086
-289
4086
-290
4086
-292
4085
-293
4085
-295
4085
-296
4085
-298
4085
-300
4085
-301
4085
-303
4085
-304
4084
-306
4084
-308
4084
-309
4084
-311
4084
-312
4084
-314
4084
-315
4084
-317
4084
-318
4083
-320
4083
-322
4083
-323
4083
-325
4083
-326
4083
-328
4083
-330
4082
-331
4082
-333
4082
-334
4082
-336
4082
-337
4082
-339
4082
-340
4082
-342
4082
-344
4081
-345
4081
-347
4081
-348
4081
-350
4081
-351
4081
-353
4081
-354
4080
-356
4080
-358
4080
-359
4080
-361
4080
-362
4080
-364
4080
-366
4080
-367
4079
-369
4079
-370
4079
-372
4079
-373
4079
-375
4079
-376
4078
-378
4078
-380
4078
-381
4078
-383
4078
-384
4078
-386
4078
-387
4077
-389
4077
-390
4077
-392
4077
-394
4077
-395
4077
-397
4076
-398
4076
-400
4076
-401
4076
-403
4076
-404
4076
-406
4076
-408
4075
-409
4075
-411
4075
-412
4075
-414
4075
-416
4075
-417
4074
-419
4074
-420
4074
-422
4074
-423
4074
-425
4074
-426
4074
-428
4073
-430
4073
-431
4073
-433
4073
-434
4073
-436
4072
-437
4072
-439
4072
-440
4072
-442
4072
-444
4072
-445
4072
-447
4071
-448
4071
-450
4071
-451
4071
-453
4071
-454
4070
-456
4070
-458
4070
-459
4070
-461
4070
-462
4070
-464
4069
-466
4069
-467
4069
-469
4069
-470
4069
-472
4068
-473
4068
-475
4068
-476
4068
-478
4068
-480
4068
-481
4067
-483
4067
-484
4067
-486
4067
-487
4067
-489
4066
-490
4066
-492
4066
-494
4066
-495
4066
-497
4066
-498
4065
-500
4065
-501
4065
-503
4065
-504
4064
-506
4064
-508
4064
-509
4064
-511
4064
-512
4064
-514
4063
-515
4063
-517
4063
-518
4063
-520
4063
-522
4062
-523
4062
-525
4062
-526
4062
-528
4062
-529
4061
-531
4061
-532
4061
-534
4061
-536
4060
-537
4060
-539
4060
-540
4060
-542
4060
-543
4060
-545
4059
-546
4059
-548
4059
-550
4059
-551
4058
-553
4058
-554
4058
-556
4058
-557
4058
-559
4057
-560
4057
-562
4057
-564
4057
-565
4056
-567
4056
-568
4056
-570
4056
-571
4056
-573
4055
-574
4055
-576
4055
-578
4055
-579
4054
-581
4054
-582
4054
-584
4054
-585
4054
-587
4053
-588
4053
-590
4053
-592
4053
-593
4052
-595
4052
-596
4052
-598
4052
-599
4052
-601
4051
-602
4051
-604
4051
-606
4051
-607
4050
-609
4050
-610
4050
-612
4050
-613
4050
-615
4049
-616
4049
-618
4049
-620
4048
-621
4048
-623
4048
-624
4048
-626
4048
-627
4047
-629
4047
-630
4047
-632
4047
-634
4046
-635
4046
-637
4046
-638
4046
-640
4045
-641
4045
-643
4045
-644
4045
-646
4044
-648
4044
-649
4044
-651
4044
-652
4043
-654
4043
-655
4043
-657
4043
-658
4042
-660
4042
-662
4042
-663
4042
-665
4041
-666
4041
-668
4041
-669
4041
-671
4040
-672
4040
-674
4040
-675
4040
-677
4039
-678
4039
-680
4039
-682
4038
-683
4038
-685
4038
-686
4038
-688
4038
-689
4037
-691
4037
-692
4037
-694
4036
-696
4036
-697
4036
-699
4036
-700
4035
-702
4035
-703
4035
-705
4034
-706
4034
-708
4034
-710
4034
-711
4034
-713
4033
-714
4033
-716
4033
-717
4032
-719
4032
-720
4032
-722
4032
-723
4031
-725
4031
-726
4031
-728
4030
-730
4030
-731
4030
-733
4030
-734
4029
-736
4029
-737
4029
-739
4028
-740
4028
-742
4028
-744
4028
-745
4027
-747
4027
-748
4027
-750
4026
-751
4026
-753
4026
-754
4026
-756
4025
-757
4025
-759
4025
-760
4024
-762
4024
-764
4024
-765
4024
-767
4023
-768
4023
-770
4023
-771
4022
-773
4022
-774
4022
-776
4022
-778
4021
-779
4021
-780
4021
-782
4020
-784
4020
-785
4020
-787
4019
-788
4019
-790
4019
-791
4018
-793
4018
-794
4018
-796
4018
-798
4017
-799
4017
-801
4017
-802
4016
-804
4016
-805
4016
-807
4015
-808
4015
-810
4015
-811
4014
-813
4014
-814
4014
-816
4014
-818
4013
-819
4013
-821
4013
-822
4012
-824
4012
-825
4012
-827
4011
-828
4011
-830
4011
-831
4010
-833
4010
-834
4010
-836
4009
-838
4009
-839
4009
-841
4008
-842
4008
-844
4008
-845
4008
-847
4007
-848
4007
-850
4006
-851
4006
-853
4006
-854
4006
-856
4005
-858
4005
-859
4004
-860
4004
-862
4004
-864
4004
-865
4003
-867
4003
-868
4002
-870
4002
-871
4002
-873
4002
-874
4001
-876
4001
-878
4000
-879
4000
-880
4000
-882
4000
-884
3999
-885
3999
-887
3998
-888
3998
-890
3998
-891
3998
-893
3997
-894
3997
-896
3996
-897
3996
-899
3996
-900
3995
-902
3995
-904
3995
-905
3994
-907
3994
-908
3994
-910
3993
-911
3993
-913
3993
-914
3992
-916
3992
-917
3992
-919
3991
-920
3991
-922
3990
-923
3990
-925
3990
-926
3989
-928
3989
-930
3989
-931
3988
-933
3988
-934
3988
-936
3987
-937
3987
-939
3986
-940
3986
-942
3986
-943
3986
-945
3985
-946
3985
-948
3984
-949
3984
-951
3984
-952
3983
-954
3983
-956
3982
-957
3982
-959
3982
-960
3982
-962
3981
-963
3981
-965
3980
-966
3980
-968
3980
-969
3979
-971
3979
-972
3978
-974
3978
-975
3978
-977
3977
-978
3977
-980
3977
-982
3976
-983
3976
-984
3976
-986
3975
-988
3975
-989
3974
-991
3974
-992
3974
-994
3973
-995
3973
-997
3972
-998
3972
-1000
3972
-1001
3971
-1003
3971
-1004
3970
-1006
3970
-1007
3970
-1009
3969
-1010
3969
-1012
3969
-1014
3968
-1015
3968
-1016
3967
-1018
3967
-1020
3967
-1021
3966
-1023
3966
-1024
3965
-1026
3965
-1027
3965
-1029
3964
-1030
3964
-1032
3964
-1033
3963
-1035
3963
-1036
3962
-1038
3962
-1039
3962
-1041
3961
-1042
3961
-1044
3960
-1045
3960
-1047
3960
-1048
3959
-1050
3959
-1052
3958
-1053
3958
-1054
3958
-1056
3957
-1058
3957
-1059
3956
-1061
3956
-1062
3955
-1064
3955
-1065
3955
-1067
3954
-1068
3954
-1070
3953
-1071
3953
-1073
3952
-1074
3952
-1076
3952
-1077
3951
-1079
3951
-1080
3950
-1082
3950
-1083
3950
-1085
3949
-1086
3949
-1088
3948
-1089
3948
-1091
3948
-1092
3947
-1094
3947
-1095
3946
-1097
3946
-1098
3946
-1100
3945
-1102
3945
-1103
3944
-1104
3944
-1106
3943
-1108
3943
-1109
3942
-1110
3942
-1112
3942
-1114
3941
-1115
3941
-1117
3940
-1118
3940
-1120
3940
-1121
3939
-1123
3939
-1124
3938
-1126
3938
-1127
3937
-1129
3937
-1130
3936
-1132
3936
-1133
3936
-1135
3935
-1136
3935
-1138
3934
-1139
3934
-1141
3933
-1142
3933
-1144
3932
-1145
3932
-1147
3932
-1148
3931
-1150
3931
-1151
3930
-1153
3930
-1154
3930
-1156
3929
-1157
3929
-1159
3928
-1160
3928
-1162
3927
-1163
3927
-1165
3926
-1166
3926
-1168
3926
-1169
3925
-1171
3924
-1172
3924
-1174
3924
-1175
3923
-1177
3923
-1178
3922
-1180
3922
-1181
3921
-1183
3921
-1184
3920
-1186
3920
-1188
3920
-1189
3919
-1190
3919
-1192
3918
-1194
3918
-1195
3917
-1196
3917
-1198
3916
-1200
3916
-1201
3916
-1202
3915
-1204
3914
-1206
3914
-1207
3914
-1208
3913
-1210
3913
-1212
3912
-1213
3912
-1214
3911
-1216
3911
-1218
3910
-1219
3910
-1220
3909
-1222
3909
-1224
3908
-1225
3908
-1226
3908
-1228
3907
-1230
3907
-1231
3906
-1232
3906
-1234
3905
-1236
3905
-1237
3904
-1238
3904
-1240
3903
-1242
3903
-1243
3902
-1244
3902
-1246
3901
-1247
3901
-1249
3900
-1250
3900
-1252
3899
-1253
3899
-1255
3898
-1256
3898
-1258
3898
-1259
3897
-1261
3896
-1262
3896
-1264
3896
-1265
3895
-1267
3895
-1268
3894
-1270
3894
-1271
3893
-1273
3893
-1274
3892
-1276
3892
-1277
3891
-1279
3891
-1280
3890
-1282
3890
-1283
3889
-1285
3889
-1286
3888
-1288
3888
-1289
3887
-1291
3887
-1292
3886
-1294
3886
-1295
3885
-1297
3885
-1298
3884
-1300
3884
-1301
3883
-1303
3883
-1304
3882
-1306
3882
-1307
3881
-1309
3881
-1310
3880
-1312
3880
-1313
3879
-1315
3879
-1316
3878
-1318
3878
-1319
3877
-1320
3877
-1322
3876
-1324
3876
-1325
3875
-1326
3875
-1328
3874
-1329
3874
-1331
3873
-1332
3873
-1334
3872
-1335
3872
-1337
3871
-1338
3871
-1340
3870
-1341
3870
-1343
3869
-1344
3868
-1346
3868
-1347
3868
-1349
3867
-1350
3866
-1352
3866
-1353
3865
-1355
3865
-1356
3864
-1358
3864
-1359
3863
-1361
3863
-1362
3862
-1364
3862
-1365
3861
-1366
3861
-1368
3860
-1370
3860
-1371
3859
-1372
3859
-1374
3858
-1375
3858
-1377
3857
-1378
3856
-1380
3856
-1381
3856
-1383
3855
-1384
3854
-1386
3854
-1387
3853
-1389
3853
-1390
3852
-1392
3852
-1393
3851
-1395
3851
-1396
3850
-1398
3850
-1399
3849
-1400
3848
-1402
3848
-1404
3847
-1405
3847
-1406
3846
-1408
3846
-1409
3845
-1411
3845
-1412
3844
-1414
3844
-1415
3843
-1417
3842
-1418
3842
-1420
3842
-1421
3841
-1423
3840
-1424
3840
-1426
3839
-1427
3839
-1428
3838
-1430
3838
-1432
3837
-1433
3836
-1434
3836
-1436
3835
-1437
3835
-1439
3834
-1440
3834
-1442
3833
-1443
3833
-1445
3832
-1446
3832
-1448
3831
-1449
3830
-1451
3830
-1452
3829
-1454
3829
-1455
3828
-1456
3828
-1458
3827
-1459
3826
-1461
3826
-1462
3825
-1464
3825
-1465
3824
-1467
3824
-1468
3823
-1470
3823
-1471
3822
-1473
3822
-1474
3821
-1476
3820
-1477
3820
-1478
3819
-1480
3819
-1481
3818
-1483
3818
-1484
3817
-1486
3816
-1487
3816
-1489
3815
-1490
3815
-1492
3814
-1493
3814
-1495
3813
-1496
3812
-1498
3812
-1499
3811
-1500
3811
-1502
3810
-1503
3810
-1505
3809
-1506
3808
-1508
3808
-1509
3807
-1511
3807
-1512
3806
-1514
3805
-1515
3805
-1516
3804
-1518
3804
-1519
3803
-1521
3802
-1522
3802
-1524
3801
-1525
3801
-1527
3800
-1528
3800
-1530
3799
-1531
3798
-1532
3798
-1534
3797
-1535
3797
-1537
3796
-1538
3796
-1540
3795
-1541
3794
-1543
3794
-1544
3793
-1546
3792
-1547
3792
-1548
3791
-1550
3791
-1551
3790
-1553
3790
-1554
3789
-1556
3788
-1557
3788
-1559
3787
-1560
3786
-1562
3786
-1563
3785
-1564
3785
-1566
3784
-1567
3784
-1569
3783
-1570
3782
-1572
3782
-1573
3781
-1575
3780
-1576
3780
-1578
3779
-1579
3779
-1580
3778
-1582
3778
-1583
3777
-1585
3776
-1586
3776
-1588
3775
-1589
3774
-1591
3774
-1592
3773
-1594
3773
-1595
3772
-1596
3771
-1598
3771
-1599
3770
-1601
3770
-1602
3769
-1604
3768
-1605
3768
-1606
3767
-1608
3766
-1609
3766
-1611
3765
-1612
3765
-1614
3764
-1615
3763
-1617
3763
-1618
3762
-1620
3762
-1621
3761
-1622
3760
-1624
3760
-1625
3759
-1627
3758
-1628
3758
-1630
3757
-1631
3756
-1632
3756
-1634
3755
-1635
3755
-1637
3754
-1638
3753
-1640
3753
-1641
3752
-1642
3752
-1644
3751
-1645
3750
-1647
3750
-1648
3749
-1650
3748
-1651
3748
-1653
3747
-1654
3746
-1656
3746
-1657
3745
-1658
3744
-1660
3744
-1661
3743
-1663
3743
-1664
3742
-1666
3741
-1667
3741
-1668
3740
-1670
3739
-1671
3739
-1673
3738
-1674
3738
-1676
3737
-1677
3736
-1678
3736
-1680
3735
-1681
3734
-1683
3734
-1684
3733
-1686
3732
-1687
3732
-1688
3731
-1690
3730
-1691
3730
-1693
3729
-1694
3728
-1696
3728
-1697
3727
-1698
3726
-1700
3726
-1701
3725
-1703
3724
-1704
3724
-1706
3723
-1707
3723
-1708
3722
-1710
3721
-1711
3721
-1713
3720
-1714
3719
-1716
3719
-1717
3718
-1718
3717
-1720
3717
-1721
3716
-1723
3715
-1724
3715
-1726
3714
-1727
3713
-1728
3713
-1730
3712
-1731
3711
-1733
3711
-1734
3710
-1736
3709
-1737
3709
-1738
3708
-1740
3707
-1741
3707
-1743
3706
-1744
3705
-1746
3705
-1747
3704
-1748
3703
-1750
3703
-1751
3702
-1753
3701
-1754
3701
-1756
3700
-1757
3699
-1758
3699
-1760
3698
-1761
3697
-1762
3697
-1764
3696
-1765
3695
-1767
3695
-1768
3694
-1770
3693
-1771
3692
-1772
3692
-1774
3691
-1775
3690
-1777
3690
-1778
3689
-1780
3688
-1781
3688
-1782
3687
-1784
3686
-1785
3686
-1787
3685
-1788
3684
-1790
3684
-1791
3683
-1792
3682
-1794
3682
-1795
3681
-1796
3680
-1798
3680
-1799
3679
-1801
3678
-1802
3678
-1804
3677
-1805
3676
-1806
3675
-1808
3675
-1809
3674
-1811
3673
-1812
3673
-1813
3672
-1815
3671
-1816
3670
-1818
3670
-1819
3669
-1820
3668
-1822
3668
-1823
3667
-1825
3666
-1826
3666
-1828
3665
-1829
3664
-1830
3664
-1832
3663
-1833
3662
-1834
3661
-1836
3661
-1837
3660
-1839
3659
-1840
3659
-1842
3658
-1843
3657
-1844
3656
-1846
3656
-1847
3655
-1848
3654
-1850
3654
-1851
3653
-1853
3652
-1854
3652
-1856
3651
-1857
3650
-1858
3649
-1860
3649
-1861
3648
-1862
3647
-1864
3646
-1865
3646
-1867
3645
-1868
3644
-1870
3644
-1871
3643
-1872
3642
-1874
3642
-1875
3641
-1876
3640
-1878
3639
-1879
3639
-1881
3638
-1882
3637
-1884
3636
-1885
3636
-1886
3635
-1888
3634
-1889
3634
-1890
3633
-1892
3632
-1893
3631
-1895
3631
-1896
3630
-1898
3629
-1899
3628
-1900
3628
-1902
3627
-1903
3626
-1904
3626
-1906
3625
-1907
3624
-1909
3623
-1910
3623
-1911
3622
-1913
3621
-1914
3620
-1916
3620
-1917
3619
-1918
3618
-1920
3618
-1921
3617
-1922
3616
-1924
3615
-1925
3614
-1927
3614
-1928
3613
-1929
3612
-1931
3612
-1932
3611
-1934
3610
-1935
3609
-1936
3609
-1938
3608
-1939
3607
-1940
3606
-1942
3606
-1943
3605
-1945
3604
-1946
3603
-1947
3603
-1949
3602
-1950
3601
-1952
3600
-1953
3600
-1954
3599
-1956
3598
-1957
3597
-1958
3597
-1960
3596
-1961
3595
-1963
3594
-1964
3594
-1965
3593
-1967
3592
-1968
3591
-1970
3591
-1971
3590
-1972
3589
-1974
3588
-1975
3588
-1976
3587
-1978
3586
-1979
3585
-1980
3584
-1982
3584
-1983
3583
-1985
3582
-1986
3582
-1987
3581
-1989
3580
-1990
3579
-1992
3578
-1993
3578
-1994
3577
-1996
3576
-1997
3575
-1998
3575
-2000
3574
-2001
3573
-2002
3572
-2004
3572
-2005
3571
-2006
3570
-2008
3569
-2009
3568
-2011
3568
-2012
3567
-2013
3566
-2015
3565
-2016
3565
-2018
3564
-2019
3563
-2020
3562
-2022
3562
-2023
3561
-2024
3560
-2026
3559
-2027
3558
-2028
3558
-2030
3557
-2031
3556
-2032
3555
-2034
3554
-2035
3554
-2037
3553
-2038
3552
-2039
3551
-2041
3551
-2042
3550
-2043
3549
-2045
3548
-2046
3548
-2048
3547
-2049
3546
-2050
3545
-2052
3544
-2053
3544
-2054
3543
-2056
3542
-2057
3541
-2058
3540
-2060
3540
-2061
3539
-2062
3538
-2064
3537
-2065
3536
-2066
3536
-2068
3535
-2069
3534
-2071
3533
-2072
3532
-2073
3532
-2075
3531
-2076
3530
-2077
3529
-2079
3528
-2080
3528
-2081
3527
-2083
3526
-2084
3525
-2086
3524
-2087
3524
-2088
3523
-2090
3522
-2091
3521
-2092
3520
-2094
3520
-2095
3519
-2096
3518
-2098
3517
-2099
3516
-2100
3516
-2102
3515
-2103
3514
-2104
3513
-2106
3512
-2107
3512
-2108
3511
-2110
3510
-2111
3509
-2112
3508
-2114
3508
-2115
3507
-2116
3506
-2118
3505
-2119
3504
-2120
3504
-2122
3503
-2123
3502
-2124
3501
-2126
3500
-2127
3499
-2128
3499
-2130
3498
-2131
3497
-2133
3496
-2134
3495
-2135
3494
-2137
3494
-2138
3493
-2139
3492
-2141
3491
-2142
3490
-2143
3490
-2145
3489
-2146
3488
-2147
3487
-2149
3486
-2150
3486
-2151
3485
-2153
3484
-2154
3483
-2155
3482
-2157
3481
-2158
3480
-2159
3480
-2161
3479
-2162
3478
-2163
3477
-2165
3476
-2166
3476
-2167
3475
-2169
3474
-2170
3473
-2171
3472
-2173
3471
-2174
3470
-2175
3470
-2177
3469
-2178
3468
-2179
3467
-2181
3466
-2182
3466
-2183
3465
-2185
3464
-2186
3463
-2187
3462
-2189
3461
-2190
3460
-2191
3460
-2193
3459
-2194
3458
-2195
3457
-2197
3456
-2198
3455
-2199
3455
-2201
3454
-2202
3453
-2203
3452
-2204
3451
-2206
3450
-2207
3450
-2208
3449
-2210
3448
-2211
3447
-2212
3446
-2214
3445
-2215
3444
-2216
3444
-2218
3443
-2219
3442
-2220
3441
-2222
3440
-2223
3439
-2224
3438
-2226
3438
-2227
3437
-2228
3436
-2230
3435
-2231
3434
-2232
3433
-2234
3432
-2235
3432
-2236
3431
-2238
3430
-2239
3429
-2240
3428
-2242
3427
-2243
3426
-2244
3426
-2245
3425
-2247
3424
-2248
3423
-2249
3422
-2251
3421
-2252
3420
-2253
3420
-2255
3419
-2256
3418
-2257
3417
-2258
3416
-2260
3415
-2261
3414
-2262
3414
-2264
3413
-2265
3412
-2266
3411
-2268
3410
-2269
3409
-2270
3408
-2272
3407
-2273
3406
-2274
3406
-2276
3405
-2277
3404
-2278
3403
-2280
3402
-2281
3401
-2282
3400
-2283
3400
-2285
3399
-2286
3398
-2287
3397
-2289
3396
-2290
3395
-2291
3394
-2292
3393
-2294
3392
-2295
3392
-2296
3391
-2298
3390
-2299
3389
-2300
3388
-2302
3387
-2303
3386
-2304
3385
-2306
3384
-2307
3384
-2308
3383
-2309
3382
-2311
3381
-2312
3380
-2313
3379
-2315
3378
-2316
3378
-2317
3377
-2318
3376
-2320
3375
-2321
3374
-2322
3373
-2324
3372
-2325
3371
-2326
3370
-2328
3369
-2329
3368
-2330
3368
-2331
3367
-2333
3366
-2334
3365
-2335
3364
-2337
3363
-2338
3362
-2339
3361
-2340
3360
-2342
3360
-2343
3359
-2344
3358
-2346
3357
-2347
3356
-2348
3355
-2350
3354
-2351
3353
-2352
3352
-2353
3352
-2355
3351
-2356
3350
-2357
3349
-2358
3348
-2360
3347
-2361
3346
-2362
3345
-2364
3344
-2365
3343
-2366
3342
-2367
3342
-2369
3341
-2370
3340
-2371
3339
-2372
3338
-2374
3337
-2375
3336
-2376
3335
-2378
3334
-2379
3333
-2380
3332
-2382
3332
-2383
3331
-2384
3330
-2385
3329
-2387
3328
-2388
3327
-2389
3326
-2390
3325
-2392
3324
-2393
3323
-2394
3322
-2396
3321
-2397
3320
-2398
3320
-2399
3319
-2401
3318
-2402
3317
-2403
3316
-2404
3315
-2406
3314
-2407
3313
-2408
3312
-2410
3311
-2411
3310
-2412
3309
-2413
3308
-2415
3308
-2416
3307
-2417
3306
-2418
3305
-2420
3304
-2421
3303
-2422
3302
-2424
3301
-2425
3300
-2426
3299
-2427
3298
-2428
3297
-2430
3296
-2431
3296
-2432
3294
-2434
3294
-2435
3293
-2436
3292
-2437
3291
-2439
3290
-2440
3289
-2441
3288
-2442
3287
-2444
3286
-2445
3285
-2446
3284
-2448
3283
-2449
3282
-2450
3281
-2451
3280
-2452
3280
-2454
3279
-2455
3278
-2456
3277
-2458
3276
-2459
3275
-2460
3274
-2461
3273
-2463
3272
-2464
3271
-2465
3270
-2466
3269
-2468
3268
-2469
3267
-2470
3266
-2471
3265
-2473
3264
-2474
3264
-2475
3262
-2476
3262
-2478
3261
-2479
3260
-2480
3259
-2481
3258
-2483
3257
-2484
3256
-2485
3255
-2486
3254
-2488
3253
-2489
3252
-2490
3251
-2491
3250
-2493
3249
-2494
3248
-2495
3247
-2496
3246
-2498
3245
-2499
3244
-2500
3244
-2501
3242
-2502
3242
-2504
3241
-2505
3240
-2506
3239
-2508
3238
-2509
3237
-2510
3236
-2511
3235
-2512
3234
-2514
3233
-2515
3232
-2516
3231
-2518
3230
-2519
3229
-2520
3228
-2521
3227
-2522
3226
-2524
3225
-2525
3224
-2526
3223
-2527
3222
-2529
3221
-2530
3220
-2531
3219
-2532
3218
-2534
3217
-2535
3216
-2536
3215
-2537
3214
-2538
3214
-2540
3212
-2541
3212
-2542
3210
-2543
3210
-2545
3209
-2546
3208
-2547
3207
-2548
3206
-2550
3205
-2551
3204
-2552
3203
-2553
3202
-2554
3201
-2556
3200
-2557
3199
-2558
3198
-2559
3197
-2561
3196
-2562
3195
-2563
3194
-2564
3193
-2566
3192
-2567
3191
-2568
3190
-2569
3189
-2570
3188
-2572
3187
-2573
3186
-2574
3185
-2575
3184
-2576
3183
-2578
3182
-2579
3181
-2580
3180
-2581
3179
-2583
3178
-2584
3177
-2585
3176
-2586
3175
-2588
3174
-2589
3173
-2590
3172
-2591
3171
-2592
3170
-2594
3169
-2595
3168
-2596
3167
-2597
3166
-2598
3165
-2600
3164
-2601
3163
-2602
3162
-2603
3161
-2604
3160
-2606
3159
-2607
3158
-2608
3157
-2609
3156
-2610
3155
-2612
3154
-2613
3153
-2614
3152
-2615
3151
-2617
3150
-2618
3149
-2619
3148
-2620
3147
-2621
3146
-2623
3145
-2624
3144
-2625
3143
-2626
3142
-2628
3141
-2629
3140
-2630
3139
-2631
3138
-2632
3137
-2634
3136
-2635
3135
-2636
3134
-2637
3133
-2638
3132
-2640
3131
-2641
3130
-2642
3129
-2643
3128
-2644
3127
-2646
3126
-2647
3125
-2648
3124
-2649
3123
-2650
3122
-2652
3121
-2653
3120
-2654
3119
-2655
3118
-2656
3117
-2658
3116
-2659
3115
-2660
3114
-2661
3113
-2662
3112
-2663
3111
-2665
3110
-2666
3109
-2667
3108
-2668
3107
-2669
3106
-2671
3104
-2672
3104
-2673
3102
-2674
3102
-2675
3100
-2676
3099
-2678
3098
-2679
3097
-2680
3096
-2681
3095
-2682
3094
-2684
3093
-2685
3092
-2686
3091
-2687
3090
-2688
3089
-2690
3088
-2691
3087
-2692
3086
-2693
3085
-2694
3084
-2696
3083
-2697
3082
-2698
3081
-2699
3080
-2700
3079
-2701
3078
-2703
3077
-2704
3076
-2705
3075
-2706
3074
-2707
3072
-2708
3072
-2710
3070
-2711
3070
-2712
3068
-2713
3067
-2714
3066
-2716
3065
-2717
3064
-2718
3063
-2719
3062
-2720
3061
-2721
3060
-2723
3059
-2724
3058
-2725
3057
-2726
3056
-2727
3055
-2728
3054
-2730
3053
-2731
3052
-2732
3051
-2733
3050
-2734
3048
-2736
3048
-2737
3046
-2738
3045
-2739
3044
-2740
3043
-2741
3042
-2742
3041
-2744
3040
-2745
3039
-2746
3038
-2747
3037
-2748
3036
-2750
3035
-2751
3034
-2752
3033
-2753
3032
-2754
3031
-2755
3030
-2756
3028
-2758
3028
-2759
3026
-2760
3025
-2761
3024
-2762
3023
-2763
3022
-2765
3021
-2766
3020
-2767
3019
-2768
3018
-2769
3017
-2770
3016
-2772
3015
-2773
3014
-2774
3013
-2775
3012
-2776
3010
-2777
3009
-2778
3008
-2780
3007
-2781
3006
-2782
3005
-2783
3004
-2784
3003
-2785
3002
-2786
3001
-2788
3000
-2789
2999
-2790
2998
-2791
2997
-2792
2996
-2793
2994
-2795
2993
-2796
2992
-2797
2991
-2798
2990
-2799
2989
-2800
2988
-2802
2987
-2803
2986
-2804
2985
-2805
2984
-2806
2983
-2807
2982
-2808
2980
-2810
2979
-2811
2978
-2812
2977
-2813
2976
-2814
2975
-2815
2974
-2816
2973
-2818
2972
-2819
2971
-2820
2970
-2821
2969
-2822
2968
-2823
2966
-2824
2965
-2825
2964
-2827
2963
-2828
2962
-2829
2961
-2830
2960
-2831
2959
-2832
2958
-2833
2957
-2834
2956
-2836
2954
-2837
2953
-2838
2952
-2839
2951
-2840
2950
-2841
2949
-2842
2948
-2844
2947
-2845
2946
-2846
2945
-2847
2944
-2848
2942
-2849
2941
-2850
2940
-2852
2939
-2853
2938
-2854
2937
-2855
2936
-2856
2935
-2857
2934
-2858
2933
-2859
2932
-2860
2930
-2862
2929
-2863
2928
-2864
2927
-2865
2926
-2866
2925
-2867
2924
-2868
2923
-2870
2922
-2871
2921
-2872
2920
-2873
2918
-2874
2917
-2875
2916
-2876
2915
-2877
2914
-2878
2913
-2880
2912
-2881
2911
-2882
2910
-2883
2908
-2884
2907
-2885
2906
-2886
2905
-2887
2904
-2888
2903
-2890
2902
-2891
2901
-2892
2900
-2893
2898
-2894
2897
-2895
2896
-2896
2895
-2897
2894
-2898
2893
-2900
2892
-2901
2891
-2902
2890
-2903
2888
-2904
2887
-2905
2886
-2906
2885
-2907
2884
-2908
2883
-2910
2882
-2911
2881
-2912
2880
-2913
2878
-2914
2877
-2915
2876
-2916
2875
-2917
2874
-2918
2873
-2920
2872
-2921
2871
-2922
2870
-2923
2868
-2924
2867
-2925
2866
-2926
2865
-2927
2864
-2928
2863
-2929
2862
-2930
2860
-2932
2859
-2933
2858
-2934
2857
-2935
2856
-2936
2855
-2937
2854
-2938
2853
-2939
2852
-2940
2850
-2941
2849
-2942
2848
-2944
2847
-2945
2846
-2946
2845
-2947
2844
-2948
2842
-2949
2841
-2950
2840
-2951
2839
-2952
2838
-2953
2837
-2954
2836
-2956
2834
-2957
2833
-2958
2832
-2959
2831
-2960
2830
-2961
2829
-2962
2828
-2963
2827
-2964
2825
-2965
2824
-2966
2823
-2968
2822
-2969
2821
-2970
2820
-2971
2819
-2972
2818
-2973
2816
-2974
2815
-2975
2814
-2976
2813
-2977
2812
-2978
2811
-2979
2810
-2980
2808
-2982
2807
-2983
2806
-2984
2805
-2985
2804
-2986
2803
-2987
2802
-2988
2800
-2989
2799
-2990
2798
-2991
2797
-2992
2796
-2993
2795
-2994
2793
-2996
2792
-2997
2791
-2998
2790
-2999
2789
-3000
2788
-3001
2786
-3002
2785
-3003
2784
-3004
2783
-3005
2782
-3006
2781
-3007
2780
-3008
2778
-3009
2777
-3010
2776
-3012
2775
-3013
2774
-3014
2773
-3015
2772
-3016
2770
-3017
2769
-3018
2768
-3019
2767
-3020
2766
-3021
2765
-3022
2763
-3023
2762
-3024
2761
-3025
2760
-3026
2759
-3028
2758
-3028
2756
-3030
2755
-3031
2754
-3032
2753
-3033
2752
-3034
2751
-3035
2750
-3036
2748
-3037
2747
-3038
2746
-3039
2745
-3040
2744
-3041
2742
-3042
2741
-3043
2740
-3044
2739
-3045
2738
-3046
2737
-3048
2736
-3048
2734
-3050
2733
-3051
2732
-3052
2731
-3053
2730
-3054
2728
-3055
2727
-3056
2726
-3057
2725
-3058
2724
-3059
2723
-3060
2721
-3061
2720
-3062
2719
-3063
2718
-3064
2717
-3065
2716
-3066
2714
-3067
2713
-3068
2712
-3070
2711
-3070
2710
-3072
2708
-3072
2707
-3074
2706
-3075
2705
-3076
2704
-3077
2703
-3078
2701
-3079
2700
-3080
2699
-3081
2698
-3082
2697
-3083
2696
-3084
2694
-3085
2693
-3086
2692
-3087
2691
-3088
2690
-3089
2688
-3090
2687
-3091
2686
-3092
2685
-3093
2684
-3094
2682
-3095
2681
-3096
2680
-3097
2679
-3098
2678
-3099
2676
-3100
2675
-3102
2674
-3102
2673
-3104
2672
-3104
2671
-3106
2669
-3107
2668
-3108
2667
-3109
2666
-3110
2665
-3111
2663
-3112
2662
-3113
2661
-3114
2660
-3115
2659
-3116
2658
-3117
2656
-3118
2655
-3119
2654
-3120
2653
-3121
2652
-3122
2650
-3123
2649
-3124
2648
-3125
2647
-3126
2646
-3127
2644
-3128
2643
-3129
2642
-3130
2641
-3131
2640
-3132
2638
-3133
2637
-3134
2636
-3135
2635
-3136
2634
-3137
2632
-3138
2631
-3139
2630
-3140
2629
-3141
2628
-3142
2626
-3143
2625
-3144
2624
-3145
2623
-3146
2621
-3147
2620
-3148
2619
-3149
2618
-3150
2617
-3151
2615
-3152
2614
-3153
2613
-3154
2612
-3155
2610
-3156
2609
-3157
2608
-3158
2607
-3159
2606
-3160
2604
-3161
2603
-3162
2602
-3163
2601
-3164
2600
-3165
2598
-3166
2597
-3167
2596
-3168
2595
-3169
2594
-3170
2592
-3171
2591
-3172
2590
-3173
2589
-3174
2588
-3175
2586
-3176
2585
-3177
2584
-3178
2583
-3179
2581
-3180
2580
-3181
2579
-3182
2578
-3183
2576
-3184
2575
-3185
2574
-3186
2573
-3187
2572
-3188
2570
-3189
2569
-3190
2568
-3191
2567
-3192
2566
-3193
2564
-3194
2563
-3195
2562
-3196
2561
-3197
2559
-3198
2558
-3199
2557
-3200
2556
-3201
2554
-3202
2553
-3203
2552
-3204
2551
-3205
2550
-3206
2548
-3207
2547
-3208
2546
-3209
2545
-3210
2543
-3210
2542
-3212
2541
-3212
2540
-3214
2538
-3214
2537
-3215
2536
-3216
2535
-3217
2534
-3218
2532
-3219
2531
-3220
2530
-3221
2529
-3222
2527
-3223
2526
-3224
2525
-3225
2524
-3226
2522
-3227
2521
-3228
2520
-3229
2519
-3230
2518
-3231
2516
-3232
2515
-3233
2514
-3234
2512
-3235
2511
-3236
2510
-3237
2509
-3238
2508
-3239
2506
-3240
2505
-3241
2504
-3242
2502
-3242
2501
-3244
2500
-3244
2499
-3245
2498
-3246
2496
-3247
2495
-3248
2494
-3249
2493
-3250
2491
-3251
2490
-3252
2489
-3253
2488
-3254
2486
-3255
2485
-3256
2484
-3257
2483
-3258
2481
-3259
2480
-3260
2479
-3261
2478
-3262
2476
-3262
2475
-3264
2474
-3264
2473
-3265
2471
-3266
2470
-3267
2469
-3268
2468
-3269
2466
-3270
2465
-3271
2464
-3272
2463
-3273
2461
-3274
2460
-3275
2459
-3276
2458
-3277
2456
-3278
2455
-3279
2454
-3280
2452
-3280
2451
-3281
2450
-3282
2449
-3283
2448
-3284
2446
-3285
2445
-3286
2444
-3287
2442
-3288
2441
-3289
2440
-3290
2439
-3291
2437
-3292
2436
-3293
2435
-3294
2434
-3294
2432
-3296
2431
-3296
2430
-3297
2428
-3298
2427
-3299
2426
-3300
2425
-3301
2424
-3302
2422
-3303
2421
-3304
2420
-3305
2418
-3306
2417
-3307
2416
-3308
2415
-3308
2413
-3309
2412
-3310
2411
-3311
2410
-3312
2408
-3313
2407
-3314
2406
-3315
2404
-3316
2403
-3317
2402
-3318
2401
-3319
2399
-3320
2398
-3320
2397
-3321
2396
-3322
2394
-3323
2393
-3324
2392
-3325
2390
-3326
2389
-3327
2388
-3328
2387
-3329
2385
-3330
2384
-3331
2383
-3332
2382
-3332
2380
-3333
2379
-3334
2378
-3335
2376
-3336
2375
-3337
2374
-3338
2372
-3339
2371
-3340
2370
-3341
2369
-3342
2367
-3342
2366
-3343
2365
-3344
2364
-3345
2362
-3346
2361
-3347
2360
-3348
2358
-3349
2357
-3350
2356
-3351
2355
-3352
2353
-3352
2352
-3353
2351
-3354
2350
-3355
2348
-3356
2347
-3357
2346
-3358
2344
-3359
2343
-3360
2342
-3360
2340
-3361
2339
-3362
2338
-3363
2337
-3364
2335
-3365
2334
-3366
2333
-3367
2331
-3368
2330
-3368
2329
-3369
2328
-3370
2326
-3371
2325
-3372
2324
-3373
2322
-3374
2321
-3375
2320
-3376
2318
-3377
2317
-3378
2316
-3378
2315
-3379
2313
-3380
2312
-3381
2311
-3382
2309
-3383
2308
-3384
2307
-3384
2306
-3385
2304
-3386
2303
-3387
2302
-3388
2300
-3389
2299
-3390
2298
-3391
2296
-3392
2295
-3392
2294
-3393
2292
-3394
2291
-3395
2290
-3396
2289
-3397
2287
-3398
2286
-3399
2285
-3400
2283
-3400
2282
-3401
2281
-3402
2280
-3403
2278
-3404
2277
-3405
2276
-3406
2274
-3406
2273
-3407
2272
-3408
2270
-3409
2269
-3410
2268
-3411
2266
-3412
2265
-3413
2264
-3414
2262
-3414
2261
-3415
2260
-3416
2258
-3417
2257
-3418
2256
-3419
2255
-3420
2253
-3420
2252
-3421
2251
-3422
2249
-3423
2248
-3424
2247
-3425
2245
-3426
2244
-3426
2243
-3427
2242
-3428
2240
-3429
2239
-3430
2238
-3431
2236
-3432
2235
-3432
2234
-3433
2232
-3434
2231
-3435
2230
-3436
2228
-3437
2227
-3438
2226
-3438
2224
-3439
2223
-3440
2222
-3441
2220
-3442
2219
-3443
2218
-3444
2216
-3444
2215
-3445
2214
-3446
2212
-3447
2211
-3448
2210
-3449
2208
-3450
2207
-3450
2206
-3451
2204
-3452
2203
-3453
2202
-3454
2201
-3455
2199
-3455
2198
-3456
2197
-3457
2195
-3458
2194
-3459
2193
-3460
2191
-3460
2190
-3461
2189
-3462
2187
-3463
2186
-3464
2185
-3465
2183
-3466
2182
-3466
2181
-3467
2179
-3468
2178
-3469
2177
-3470
2175
-3470
2174
-3471
2173
-3472
2171
-3473
2170
-3474
2169
-3475
2167
-3476
2166
-3476
2165
-3477
2163
-3478
2162
-3479
2161
-3480
2159
-3480
2158
-3481
2157
-3482
2155
-3483
2154
-3484
2153
-3485
2151
-3486
2150
-3486
2149
-3487
2147
-3488
2146
-3489
2145
-3490
2143
-3490
2142
-3491
2141
-3492
2139
-3493
2138
-3494
2137
-3494
2135
-3495
2134
-3496
2133
-3497
2131
-3498
2130
-3499
2128
-3499
2127
-3500
2126
-3501
2124
-3502
2123
-3503
2122
-3504
2120
-3504
2119
-3505
2118
-3506
2116
-3507
2115
-3508
2114
-3508
2112
-3509
2111
-3510
2110
-3511
2108
-3512
2107
-3512
2106
-3513
2104
-3514
2103
-3515
2102
-3516
2100
-3516
2099
-3517
2098
-3518
2096
-3519
2095
-3520
2094
-3520
2092
-3521
2091
-3522
2090
-3523
2088
-3524
2087
-3524
2086
-3525
2084
-3526
2083
-3527
2081
-3528
2080
-3528
2079
-3529
2077
-3530
2076
-3531
2075
-3532
2073
-3532
2072
-3533
2071
-3534
2069
-3535
2068
-3536
2066
-3536
2065
-3537
2064
-3538
2062
-3539
2061
-3540
2060
-3540
2058
-3541
2057
-3542
2056
-3543
2054
-3544
2053
-3544
2052
-3545
2050
-3546
2049
-3547
2048
-3548
2046
-3548
2045
-3549
2043
-3550
2042
-3551
2041
-3551
2039
-3552
2038
-3553
2037
-3554
2035
-3554
2034
-3555
2032
-3556
2031
-3557
2030
-3558
2028
-3558
2027
-3559
2026
-3560
2024
-3561
2023
-3562
2022
-3562
2020
-3563
2019
-3564
2018
-3565
2016
-3565
2015
-3566
2013
-3567
2012
-3568
2011
-3568
2009
-3569
2008
-3570
2006
-3571
2005
-3572
2004
-3572
2002
-3573
2001
-3574
2000
-3575
1998
-3575
1997
-3576
1996
-3577
1994
-3578
1993
-3578
1992
-3579
1990
-3580
1989
-3581
1987
-3582
1986
-3582
1985
-3583
1983
-3584
1982
-3584
1980
-3585
1979
-3586
1978
-3587
1976
-3588
1975
-3588
1974
-3589
1972
-3590
1971
-3591
1970
-3591
1968
-3592
1967
-3593
1965
-3594
1964
-3594
1963
-3595
1961
-3596
1960
-3597
1958
-3597
1957
-3598
1956
-3599
1954
-3600
1953
-3600
1952
-3601
1950
-3602
1949
-3603
1947
-3603
1946
-3604
1945
-3605
1943
-3606
1942
-3606
1940
-3607
1939
-3608
1938
-3609
1936
-3609
1935
-3610
1934
-3611
1932
-3612
1931
-3612
1929
-3613
1928
-3614
1927
-3614
1925
-3615
1924
-3616
1922
-3617
1921
-3618
1920
-3618
1918
-3619
1917
-3620
1916
-3620
1914
-3621
1913
-3622
1911
-3623
1910
-3623
1909
-3624
1907
-3625
1906
-3626
1904
-3626
1903
-3627
1902
-3628
1900
-3628
1899
-3629
1898
-3630
1896
-3631
1895
-3631
1893
-3632
1892
-3633
1890
-3634
1889
-3634
1888
-3635
1886
-3636
1885
-3636
1884
-3637
1882
-3638
1881
-3639
1879
-3639
1878
-3640
1876
-3641
1875
-3642
1874
-3642
1872
-3643
1871
-3644
1870
-3644
1868
-3645
1867
-3646
1865
-3646
1864
-3647
1862
-3648
1861
-3649
1860
-3649
1858
-3650
1857
-3651
1856
-3652
1854
-3652
1853
-3653
1851
-3654
1850
-3654
1848
-3655
1847
-3656
1846
-3656
1844
-3657
1843
-3658
1842
-3659
1840
-3659
1839
-3660
1837
-3661
1836
-3661
1834
-3662
1833
-3663
1832
-3664
1830
-3664
1829
-3665
1828
-3666
1826
-3666
1825
-3667
1823
-3668
1822
-3668
1820
-3669
1819
-3670
1818
-3670
1816
-3671
1815
-3672
1813
-3673
1812
-3673
1811
-3674
1809
-3675
1808
-3675
1806
-3676
1805
-3677
1804
-3678
1802
-3678
1801
-3679
1799
-3680
1798
-3680
1796
-3681
1795
-3682
1794
-3682
1792
-3683
1791
-3684
1790
-3684
1788
-3685
1787
-3686
1785
-3686
1784
-3687
1782
-3688
1781
-3688
1780
-3689
1778
-3690
1777
-3690
1775
-3691
1774
-3692
1772
-3692
1771
-3693
1770
-3694
1768
-3695
1767
-3695
1765
-3696
1764
-3697
1762
-3697
1761
-3698
1760
-3699
1758
-3699
1757
-3700
1756
-3701
1754
-3701
1753
-3702
1751
-3703
1750
-3703
1748
-3704
1747
-3705
1746
-3705
1744
-3706
1743
-3707
1741
-3707
1740
-3708
1738
-3709
1737
-3709
1736
-3710
1734
-3711
1733
-3711
1731
-3712
1730
-3713
1728
-3713
1727
-3714
1726
-3715
1724
-3715
1723
-3716
1721
-3717
1720
-3717
1718
-3718
1717
-3719
1716
-3719
1714
-3720
1713
-3721
1711
-3721
1710
-3722
1708
-3723
1707
-3723
1706
-3724
1704
-3724
1703
-3725
1701
-3726
1700
-3726
1698
-3727
1697
-3728
1696
-3728
1694
-3729
1693
-3730
1691
-3730
1690
-3731
1688
-3732
1687
-3732
1686
-3733
1684
-3734
1683
-3734
1681
-3735
1680
-3736
1678
-3736
1677
-3737
1676
-3738
1674
-3738
1673
-3739
1671
-3739
1670
-3740
1668
-3741
1667
-3741
1666
-3742
1664
-3743
1663
-3743
1661
-3744
1660
-3744
1658
-3745
1657
-3746
1656
-3746
1654
-3747
1653
-3748
1651
-3748
1650
-3749
1648
-3750
1647
-3750
1645
-3751
1644
-3752
1642
-3752
1641
-3753
1640
-3753
1638
-3754
1637
-3755
1635
-3755
1634
-3756
1632
-3756
1631
-3757
1630
-3758
1628
-3758
1627
-3759
1625
-3760
1624
-3760
1622
-3761
1621
-3762
1620
-3762
1618
-3763
1617
-3763
1615
-3764
1614
-3765
1612
-3765
1611
-3766
1609
-3766
1608
-3767
1606
-3768
1605
-3768
1604
-3769
1602
-3770
1601
-3770
1599
-3771
1598
-3771
1596
-3772
1595
-3773
1594
-3773
1592
-3774
1591
-3774
1589
-3775
1588
-3776
1586
-3776
1585
-3777
1583
-3778
1582
-3778
1580
-3779
1579
-3779
1578
-3780
1576
-3780
1575
-3781
1573
-3782
1572
-3782
1570
-3783
1569
-3784
1567
-3784
1566
-3785
1564
-3785
1563
-3786
1562
-3786
1560
-3787
1559
-3788
1557
-3788
1556
-3789
1554
-3790
1553
-3790
1551
-3791
1550
-3791
1548
-3792
1547
-3792
1546
-3793
1544
-3794
1543
-3794
1541
-3795
1540
-3796
1538
-3796
1537
-3797
1535
-3797
1534
-3798
1532
-3798
1531
-3799
1530
-3800
1528
-3800
1527
-3801
1525
-3801
1524
-3802
1522
-3802
1521
-3803
1519
-3804
1518
-3804
1516
-3805
1515
-3805
1514
-3806
1512
-3807
1511
-3807
1509
-3808
1508
-3808
1506
-3809
1505
-3810
1503
-3810
1502
-3811
1500
-3811
1499
-3812
1498
-3812
1496
-3813
1495
-3814
1493
-3814
1492
-3815
1490
-3815
1489
-3816
1487
-3816
1486
-3817
1484
-3818
1483
-3818
1481
-3819
1480
-3819
1478
-3820
1477
-3820
1476
-3821
1474
-3822
1473
-3822
1471
-3823
1470
-3823
1468
-3824
1467
-3824
1465
-3825
1464
-3825
1462
-3826
1461
-3826
1459
-3827
1458
-3828
1456
-3828
1455
-3829
1454
-3829
1452
-3830
1451
-3830
1449
-3831
1448
-3832
1446
-3832
1445
-3833
1443
-3833
1442
-3834
1440
-3834
1439
-3835
1437
-3835
1436
-3836
1434
-3836
1433
-3837
1432
-3838
1430
-3838
1428
-3839
1427
-3839
1426
-3840
1424
-3840
1423
-3841
1421
-3842
1420
-3842
1418
-3842
1417
-3843
1415
-3844
1414
-3844
1412
-3845
1411
-3845
1409
-3846
1408
-3846
1406
-3847
1405
-3847
1404
-3848
1402
-3848
1400
-3849
1399
-3850
1398
-3850
1396
-3851
1395
-3851
1393
-3852
1392
-3852
1390
-3853
1389
-3853
1387
-3854
1386
-3854
1384
-3855
1383
-3856
1381
-3856
1380
-3856
1378
-3857
1377
-3858
1375
-3858
1374
-3859
1372
-3859
1371
-3860
1370
-3860
1368
-3861
1366
-3861
1365
-3862
1364
-3862
1362
-3863
1361
-3863
1359
-3864
1358
-3864
1356
-3865
1355
-3865
1353
-3866
1352
-3866
1350
-3867
1349
-3868
1347
-3868
1346
-3868
1344
-3869
1343
-3870
1341
-3870
1340
-3871
1338
-3871
1337
-3872
1335
-3872
1334
-3873
1332
-3873
1331
-3874
1329
-3874
1328
-3875
1326
-3875
1325
-3876
1324
-3876
1322
-3877
1320
-3877
1319
-3878
1318
-3878
1316
-3879
1315
-3879
1313
-3880
1312
-3880
1310
-3881
1309
-3881
1307
-3882
1306
-3882
1304
-3883
1303
-3883
1301
-3884
1300
-3884
1298
-3885
1297
-3885
1295
-3886
1294
-3886
1292
-3887
1291
-3887
1289
-3888
1288
-3888
1286
-3889
1285
-3889
1283
-3890
1282
-3890
1280
-3891
1279
-3891
1277
-3892
1276
-3892
1274
-3893
1273
-3893
1271
-3894
1270
-3894
1268
-3895
1267
-3895
1265
-3896
1264
-3896
1262
-3896
1261
-3897
1259
-3898
1258
-3898
1256
-3898
1255
-3899
1253
-3899
1252
-3900
1250
-3900
1249
-3901
1247
-3901
1246
-3902
1244
-3902
1243
-3903
1242
-3903
1240
-3904
1238
-3904
1237
-3905
1236
-3905
1234
-3906
1232
-3906
1231
-3907
1230
-3907
1228
-3908
1226
-3908
1225
-3908
1224
-3909
1222
-3909
1220
-3910
1219
-3910
1218
-3911
1216
-3911
1214
-3912
1213
-3912
1212
-3913
1210
-3913
1208
-3914
1207
-3914
1206
-3914
1204
-3915
1202
-3916
1201
-3916
1200
-3916
1198
-3917
1196
-3917
1195
-3918
1194
-3918
1192
-3919
1190
-3919
1189
-3920
1188
-3920
1186
-3920
1184
-3921
1183
-3921
1181
-3922
1180
-3922
1178
-3923
1177
-3923
1175
-3924
1174
-3924
1172
-3924
1171
-3925
1169
-3926
1168
-3926
1166
-3926
1165
-3927
1163
-3927
1162
-3928
1160
-3928
1159
-3929
1157
-3929
1156
-3930
1154
-3930
1153
-3930
1151
-3931
1150
-3931
1148
-3932
1147
-3932
1145
-3932
1144
-3933
1142
-3933
1141
-3934
1139
-3934
1138
-3935
1136
-3935
1135
-3936
1133
-3936
1132
-3936
1130
-3937
1129
-3937
1127
-3938
1126
-3938
1124
-3939
1123
-3939
1121
-3940
1120
-3940
1118
-3940
1117
-3941
1115
-3941
1114
-3942
1112
-3942
1110
-3942
1109
-3943
1108
-3943
1106
-3944
1104
-3944
1103
-3945
1102
-3945
1100
-3946
1098
-3946
1097
-3946
1095
-3947
1094
-3947
1092
-3948
1091
-3948
1089
-3948
1088
-3949
1086
-3949
1085
-3950
1083
-3950
1082
-3950
1080
-3951
1079
-3951
1077
-3952
1076
-3952
1074
-3952
1073
-3953
1071
-3953
1070
-3954
1068
-3954
1067
-3955
1065
-3955
1064
-3955
1062
-3956
1061
-3956
1059
-3957
1058
-3957
1056
-3958
1054
-3958
1053
-3958
1052
-3959
1050
-3959
1048
-3960
1047
-3960
1045
-3960
1044
-3961
1042
-3961
1041
-3962
1039
-3962
1038
-3962
1036
-3963
1035
-3963
1033
-3964
1032
-3964
1030
-3964
1029
-3965
1027
-3965
1026
-3965
1024
-3966
1023
-3966
1021
-3967
1020
-3967
1018
-3967
1016
-3968
1015
-3968
1014
-3969
1012
-3969
1010
-3969
1009
-3970
1007
-3970
1006
-3970
1004
-3971
1003
-3971
1001
-3972
1000
-3972
998
-3972
997
-3973
995
-3973
994
-3974
992
-3974
991
-3974
989
-3975
988
-3975
986
-3976
984
-3976
983
-3976
982
-3977
980
-3977
978
-3977
977
-3978
975
-3978
974
-3978
972
-3979
971
-3979
969
-3980
968
-3980
966
-3980
965
-3981
963
-3981
962
-3982
960
-3982
959
-3982
957
-3982
956
-3983
954
-3983
952
-3984
951
-3984
949
-3984
948
-3985
946
-3985
945
-3986
943
-3986
942
-3986
940
-3986
939
-3987
937
-3987
936
-3988
934
-3988
933
-3988
931
-3989
930
-3989
928
-3989
926
-3990
925
-3990
923
-3990
922
-3991
920
-3991
919
-3992
917
-3992
916
-3992
914
-3993
913
-3993
911
-3993
910
-3994
908
-3994
907
-3994
905
-3995
904
-3995
902
-3995
900
-3996
899
-3996
897
-3996
896
-3997
894
-3997
893
-3998
891
-3998
890
-3998
888
-3998
887
-3999
885
-3999
884
-4000
882
-4000
880
-4000
879
-4000
878
-4001
876
-4001
874
-4002
873
-4002
871
-4002
870
-4002
868
-4003
867
-4003
865
-4004
864
-4004
862
-4004
860
-4004
859
-4005
858
-4005
856
-4006
854
-4006
853
-4006
851
-4006
850
-4007
848
-4007
847
-4008
845
-4008
844
-4008
842
-4008
841
-4009
839
-4009
838
-4009
836
-4010
834
-4010
833
-4010
831
-4011
830
-4011
828
-4011
827
-4012
825
-4012
824
-4012
822
-4013
821
-4013
819
-4013
818
-4014
816
-4014
814
-4014
813
-4014
811
-4015
810
-4015
808
-4015
807
-4016
805
-4016
804
-4016
802
-4017
801
-4017
799
-4017
798
-4018
796
-4018
794
-4018
793
-4018
791
-4019
790
-4019
788
-4019
787
-4020
785
-4020
784
-4020
782
-4021
780
-4021
779
-4021
778
-4022
776
-4022
774
-4022
773
-4022
771
-4023
770
-4023
768
-4023
767
-4024
765
-4024
764
-4024
762
-4024
760
-4025
759
-4025
757
-4025
756
-4026
754
-4026
753
-4026
751
-4026
750
-4027
748
-4027
747
-4027
745
-4028
744
-4028
742
-4028
740
-4028
739
-4029
737
-4029
736
-4029
734
-4030
733
-4030
731
-4030
730
-4030
728
-4031
726
-4031
725
-4031
723
-4032
722
-4032
720
-4032
719
-4032
717
-4033
716
-4033
714
-4033
713
-4034
711
-4034
710
-4034
708
-4034
706
-4034
705
-4035
703
-4035
702
-4035
700
-4036
699
-4036
697
-4036
696
-4036
694
-4037
692
-4037
691
-4037
689
-4038
688
-4038
686
-4038
685
-4038
683
-4038
682
-4039
680
-4039
678
-4039
677
-4040
675
-4040
674
-4040
672
-4040
671
-4041
669
-4041
668
-4041
666
-4041
665
-4042
663
-4042
662
-4042
660
-4042
658
-4043
657
-4043
655
-4043
654
-4043
652
-4044
651
-4044
649
-4044
648
-4044
646
-4045
644
-4045
643
-4045
641
-4045
640
-4046
638
-4046
637
-4046
635
-4046
634
-4047
632
-4047
630
-4047
629
-4047
627
-4048
626
-4048
624
-4048
623
-4048
621
-4048
620
-4049
618
-4049
616
-4049
615
-4050
613
-4050
612
-4050
610
-4050
609
-4050
607
-4051
606
-4051
604
-4051
602
-4051
601
-4052
599
-4052
598
-4052
596
-4052
595
-4052
593
-4053
592
-4053
590
-4053
588
-4053
587
-4054
585
-4054
584
-4054
582
-4054
581
-4054
579
-4055
578
-4055
576
-4055
574
-4055
573
-4056
571
-4056
570
-4056
568
-4056
567
-4056
565
-4057
564
-4057
562
-4057
560
-4057
559
-4058
557
-4058
556
-4058
554
-4058
553
-4058
551
-4059
550
-4059
548
-4059
546
-4059
545
-4060
543
-4060
542
-4060
540
-4060
539
-4060
537
-4060
536
-4061
534
-4061
532
-4061
531
-4061
529
-4062
528
-4062
526
-4062
525
-4062
523
-4062
522
-4063
520
-4063
518
-4063
517
-4063
515
-4063
514
-4064
512
-4064
511
-4064
509
-4064
508
-4064
506
-4064
504
-4065
503
-4065
501
-4065
500
-4065
498
-4066
497
-4066
495
-4066
494
-4066
492
-4066
490
-4066
489
-4067
487
-4067
486
-4067
484
-4067
483
-4067
481
-4068
480
-4068
478
-4068
476
-4068
475
-4068
473
-4068
472
-4069
470
-4069
469
-4069
467
-4069
466
-4069
464
-4070
462
-4070
461
-4070
459
-4070
458
-4070
456
-4070
454
-4071
453
-4071
451
-4071
450
-4071
448
-4071
447
-4072
445
-4072
444
-4072
442
-4072
440
-4072
439
-4072
437
-4072
436
-4073
434
-4073
433
-4073
431
-4073
430
-4073
428
-4074
426
-4074
425
-4074
423
-4074
422
-4074
420
-4074
419
-4074
417
-4075
416
-4075
414
-4075
412
-4075
411
-4075
409
-4075
408
-4076
406
-4076
404
-4076
403
-4076
401
-4076
400
-4076
398
-4076
397
-4077
395
-4077
394
-4077
392
-4077
390
-4077
389
-4077
387
-4078
386
-4078
384
-4078
383
-4078
381
-4078
380
-4078
378
-4078
376
-4079
375
-4079
373
-4079
372
-4079
370
-4079
369
-4079
367
-4080
366
-4080
364
-4080
362
-4080
361
-4080
359
-4080
358
-4080
356
-4080
354
-4081
353
-4081
351
-4081
350
-4081
348
-4081
347
-4081
345
-4081
344
-4082
342
-4082
340
-4082
339
-4082
337
-4082
336
-4082
334
-4082
333
-4082
331
-4082
330
-4083
328
-4083
326
-4083
325
-4083
323
-4083
322
-4083
320
-4083
318
-4084
317
-4084
315
-4084
314
-4084
312
-4084
311
-4084
309
-4084
308
-4084
306
-4084
304
-4085
303
-4085
301
-4085
300
-4085
298
-4085
296
-4085
295
-4085
293
-4085
292
-4086
290
-4086
289
-4086
287
-4086
286
-4086
284
-4086
282
-4086
281
-4086
279
-4086
278
-4086
276
-4087
275
-4087
273
-4087
272
-4087
270
-4087
268
-4087
267
-4087
265
-4087
264
-4088
262
-4088
260
-4088
259
-4088
257
-4088
256
-4088
254
-4088
253
-4088
251
-4088
250
-4088
248
-4088
246
-4088
245
-4089
243
-4089
242
-4089
240
-4089
239
-4089
237
-4089
235
-4089
234
-4089
232
-4089
231
-4089
229
-4090
228
-4090
226
-4090
224
-4090
223
-4090
221
-4090
220
-4090
218
-4090
217
-4090
215
-4090
214
-4090
212
-4090
210
-4090
209
-4091
207
-4091
206
-4091
204
-4091
202
-4091
201
-4091
199
-4091
198
-4091
196
-4091
195
-4091
193
-4091
192
-4092
190
-4092
188
-4092
187
-4092
185
-4092
184
-4092
182
-4092
180
-4092
179
-4092
177
-4092
176
-4092
174
-4092
173
-4092
171
-4092
170
-4092
168
-4092
166
-4092
165
-4093
163
-4093
162
-4093
160
-4093
158
-4093
157
-4093
155
-4093
154
-4093
152
-4093
151
-4093
149
-4093
148
-4093
146
-4093
144
-4093
143
-4094
141
-4094
140
-4094
138
-4094
137
-4094
135
-4094
133
-4094
132
-4094
130
-4094
129
-4094
127
-4094
126
-4094
124
-4094
122
-4094
121
-4094
119
-4094
118
-4094
116
-4094
115
-4094
113
-4094
112
-4094
110
-4094
108
-4094
107
-4094
105
-4095
104
-4095
102
-4095
100
-4095
99
-4095
97
-4095
96
-4095
94
-4095
93
-4095
91
-4095
90
-4095
88
-4095
86
-4095
85
-4095
83
-4095
82
-4095
80
-4095
78
-4095
77
-4095
75
-4095
74
-4095
72
-4095
71
-4095
69
-4095
68
-4095
66
-4095
64
-4095
63
-4096
61
-4096
60
-4096
58
-4096
56
-4096
55
-4096
53
-4096
52
-4096
50
-4096
49
-4096
47
-4096
46
-4096
44
-4096
42
-4096
41
-4096
39
-4096
38
-4096
36
-4096
34
-4096
33
-4096
31
-4096
30
-4096
28
-4096
27
-4096
25
-4096
24
-4096
22
-4096
20
-4096
19
-4096
17
-4096
16
-4096
14
-4096
12
-4096
11
-4096
9
-4096
8
-4096
6
-4096
5
-4096
3
-4096
2
-4096
0
-4096
-2
-4096
-3
-4096
-5
-4096
-6
-4096
-8
-4096
-9
-4096
-11
-4096
-12
-4096
-14
-4096
-16
-4096
-17
-4096
-19
-4096
-20
-4096
-22
-4096
-24
-4096
-25
-4096
-27
-4096
-28
-4096
-30
-4096
-31
-4096
-33
-4096
-34
-4096
-36
-4096
-38
-4096
-39
-4096
-41
-4096
-42
-4096
-44
-4096
-46
-4096
-47
-4096
-49
-4096
-50
-4096
-52
-4096
-53
-4096
-55
-4096
-56
-4096
-58
-4096
-60
-4096
-61
-4096
-63
-4096
-64
-4095
-66
-4095
-68
-4095
-69
-4095
-71
-4095
-72
-4095
-74
-4095
-75
-4095
-77
-4095
-78
-4095
-80
-4095
-82
-4095
-83
-4095
-85
-4095
-86
-4095
-88
-4095
-90
-4095
-91
-4095
-93
-4095
-94
-4095
-96
-4095
-97
-4095
-99
-4095
-100
-4095
-102
-4095
-104
-4095
-105
-4095
-107
-4094
-108
-4094
-110
-4094
-112
-4094
-113
-4094
-115
-4094
-116
-4094
-118
-4094
-119
-4094
-121
-4094
-122
-4094
-124
-4094
-126
-4094
-127
-4094
-129
-4094
-130
-4094
-132
-4094
-133
-4094
-135
-4094
-137
-4094
-138
-4094
-140
-4094
-141
-4094
-143
-4094
-144
-4093
-146
-4093
-148
-4093
-149
-4093
-151
-4093
-152
-4093
-154
-4093
-155
-4093
-157
-4093
-158
-4093
-160
-4093
-162
-4093
-163
-4093
-165
-4093
-166
-4092
-168
-4092
-170
-4092
-171
-4092
-173
-4092
-174
-4092
-176
-4092
-177
-4092
-179
-4092
-180
-4092
-182
-4092
-184
-4092
-185
-4092
-187
-4092
-188
-4092
-190
-4092
-192
-4092
-193
-4091
-195
-4091
-196
-4091
-198
-4091
-199
-4091
-201
-4091
-202
-4091
-204
-4091
-206
-4091
-207
-4091
-209
-4091
-210
-4090
-212
-4090
-214
-4090
-215
-4090
-217
-4090
-218
-4090
-220
-4090
-221
-4090
-223
-4090
-224
-4090
-226
-4090
-228
-4090
-229
-4090
-231
-4089
-232
-4089
-234
-4089
-235
-4089
-237
-4089
-239
-4089
-240
-4089
-242
-4089
-243
-4089
-245
-4089
-246
-4088
-248
-4088
-250
-4088
-251
-4088
-253
-4088
-254
-4088
-256
-4088
-257
-4088
-259
-4088
-260
-4088
-262
-4088
-264
-4088
-265
-4087
-267
-4087
-268
-4087
-270
-4087
-272
-4087
-273
-4087
-275
-4087
-276
-4087
-278
-4086
-279
-4086
-281
-4086
-282
-4086
-284
-4086
-286
-4086
-287
-4086
-289
-4086
-290
-4086
-292
-4086
-293
-4085
-295
-4085
-296
-4085
-298
-4085
-300
-4085
-301
-4085
-303
-4085
-304
-4085
-306
-4084
-308
-4084
-309
-4084
-311
-4084
-312
-4084
-314
-4084
-315
-4084
-317
-4084
-318
-4084
-320
-4083
-322
-4083
-323
-4083
-325
-4083
-326
-4083
-328
-4083
-330
-4083
-331
-4082
-333
-4082
-334
-4082
-336
-4082
-337
-4082
-339
-4082
-340
-4082
-342
-4082
-344
-4082
-345
-4081
-347
-4081
-348
-4081
-350
-4081
-351
-4081
-353
-4081
-354
-4081
-356
-4080
-358
-4080
-359
-4080
-361
-4080
-362
-4080
-364
-4080
-366
-4080
-367
-4080
-369
-4079
-370
-4079
-372
-4079
-373
-4079
-375
-4079
-376
-4079
-378
-4078
-380
-4078
-381
-4078
-383
-4078
-384
-4078
-386
-4078
-387
-4078
-389
-4077
-390
-4077
-392
-4077
-394
-4077
-395
-4077
-397
-4077
-398
-4076
-400
-4076
-401
-4076
-403
-4076
-404
-4076
-406
-4076
-408
-4076
-409
-4075
-411
-4075
-412
-4075
-414
-4075
-416
-4075
-417
-4075
-419
-4074
-420
-4074
-422
-4074
-423
-4074
-425
-4074
-426
-4074
-428
-4074
-430
-4073
-431
-4073
-433
-4073
-434
-4073
-436
-4073
-437
-4072
-439
-4072
-440
-4072
-442
-4072
-444
-4072
-445
-4072
-447
-4072
-448
-4071
-450
-4071
-451
-4071
-453
-4071
-454
-4071
-456
-4070
-458
-4070
-459
-4070
-461
-4070
-462
-4070
-464
-4070
-466
-4069
-467
-4069
-469
-4069
-470
-4069
-472
-4069
-473
-4068
-475
-4068
-476
-4068
-478
-4068
-480
-4068
-481
-4068
-483
-4067
-484
-4067
-486
-4067
-487
-4067
-489
-4067
-490
-4066
-492
-4066
-494
-4066
-495
-4066
-497
-4066
-498
-4066
-500
-4065
-501
-4065
-503
-4065
-504
-4065
-506
-4064
-508
-4064
-509
-4064
-511
-4064
-512
-4064
-514
-4064
-515
-4063
-517
-4063
-518
-4063
-520
-4063
-522
-4063
-523
-4062
-525
-4062
-526
-4062
-528
-4062
-529
-4062
-531
-4061
-532
-4061
-534
-4061
-536
-4061
-537
-4060
-539
-4060
-540
-4060
-542
-4060
-543
-4060
-545
-4060
-546
-4059
-548
-4059
-550
-4059
-551
-4059
-553
-4058
-554
-4058
-556
-4058
-557
-4058
-559
-4058
-560
-4057
-562
-4057
-564
-4057
-565
-4057
-567
-4056
-568
-4056
-570
-4056
-571
-4056
-573
-4056
-574
-4055
-576
-4055
-578
-4055
-579
-4055
-581
-4054
-582
-4054
-584
-4054
-585
-4054
-587
-4054
-588
-4053
-590
-4053
-592
-4053
-593
-4053
-595
-4052
-596
-4052
-598
-4052
-599
-4052
-601
-4052
-602
-4051
-604
-4051
-606
-4051
-607
-4051
-609
-4050
-610
-4050
-612
-4050
-613
-4050
-615
-4050
-616
-4049
-618
-4049
-620
-4049
-621
-4048
-623
-4048
-624
-4048
-626
-4048
-627
-4048
-629
-4047
-630
-4047
-632
-4047
-634
-4047
-635
-4046
-637
-4046
-638
-4046
-640
-4046
-641
-4045
-643
-4045
-644
-4045
-646
-4045
-648
-4044
-649
-4044
-651
-4044
-652
-4044
-654
-4043
-655
-4043
-657
-4043
-658
-4043
-660
-4042
-662
-4042
-663
-4042
-665
-4042
-666
-4041
-668
-4041
-669
-4041
-671
-4041
-672
-4040
-674
-4040
-675
-4040
-677
-4040
-678
-4039
-680
-4039
-682
-4039
-683
-4038
-685
-4038
-686
-4038
-688
-4038
-689
-4038
-691
-4037
-692
-4037
-694
-4037
-696
-4036
-697
-4036
-699
-4036
-700
-4036
-702
-4035
-703
-4035
-705
-4035
-706
-4034
-708
-4034
-710
-4034
-711
-4034
-713
-4034
-714
-4033
-716
-4033
-717
-4033
-719
-4032
-720
-4032
-722
-4032
-723
-4032
-725
-4031
-726
-4031
-728
-4031
-730
-4030
-731
-4030
-733
-4030
-734
-4030
-736
-4029
-737
-4029
-739
-4029
-740
-4028
-742
-4028
-744
-4028
-745
-4028
-747
-4027
-748
-4027
-750
-4027
-751
-4026
-753
-4026
-754
-4026
-756
-4026
-757
-4025
-759
-4025
-760
-4025
-762
-4024
-764
-4024
-765
-4024
-767
-4024
-768
-4023
-770
-4023
-771
-4023
-773
-4022
-774
-4022
-776
-4022
-778
-4022
-779
-4021
-780
-4021
-782
-4021
-784
-4020
-785
-4020
-787
-4020
-788
-4019
-790
-4019
-791
-4019
-793
-4018
-794
-4018
-796
-4018
-798
-4018
-799
-4017
-801
-4017
-802
-4017
-804
-4016
-805
-4016
-807
-4016
-808
-4015
-810
-4015
-811
-4015
-813
-4014
-814
-4014
-816
-4014
-818
-4014
-819
-4013
-821
-4013
-822
-4013
-824
-4012
-825
-4012
-827
-4012
-828
-4011
-830
-4011
-831
-4011
-833
-4010
-834
-4010
-836
-4010
-838
-4009
-839
-4009
-841
-4009
-842
-4008
-844
-4008
-845
-4008
-847
-4008
-848
-4007
-850
-4007
-851
-4006
-853
-4006
-854
-4006
-856
-4006
-858
-4005
-859
-4005
-860
-4004
-862
-4004
-864
-4004
-865
-4004
-867
-4003
-868
-4003
-870
-4002
-871
-4002
-873
-4002
-874
-4002
-876
-4001
-878
-4001
-879
-4000
-880
-4000
-882
-4000
-884
-4000
-885
-3999
-887
-3999
-888
-3998
-890
-3998
-891
-3998
-893
-3998
-894
-3997
-896
-3997
-897
-3996
-899
-3996
-900
-3996
-902
-3995
-904
-3995
-905
-3995
-907
-3994
-908
-3994
-910
-3994
-911
-3993
-913
-3993
-914
-3993
-916
-3992
-917
-3992
-919
-3992
-920
-3991
-922
-3991
-923
-3990
-925
-3990
-926
-3990
-928
-3989
-930
-3989
-931
-3989
-933
-3988
-934
-3988
-936
-3988
-937
-3987
-939
-3987
-940
-3986
-942
-3986
-943
-3986
-945
-3986
-946
-3985
-948
-3985
-949
-3984
-951
-3984
-952
-3984
-954
-3983
-956
-3983
-957
-3982
-959
-3982
-960
-3982
-962
-3982
-963
-3981
-965
-3981
-966
-3980
-968
-3980
-969
-3980
-971
-3979
-972
-3979
-974
-3978
-975
-3978
-977
-3978
-978
-3977
-980
-3977
-982
-3977
-983
-3976
-984
-3976
-986
-3976
-988
-3975
-989
-3975
-991
-3974
-992
-3974
-994
-3974
-995
-3973
-997
-3973
-998
-3972
-1000
-3972
-1001
-3972
-1003
-3971
-1004
-3971
-1006
-3970
-1007
-3970
-1009
-3970
-1010
-3969
-1012
-3969
-1014
-3969
-1015
-3968
-1016
-3968
-1018
-3967
-1020
-3967
-1021
-3967
-1023
-3966
-1024
-3966
-1026
-3965
-1027
-3965
-1029
-3965
-1030
-3964
-1032
-3964
-1033
-3964
-1035
-3963
-1036
-3963
-1038
-3962
-1039
-3962
-1041
-3962
-1042
-3961
-1044
-3961
-1045
-3960
-1047
-3960
-1048
-3960
-1050
-3959
-1052
-3959
-1053
-3958
-1054
-3958
-1056
-3958
-1058
-3957
-1059
-3957
-1061
-3956
-1062
-3956
-1064
-3955
-1065
-3955
-1067
-3955
-1068
-3954
-1070
-3954
-1071
-3953
-1073
-3953
-1074
-3952
-1076
-3952
-1077
-3952
-1079
-3951
-1080
-3951
-1082
-3950
-1083
-3950
-1085
-3950
-1086
-3949
-1088
-3949
-1089
-3948
-1091
-3948
-1092
-3948
-1094
-3947
-1095
-3947
-1097
-3946
-1098
-3946
-1100
-3946
-1102
-3945
-1103
-3945
-1104
-3944
-1106
-3944
-1108
-3943
-1109
-3943
-1110
-3942
-1112
-3942
-1114
-3942
-1115
-3941
-1117
-3941
-1118
-3940
-1120
-3940
-1121
-3940
-1123
-3939
-1124
-3939
-1126
-3938
-1127
-3938
-1129
-3937
-1130
-3937
-1132
-3936
-1133
-3936
-1135
-3936
-1136
-3935
-1138
-3935
-1139
-3934
-1141
-3934
-1142
-3933
-1144
-3933
-1145
-3932
-1147
-3932
-1148
-3932
-1150
-3931
-1151
-3931
-1153
-3930
-1154
-3930
-1156
-3930
-1157
-3929
-1159
-3929
-1160
-3928
-1162
-3928
-1163
-3927
-1165
-3927
-1166
-3926
-1168
-3926
-1169
-3926
-1171
-3925
-1172
-3924
-1174
-3924
-1175
-3924
-1177
-3923
-1178
-3923
-1180
-3922
-1181
-3922
-1183
-3921
-1184
-3921
-1186
-3920
-1188
-3920
-1189
-3920
-1190
-3919
-1192
-3919
-1194
-3918
-1195
-3918
-1196
-3917
-1198
-3917
-1200
-3916
-1201
-3916
-1202
-3916
-1204
-3915
-1206
-3914
-1207
-3914
-1208
-3914
-1210
-3913
-1212
-3913
-1213
-3912
-1214
-3912
-1216
-3911
-1218
-3911
-1219
-3910
-1220
-3910
-1222
-3909
-1224
-3909
-1225
-3908
-1226
-3908
-1228
-3908
-1230
-3907
-1231
-3907
-1232
-3906
-1234
-3906
-1236
-3905
-1237
-3905
-1238
-3904
-1240
-3904
-1242
-3903
-1243
-3903
-1244
-3902
-1246
-3902
-1247
-3901
-1249
-3901
-1250
-3900
-1252
-3900
-1253
-3899
-1255
-3899
-1256
-3898
-1258
-3898
-1259
-3898
-1261
-3897
-1262
-3896
-1264
-3896
-1265
-3896
-1267
-3895
-1268
-3895
-1270
-3894
-1271
-3894
-1273
-3893
-1274
-3893
-1276
-3892
-1277
-3892
-1279
-3891
-1280
-3891
-1282
-3890
-1283
-3890
-1285
-3889
-1286
-3889
-1288
-3888
-1289
-3888
-1291
-3887
-1292
-3887
-1294
-3886
-1295
-3886
-1297
-3885
-1298
-3885
-1300
-3884
-1301
-3884
-1303
-3883
-1304
-3883
-1306
-3882
-1307
-3882
-1309
-3881
-1310
-3881
-1312
-3880
-1313
-3880
-1315
-3879
-1316
-3879
-1318
-3878
-1319
-3878
-1320
-3877
-1322
-3877
-1324
-3876
-1325
-3876
-1326
-3875
-1328
-3875
-1329
-3874
-1331
-3874
-1332
-3873
-1334
-3873
-1335
-3872
-1337
-3872
-1338
-3871
-1340
-3871
-1341
-3870
-1343
-3870
-1344
-3869
-1346
-3868
-1347
-3868
-1349
-3868
-1350
-3867
-1352
-3866
-1353
-3866
-1355
-3865
-1356
-3865
-1358
-3864
-1359
-3864
-1361
-3863
-1362
-3863
-1364
-3862
-1365
-3862
-1366
-3861
-1368
-3861
-1370
-3860
-1371
-3860
-1372
-3859
-1374
-3859
-1375
-3858
-1377
-3858
-1378
-3857
-1380
-3856
-1381
-3856
-1383
-3856
-1384
-3855
-1386
-3854
-1387
-3854
-1389
-3853
-1390
-3853
-1392
-3852
-1393
-3852
-1395
-3851
-1396
-3851
-1398
-3850
-1399
-3850
-1400
-3849
-1402
-3848
-1404
-3848
-1405
-3847
-1406
-3847
-1408
-3846
-1409
-3846
-1411
-3845
-1412
-3845
-1414
-3844
-1415
-3844
-1417
-3843
-1418
-3842
-1420
-3842
-1421
-3842
-1423
-3841
-1424
-3840
-1426
-3840
-1427
-3839
-1428
-3839
-1430
-3838
-1432
-3838
-1433
-3837
-1434
-3836
-1436
-3836
-1437
-3835
-1439
-3835
-1440
-3834
-1442
-3834
-1443
-3833
-1445
-3833
-1446
-3832
-1448
-3832
-1449
-3831
-1451
-3830
-1452
-3830
-1454
-3829
-1455
-3829
-1456
-3828
-1458
-3828
-1459
-3827
-1461
-3826
-1462
-3826
-1464
-3825
-1465
-3825
-1467
-3824
-1468
-3824
-1470
-3823
-1471
-3823
-1473
-3822
-1474
-3822
-1476
-3821
-1477
-3820
-1478
-3820
-1480
-3819
-1481
-3819
-1483
-3818
-1484
-3818
-1486
-3817
-1487
-3816
-1489
-3816
-1490
-3815
-1492
-3815
-1493
-3814
-1495
-3814
-1496
-3813
-1498
-3812
-1499
-3812
-1500
-3811
-1502
-3811
-1503
-3810
-1505
-3810
-1506
-3809
-1508
-3808
-1509
-3808
-1511
-3807
-1512
-3807
-1514
-3806
-1515
-3805
-1516
-3805
-1518
-3804
-1519
-3804
-1521
-3803
-1522
-3802
-1524
-3802
-1525
-3801
-1527
-3801
-1528
-3800
-1530
-3800
-1531
-3799
-1532
-3798
-1534
-3798
-1535
-3797
-1537
-3797
-1538
-3796
-1540
-3796
-1541
-3795
-1543
-3794
-1544
-3794
-1546
-3793
-1547
-3792
-1548
-3792
-1550
-3791
-1551
-3791
-1553
-3790
-1554
-3790
-1556
-3789
-1557
-3788
-1559
-3788
-1560
-3787
-1562
-3786
-1563
-3786
-1564
-3785
-1566
-3785
-1567
-3784
-1569
-3784
-1570
-3783
-1572
-3782
-1573
-3782
-1575
-3781
-1576
-3780
-1578
-3780
-1579
-3779
-1580
-3779
-1582
-3778
-1583
-3778
-1585
-3777
-1586
-3776
-1588
-3776
-1589
-3775
-1591
-3774
-1592
-3774
-1594
-3773
-1595
-3773
-1596
-3772
-1598
-3771
-1599
-3771
-1601
-3770
-1602
-3770
-1604
-3769
-1605
-3768
-1606
-3768
-1608
-3767
-1609
-3766
-1611
-3766
-1612
-3765
-1614
-3765
-1615
-3764
-1617
-3763
-1618
-3763
-1620
-3762
-1621
-3762
-1622
-3761
-1624
-3760
-1625
-3760
-1627
-3759
-1628
-3758
-1630
-3758
-1631
-3757
-1632
-3756
-1634
-3756
-1635
-3755
-1637
-3755
-1638
-3754
-1640
-3753
-1641
-3753
-1642
-3752
-1644
-3752
-1645
-3751
-1647
-3750
-1648
-3750
-1650
-3749
-1651
-3748
-1653
-3748
-1654
-3747
-1656
-3746
-1657
-3746
-1658
-3745
-1660
-3744
-1661
-3744
-1663
-3743
-1664
-3743
-1666
-3742
-1667
-3741
-1668
-3741
-1670
-3740
-1671
-3739
-1673
-3739
-1674
-3738
-1676
-3738
-1677
-3737
-1678
-3736
-1680
-3736
-1681
-3735
-1683
-3734
-1684
-3734
-1686
-3733
-1687
-3732
-1688
-3732
-1690
-3731
-1691
-3730
-1693
-3730
-1694
-3729
-1696
-3728
-1697
-3728
-1698
-3727
-1700
-3726
-1701
-3726
-1703
-3725
-1704
-3724
-1706
-3724
-1707
-3723
-1708
-3723
-1710
-3722
-1711
-3721
-1713
-3721
-1714
-3720
-1716
-3719
-1717
-3719
-1718
-3718
-1720
-3717
-1721
-3717
-1723
-3716
-1724
-3715
-1726
-3715
-1727
-3714
-1728
-3713
-1730
-3713
-1731
-3712
-1733
-3711
-1734
-3711
-1736
-3710
-1737
-3709
-1738
-3709
-1740
-3708
-1741
-3707
-1743
-3707
-1744
-3706
-1746
-3705
-1747
-3705
-1748
-3704
-1750
-3703
-1751
-3703
-1753
-3702
-1754
-3701
-1756
-3701
-1757
-3700
-1758
-3699
-1760
-3699
-1761
-3698
-1762
-3697
-1764
-3697
-1765
-3696
-1767
-3695
-1768
-3695
-1770
-3694
-1771
-3693
-1772
-3692
-1774
-3692
-1775
-3691
-1777
-3690
-1778
-3690
-1780
-3689
-1781
-3688
-1782
-3688
-1784
-3687
-1785
-3686
-1787
-3686
-1788
-3685
-1790
-3684
-1791
-3684
-1792
-3683
-1794
-3682
-1795
-3682
-1796
-3681
-1798
-3680
-1799
-3680
-1801
-3679
-1802
-3678
-1804
-3678
-1805
-3677
-1806
-3676
-1808
-3675
-1809
-3675
-1811
-3674
-1812
-3673
-1813
-3673
-1815
-3672
-1816
-3671
-1818
-3670
-1819
-3670
-1820
-3669
-1822
-3668
-1823
-3668
-1825
-3667
-1826
-3666
-1828
-3666
-1829
-3665
-1830
-3664
-1832
-3664
-1833
-3663
-1834
-3662
-1836
-3661
-1837
-3661
-1839
-3660
-1840
-3659
-1842
-3659
-1843
-3658
-1844
-3657
-1846
-3656
-1847
-3656
-1848
-3655
-1850
-3654
-1851
-3654
-1853
-3653
-1854
-3652
-1856
-3652
-1857
-3651
-1858
-3650
-1860
-3649
-1861
-3649
-1862
-3648
-1864
-3647
-1865
-3646
-1867
-3646
-1868
-3645
-1870
-3644
-1871
-3644
-1872
-3643
-1874
-3642
-1875
-3642
-1876
-3641
-1878
-3640
-1879
-3639
-1881
-3639
-1882
-3638
-1884
-3637
-1885
-3636
-1886
-3636
-1888
-3635
-1889
-3634
-1890
-3634
-1892
-3633
-1893
-3632
-1895
-3631
-1896
-3631
-1898
-3630
-1899
-3629
-1900
-3628
-1902
-3628
-1903
-3627
-1904
-3626
-1906
-3626
-1907
-3625
-1909
-3624
-1910
-3623
-1911
-3623
-1913
-3622
-1914
-3621
-1916
-3620
-1917
-3620
-1918
-3619
-1920
-3618
-1921
-3618
-1922
-3617
-1924
-3616
-1925
-3615
-1927
-3614
-1928
-3614
-1929
-3613
-1931
-3612
-1932
-3612
-1934
-3611
-1935
-3610
-1936
-3609
-1938
-3609
-1939
-3608
-1940
-3607
-1942
-3606
-1943
-3606
-1945
-3605
-1946
-3604
-1947
-3603
-1949
-3603
-1950
-3602
-1952
-3601
-1953
-3600
-1954
-3600
-1956
-3599
-1957
-3598
-1958
-3597
-1960
-3597
-1961
-3596
-1963
-3595
-1964
-3594
-1965
-3594
-1967
-3593
-1968
-3592
-1970
-3591
-1971
-3591
-1972
-3590
-1974
-3589
-1975
-3588
-1976
-3588
-1978
-3587
-1979
-3586
-1980
-3585
-1982
-3584
-1983
-3584
-1985
-3583
-1986
-3582
-1987
-3582
-1989
-3581
-1990
-3580
-1992
-3579
-1993
-3578
-1994
-3578
-1996
-3577
-1997
-3576
-1998
-3575
-2000
-3575
-2001
-3574
-2002
-3573
-2004
-3572
-2005
-3572
-2006
-3571
-2008
-3570
-2009
-3569
-2011
-3568
-2012
-3568
-2013
-3567
-2015
-3566
-2016
-3565
-2018
-3565
-2019
-3564
-2020
-3563
-2022
-3562
-2023
-3562
-2024
-3561
-2026
-3560
-2027
-3559
-2028
-3558
-2030
-3558
-2031
-3557
-2032
-3556
-2034
-3555
-2035
-3554
-2037
-3554
-2038
-3553
-2039
-3552
-2041
-3551
-2042
-3551
-2043
-3550
-2045
-3549
-2046
-3548
-2048
-3548
-2049
-3547
-2050
-3546
-2052
-3545
-2053
-3544
-2054
-3544
-2056
-3543
-2057
-3542
-2058
-3541
-2060
-3540
-2061
-3540
-2062
-3539
-2064
-3538
-2065
-3537
-2066
-3536
-2068
-3536
-2069
-3535
-2071
-3534
-2072
-3533
-2073
-3532
-2075
-3532
-2076
-3531
-2077
-3530
-2079
-3529
-2080
-3528
-2081
-3528
-2083
-3527
-2084
-3526
-2086
-3525
-2087
-3524
-2088
-3524
-2090
-3523
-2091
-3522
-2092
-3521
-2094
-3520
-2095
-3520
-2096
-3519
-2098
-3518
-2099
-3517
-2100
-3516
-2102
-3516
-2103
-3515
-2104
-3514
-2106
-3513
-2107
-3512
-2108
-3512
-2110
-3511
-2111
-3510
-2112
-3509
-2114
-3508
-2115
-3508
-2116
-3507
-2118
-3506
-2119
-3505
-2120
-3504
-2122
-3504
-2123
-3503
-2124
-3502
-2126
-3501
-2127
-3500
-2128
-3499
-2130
-3499
-2131
-3498
-2133
-3497
-2134
-3496
-2135
-3495
-2137
-3494
-2138
-3494
-2139
-3493
-2141
-3492
-2142
-3491
-2143
-3490
-2145
-3490
-2146
-3489
-2147
-3488
-2149
-3487
-2150
-3486
-2151
-3486
-2153
-3485
-2154
-3484
-2155
-3483
-2157
-3482
-2158
-3481
-2159
-3480
-2161
-3480
-2162
-3479
-2163
-3478
-2165
-3477
-2166
-3476
-2167
-3476
-2169
-3475
-2170
-3474
-2171
-3473
-2173
-3472
-2174
-3471
-2175
-3470
-2177
-3470
-2178
-3469
-2179
-3468
-2181
-3467
-2182
-3466
-2183
-3466
-2185
-3465
-2186
-3464
-2187
-3463
-2189
-3462
-2190
-3461
-2191
-3460
-2193
-3460
-2194
-3459
-2195
-3458
-2197
-3457
-2198
-3456
-2199
-3455
-2201
-3455
-2202
-3454
-2203
-3453
-2204
-3452
-2206
-3451
-2207
-3450
-2208
-3450
-2210
-3449
-2211
-3448
-2212
-3447
-2214
-3446
-2215
-3445
-2216
-3444
-2218
-3444
-2219
-3443
-2220
-3442
-2222
-3441
-2223
-3440
-2224
-3439
-2226
-3438
-2227
-3438
-2228
-3437
-2230
-3436
-2231
-3435
-2232
-3434
-2234
-3433
-2235
-3432
-2236
-3432
-2238
-3431
-2239
-3430
-2240
-3429
-2242
-3428
-2243
-3427
-2244
-3426
-2245
-3426
-2247
-3425
-2248
-3424
-2249
-3423
-2251
-3422
-2252
-3421
-2253
-3420
-2255
-3420
-2256
-3419
-2257
-3418
-2258
-3417
-2260
-3416
-2261
-3415
-2262
-3414
-2264
-3414
-2265
-3413
-2266
-3412
-2268
-3411
-2269
-3410
-2270
-3409
-2272
-3408
-2273
-3407
-2274
-3406
-2276
-3406
-2277
-3405
-2278
-3404
-2280
-3403
-2281
-3402
-2282
-3401
-2283
-3400
-2285
-3400
-2286
-3399
-2287
-3398
-2289
-3397
-2290
-3396
-2291
-3395
-2292
-3394
-2294
-3393
-2295
-3392
-2296
-3392
-2298
-3391
-2299
-3390
-2300
-3389
-2302
-3388
-2303
-3387
-2304
-3386
-2306
-3385
-2307
-3384
-2308
-3384
-2309
-3383
-2311
-3382
-2312
-3381
-2313
-3380
-2315
-3379
-2316
-3378
-2317
-3378
-2318
-3377
-2320
-3376
-2321
-3375
-2322
-3374
-2324
-3373
-2325
-3372
-2326
-3371
-2328
-3370
-2329
-3369
-2330
-3368
-2331
-3368
-2333
-3367
-2334
-3366
-2335
-3365
-2337
-3364
-2338
-3363
-2339
-3362
-2340
-3361
-2342
-3360
-2343
-3360
-2344
-3359
-2346
-3358
-2347
-3357
-2348
-3356
-2350
-3355
-2351
-3354
-2352
-3353
-2353
-3352
-2355
-3352
-2356
-3351
-2357
-3350
-2358
-3349
-2360
-3348
-2361
-3347
-2362
-3346
-2364
-3345
-2365
-3344
-2366
-3343
-2367
-3342
-2369
-3342
-2370
-3341
-2371
-3340
-2372
-3339
-2374
-3338
-2375
-3337
-2376
-3336
-2378
-3335
-2379
-3334
-2380
-3333
-2382
-3332
-2383
-3332
-2384
-3331
-2385
-3330
-2387
-3329
-2388
-3328
-2389
-3327
-2390
-3326
-2392
-3325
-2393
-3324
-2394
-3323
-2396
-3322
-2397
-3321
-2398
-3320
-2399
-3320
-2401
-3319
-2402
-3318
-2403
-3317
-2404
-3316
-2406
-3315
-2407
-3314
-2408
-3313
-2410
-3312
-2411
-3311
-2412
-3310
-2413
-3309
-2415
-3308
-2416
-3308
-2417
-3307
-2418
-3306
-2420
-3305
-2421
-3304
-2422
-3303
-2424
-3302
-2425
-3301
-2426
-3300
-2427
-3299
-2428
-3298
-2430
-3297
-2431
-3296
-2432
-3296
-2434
-3294
-2435
-3294
-2436
-3293
-2437
-3292
-2439
-3291
-2440
-3290
-2441
-3289
-2442
-3288
-2444
-3287
-2445
-3286
-2446
-3285
-2448
-3284
-2449
-3283
-2450
-3282
-2451
-3281
-2452
-3280
-2454
-3280
-2455
-3279
-2456
-3278
-2458
-3277
-2459
-3276
-2460
-3275
-2461
-3274
-2463
-3273
-2464
-3272
-2465
-3271
-2466
-3270
-2468
-3269
-2469
-3268
-2470
-3267
-2471
-3266
-2473
-3265
-2474
-3264
-2475
-3264
-2476
-3262
-2478
-3262
-2479
-3261
-2480
-3260
-2481
-3259
-2483
-3258
-2484
-3257
-2485
-3256
-2486
-3255
-2488
-3254
-2489
-3253
-2490
-3252
-2491
-3251
-2493
-3250
-2494
-3249
-2495
-3248
-2496
-3247
-2498
-3246
-2499
-3245
-2500
-3244
-2501
-3244
-2502
-3242
-2504
-3242
-2505
-3241
-2506
-3240
-2508
-3239
-2509
-3238
-2510
-3237
-2511
-3236
-2512
-3235
-2514
-3234
-2515
-3233
-2516
-3232
-2518
-3231
-2519
-3230
-2520
-3229
-2521
-3228
-2522
-3227
-2524
-3226
-2525
-3225
-2526
-3224
-2527
-3223
-2529
-3222
-2530
-3221
-2531
-3220
-2532
-3219
-2534
-3218
-2535
-3217
-2536
-3216
-2537
-3215
-2538
-3214
-2540
-3214
-2541
-3212
-2542
-3212
-2543
-3210
-2545
-3210
-2546
-3209
-2547
-3208
-2548
-3207
-2550
-3206
-2551
-3205
-2552
-3204
-2553
-3203
-2554
-3202
-2556
-3201
-2557
-3200
-2558
-3199
-2559
-3198
-2561
-3197
-2562
-3196
-2563
-3195
-2564
-3194
-2566
-3193
-2567
-3192
-2568
-3191
-2569
-3190
-2570
-3189
-2572
-3188
-2573
-3187
-2574
-3186
-2575
-3185
-2576
-3184
-2578
-3183
-2579
-3182
-2580
-3181
-2581
-3180
-2583
-3179
-2584
-3178
-2585
-3177
-2586
-3176
-2588
-3175
-2589
-3174
-2590
-3173
-2591
-3172
-2592
-3171
-2594
-3170
-2595
-3169
-2596
-3168
-2597
-3167
-2598
-3166
-2600
-3165
-2601
-3164
-2602
-3163
-2603
-3162
-2604
-3161
-2606
-3160
-2607
-3159
-2608
-3158
-2609
-3157
-2610
-3156
-2612
-3155
-2613
-3154
-2614
-3153
-2615
-3152
-2617
-3151
-2618
-3150
-2619
-3149
-2620
-3148
-2621
-3147
-2623
-3146
-2624
-3145
-2625
-3144
-2626
-3143
-2628
-3142
-2629
-3141
-2630
-3140
-2631
-3139
-2632
-3138
-2634
-3137
-2635
-3136
-2636
-3135
-2637
-3134
-2638
-3133
-2640
-3132
-2641
-3131
-2642
-3130
-2643
-3129
-2644
-3128
-2646
-3127
-2647
-3126
-2648
-3125
-2649
-3124
-2650
-3123
-2652
-3122
-2653
-3121
-2654
-3120
-2655
-3119
-2656
-3118
-2658
-3117
-2659
-3116
-2660
-3115
-2661
-3114
-2662
-3113
-2663
-3112
-2665
-3111
-2666
-3110
-2667
-3109
-2668
-3108
-2669
-3107
-2671
-3106
-2672
-3104
-2673
-3104
-2674
-3102
-2675
-3102
-2676
-3100
-2678
-3099
-2679
-3098
-2680
-3097
-2681
-3096
-2682
-3095
-2684
-3094
-2685
-3093
-2686
-3092
-2687
-3091
-2688
-3090
-2690
-3089
-2691
-3088
-2692
-3087
-2693
-3086
-2694
-3085
-2696
-3084
-2697
-3083
-2698
-3082
-2699
-3081
-2700
-3080
-2701
-3079
-2703
-3078
-2704
-3077
-2705
-3076
-2706
-3075
-2707
-3074
-2708
-3072
-2710
-3072
-2711
-3070
-2712
-3070
-2713
-3068
-2714
-3067
-2716
-3066
-2717
-3065
-2718
-3064
-2719
-3063
-2720
-3062
-2721
-3061
-2723
-3060
-2724
-3059
-2725
-3058
-2726
-3057
-2727
-3056
-2728
-3055
-2730
-3054
-2731
-3053
-2732
-3052
-2733
-3051
-2734
-3050
-2736
-3048
-2737
-3048
-2738
-3046
-2739
-3045
-2740
-3044
-2741
-3043
-2742
-3042
-2744
-3041
-2745
-3040
-2746
-3039
-2747
-3038
-2748
-3037
-2750
-3036
-2751
-3035
-2752
-3034
-2753
-3033
-2754
-3032
-2755
-3031
-2756
-3030
-2758
-3028
-2759
-3028
-2760
-3026
-2761
-3025
-2762
-3024
-2763
-3023
-2765
-3022
-2766
-3021
-2767
-3020
-2768
-3019
-2769
-3018
-2770
-3017
-2772
-3016
-2773
-3015
-2774
-3014
-2775
-3013
-2776
-3012
-2777
-3010
-2778
-3009
-2780
-3008
-2781
-3007
-2782
-3006
-2783
-3005
-2784
-3004
-2785
-3003
-2786
-3002
-2788
-3001
-2789
-3000
-2790
-2999
-2791
-2998
-2792
-2997
-2793
-2996
-2795
-2994
-2796
-2993
-2797
-2992
-2798
-2991
-2799
-2990
-2800
-2989
-2802
-2988
-2803
-2987
-2804
-2986
-2805
-2985
-2806
-2984
-2807
-2983
-2808
-2982
-2810
-2980
-2811
-2979
-2812
-2978
-2813
-2977
-2814
-2976
-2815
-2975
-2816
-2974
-2818
-2973
-2819
-2972
-2820
-2971
-2821
-2970
-2822
-2969
-2823
-2968
-2824
-2966
-2825
-2965
-2827
-2964
-2828
-2963
-2829
-2962
-2830
-2961
-2831
-2960
-2832
-2959
-2833
-2958
-2834
-2957
-2836
-2956
-2837
-2954
-2838
-2953
-2839
-2952
-2840
-2951
-2841
-2950
-2842
-2949
-2844
-2948
-2845
-2947
-2846
-2946
-2847
-2945
-2848
-2944
-2849
-2942
-2850
-2941
-2852
-2940
-2853
-2939
-2854
-2938
-2855
-2937
-2856
-2936
-2857
-2935
-2858
-2934
-2859
-2933
-2860
-2932
-2862
-2930
-2863
-2929
-2864
-2928
-2865
-2927
-2866
-2926
-2867
-2925
-2868
-2924
-2870
-2923
-2871
-2922
-2872
-2921
-2873
-2920
-2874
-2918
-2875
-2917
-2876
-2916
-2877
-2915
-2878
-2914
-2880
-2913
-2881
-2912
-2882
-2911
-2883
-2910
-2884
-2908
-2885
-2907
-2886
-2906
-2887
-2905
-2888
-2904
-2890
-2903
-2891
-2902
-2892
-2901
-2893
-2900
-2894
-2898
-2895
-2897
-2896
-2896
-2897
-2895
-2898
-2894
-2900
-2893
-2901
-2892
-2902
-2891
-2903
-2890
-2904
-2888
-2905
-2887
-2906
-2886
-2907
-2885
-2908
-2884
-2910
-2883
-2911
-2882
-2912
-2881
-2913
-2880
-2914
-2878
-2915
-2877
-2916
-2876
-2917
-2875
-2918
-2874
-2920
-2873
-2921
-2872
-2922
-2871
-2923
-2870
-2924
-2868
-2925
-2867
-2926
-2866
-2927
-2865
-2928
-2864
-2929
-2863
-2930
-2862
-2932
-2860
-2933
-2859
-2934
-2858
-2935
-2857
-2936
-2856
-2937
-2855
-2938
-2854
-2939
-2853
-2940
-2852
-2941
-2850
-2942
-2849
-2944
-2848
-2945
-2847
-2946
-2846
-2947
-2845
-2948
-2844
-2949
-2842
-2950
-2841
-2951
-2840
-2952
-2839
-2953
-2838
-2954
-2837
-2956
-2836
-2957
-2834
-2958
-2833
-2959
-2832
-2960
-2831
-2961
-2830
-2962
-2829
-2963
-2828
-2964
-2827
-2965
-2825
-2966
-2824
-2968
-2823
-2969
-2822
-2970
-2821
-2971
-2820
-2972
-2819
-2973
-2818
-2974
-2816
-2975
-2815
-2976
-2814
-2977
-2813
-2978
-2812
-2979
-2811
-2980
-2810
-2982
-2808
-2983
-2807
-2984
-2806
-2985
-2805
-2986
-2804
-2987
-2803
-2988
-2802
-2989
-2800
-2990
-2799
-2991
-2798
-2992
-2797
-2993
-2796
-2994
-2795
-2996
-2793
-2997
-2792
-2998
-2791
-2999
-2790
-3000
-2789
-3001
-2788
-3002
-2786
-3003
-2785
-3004
-2784
-3005
-2783
-3006
-2782
-3007
-2781
-3008
-2780
-3009
-2778
-3010
-2777
-3012
-2776
-3013
-2775
-3014
-2774
-3015
-2773
-3016
-2772
-3017
-2770
-3018
-2769
-3019
-2768
-3020
-2767
-3021
-2766
-3022
-2765
-3023
-2763
-3024
-2762
-3025
-2761
-3026
-2760
-3028
-2759
-3028
-2758
-3030
-2756
-3031
-2755
-3032
-2754
-3033
-2753
-3034
-2752
-3035
-2751
-3036
-2750
-3037
-2748
-3038
-2747
-3039
-2746
-3040
-2745
-3041
-2744
-3042
-2742
-3043
-2741
-3044
-2740
-3045
-2739
-3046
-2738
-3048
-2737
-3048
-2736
-3050
-2734
-3051
-2733
-3052
-2732
-3053
-2731
-3054
-2730
-3055
-2728
-3056
-2727
-3057
-2726
-3058
-2725
-3059
-2724
-3060
-2723
-3061
-2721
-3062
-2720
-3063
-2719
-3064
-2718
-3065
-2717
-3066
-2716
-3067
-2714
-3068
-2713
-3070
-2712
-3070
-2711
-3072
-2710
-3072
-2708
-3074
-2707
-3075
-2706
-3076
-2705
-3077
-2704
-3078
-2703
-3079
-2701
-3080
-2700
-3081
-2699
-3082
-2698
-3083
-2697
-3084
-2696
-3085
-2694
-3086
-2693
-3087
-2692
-3088
-2691
-3089
-2690
-3090
-2688
-3091
-2687
-3092
-2686
-3093
-2685
-3094
-2684
-3095
-2682
-3096
-2681
-3097
-2680
-3098
-2679
-3099
-2678
-3100
-2676
-3102
-2675
-3102
-2674
-3104
-2673
-3104
-2672
-3106
-2671
-3107
-2669
-3108
-2668
-3109
-2667
-3110
-2666
-3111
-2665
-3112
-2663
-3113
-2662
-3114
-2661
-3115
-2660
-3116
-2659
-3117
-2658
-3118
-2656
-3119
-2655
-3120
-2654
-3121
-2653
-3122
-2652
-3123
-2650
-3124
-2649
-3125
-2648
-3126
-2647
-3127
-2646
-3128
-2644
-3129
-2643
-3130
-2642
-3131
-2641
-3132
-2640
-3133
-2638
-3134
-2637
-3135
-2636
-3136
-2635
-3137
-2634
-3138
-2632
-3139
-2631
-3140
-2630
-3141
-2629
-3142
-2628
-3143
-2626
-3144
-2625
-3145
-2624
-3146
-2623
-3147
-2621
-3148
-2620
-3149
-2619
-3150
-2618
-3151
-2617
-3152
-2615
-3153
-2614
-3154
-2613
-3155
-2612
-3156
-2610
-3157
-2609
-3158
-2608
-3159
-2607
-3160
-2606
-3161
-2604
-3162
-2603
-3163
-2602
-3164
-2601
-3165
-2600
-3166
-2598
-3167
-2597
-3168
-2596
-3169
-2595
-3170
-2594
-3171
-2592
-3172
-2591
-3173
-2590
-3174
-2589
-3175
-2588
-3176
-2586
-3177
-2585
-3178
-2584
-3179
-2583
-3180
-2581
-3181
-2580
-3182
-2579
-3183
-2578
-3184
-2576
-3185
-2575
-3186
-2574
-3187
-2573
-3188
-2572
-3189
-2570
-3190
-2569
-3191
-2568
-3192
-2567
-3193
-2566
-3194
-2564
-3195
-2563
-3196
-2562
-3197
-2561
-3198
-2559
-3199
-2558
-3200
-2557
-3201
-2556
-3202
-2554
-3203
-2553
-3204
-2552
-3205
-2551
-3206
-2550
-3207
-2548
-3208
-2547
-3209
-2546
-3210
-2545
-3210
-2543
-3212
-2542
-3212
-2541
-3214
-2540
-3214
-2538
-3215
-2537
-3216
-2536
-3217
-2535
-3218
-2534
-3219
-2532
-3220
-2531
-3221
-2530
-3222
-2529
-3223
-2527
-3224
-2526
-3225
-2525
-3226
-2524
-3227
-2522
-3228
-2521
-3229
-2520
-3230
-2519
-3231
-2518
-3232
-2516
-3233
-2515
-3234
-2514
-3235
-2512
-3236
-2511
-3237
-2510
-3238
-2509
-3239
-2508
-3240
-2506
-3241
-2505
-3242
-2504
-3242
-2502
-3244
-2501
-3244
-2500
-3245
-2499
-3246
-2498
-3247
-2496
-3248
-2495
-3249
-2494
-3250
-2493
-3251
-2491
-3252
-2490
-3253
-2489
-3254
-2488
-3255
-2486
-3256
-2485
-3257
-2484
-3258
-2483
-3259
-2481
-3260
-2480
-3261
-2479
-3262
-2478
-3262
-2476
-3264
-2475
-3264
-2474
-3265
-2473
-3266
-2471
-3267
-2470
-3268
-2469
-3269
-2468
-3270
-2466
-3271
-2465
-3272
-2464
-3273
-2463
-3274
-2461
-3275
-2460
-3276
-2459
-3277
-2458
-3278
-2456
-3279
-2455
-3280
-2454
-3280
-2452
-3281
-2451
-3282
-2450
-3283
-2449
-3284
-2448
-3285
-2446
-3286
-2445
-3287
-2444
-3288
-2442
-3289
-2441
-3290
-2440
-3291
-2439
-3292
-2437
-3293
-2436
-3294
-2435
-3294
-2434
-3296
-2432
-3296
-2431
-3297
-2430
-3298
-2428
-3299
-2427
-3300
-2426
-3301
-2425
-3302
-2424
-3303
-2422
-3304
-2421
-3305
-2420
-3306
-2418
-3307
-2417
-3308
-2416
-3308
-2415
-3309
-2413
-3310
-2412
-3311
-2411
-3312
-2410
-3313
-2408
-3314
-2407
-3315
-2406
-3316
-2404
-3317
-2403
-3318
-2402
-3319
-2401
-3320
-2399
-3320
-2398
-3321
-2397
-3322
-2396
-3323
-2394
-3324
-2393
-3325
-2392
-3326
-2390
-3327
-2389
-3328
-2388
-3329
-2387
-3330
-2385
-3331
-2384
-3332
-2383
-3332
-2382
-3333
-2380
-3334
-2379
-3335
-2378
-3336
-2376
-3337
-2375
-3338
-2374
-3339
-2372
-3340
-2371
-3341
-2370
-3342
-2369
-3342
-2367
-3343
-2366
-3344
-2365
-3345
-2364
-3346
-2362
-3347
-2361
-3348
-2360
-3349
-2358
-3350
-2357
-3351
-2356
-3352
-2355
-3352
-2353
-3353
-2352
-3354
-2351
-3355
-2350
-3356
-2348
-3357
-2347
-3358
-2346
-3359
-2344
-3360
-2343
-3360
-2342
-3361
-2340
-3362
-2339
-3363
-2338
-3364
-2337
-3365
-2335
-3366
-2334
-3367
-2333
-3368
-2331
-3368
-2330
-3369
-2329
-3370
-2328
-3371
-2326
-3372
-2325
-3373
-2324
-3374
-2322
-3375
-2321
-3376
-2320
-3377
-2318
-3378
-2317
-3378
-2316
-3379
-2315
-3380
-2313
-3381
-2312
-3382
-2311
-3383
-2309
-3384
-2308
-3384
-2307
-3385
-2306
-3386
-2304
-3387
-2303
-3388
-2302
-3389
-2300
-3390
-2299
-3391
-2298
-3392
-2296
-3392
-2295
-3393
-2294
-3394
-2292
-3395
-2291
-3396
-2290
-3397
-2289
-3398
-2287
-3399
-2286
-3400
-2285
-3400
-2283
-3401
-2282
-3402
-2281
-3403
-2280
-3404
-2278
-3405
-2277
-3406
-2276
-3406
-2274
-3407
-2273
-3408
-2272
-3409
-2270
-3410
-2269
-3411
-2268
-3412
-2266
-3413
-2265
-3414
-2264
-3414
-2262
-3415
-2261
-3416
-2260
-3417
-2258
-3418
-2257
-3419
-2256
-3420
-2255
-3420
-2253
-3421
-2252
-3422
-2251
-3423
-2249
-3424
-2248
-3425
-2247
-3426
-2245
-3426
-2244
-3427
-2243
-3428
-2242
-3429
-2240
-3430
-2239
-3431
-2238
-3432
-2236
-3432
-2235
-3433
-2234
-3434
-2232
-3435
-2231
-3436
-2230
-3437
-2228
-3438
-2227
-3438
-2226
-3439
-2224
-3440
-2223
-3441
-2222
-3442
-2220
-3443
-2219
-3444
-2218
-3444
-2216
-3445
-2215
-3446
-2214
-3447
-2212
-3448
-2211
-3449
-2210
-3450
-2208
-3450
-2207
-3451
-2206
-3452
-2204
-3453
-2203
-3454
-2202
-3455
-2201
-3455
-2199
-3456
-2198
-3457
-2197
-3458
-2195
-3459
-2194
-3460
-2193
-3460
-2191
-3461
-2190
-3462
-2189
-3463
-2187
-3464
-2186
-3465
-2185
-3466
-2183
-3466
-2182
-3467
-2181
-3468
-2179
-3469
-2178
-3470
-2177
-3470
-2175
-3471
-2174
-3472
-2173
-3473
-2171
-3474
-2170
-3475
-2169
-3476
-2167
-3476
-2166
-3477
-2165
-3478
-2163
-3479
-2162
-3480
-2161
-3480
-2159
-3481
-2158
-3482
-2157
-3483
-2155
-3484
-2154
-3485
-2153
-3486
-2151
-3486
-2150
-3487
-2149
-3488
-2147
-3489
-2146
-3490
-2145
-3490
-2143
-3491
-2142
-3492
-2141
-3493
-2139
-3494
-2138
-3494
-2137
-3495
-2135
-3496
-2134
-3497
-2133
-3498
-2131
-3499
-2130
-3499
-2128
-3500
-2127
-3501
-2126
-3502
-2124
-3503
-2123
-3504
-2122
-3504
-2120
-3505
-2119
-3506
-2118
-3507
-2116
-3508
-2115
-3508
-2114
-3509
-2112
-3510
-2111
-3511
-2110
-3512
-2108
-3512
-2107
-3513
-2106
-3514
-2104
-3515
-2103
-3516
-2102
-3516
-2100
-3517
-2099
-3518
-2098
-3519
-2096
-3520
-2095
-3520
-2094
-3521
-2092
-3522
-2091
-3523
-2090
-3524
-2088
-3524
-2087
-3525
-2086
-3526
-2084
-3527
-2083
-3528
-2081
-3528
-2080
-3529
-2079
-3530
-2077
-3531
-2076
-3532
-2075
-3532
-2073
-3533
-2072
-3534
-2071
-3535
-2069
-3536
-2068
-3536
-2066
-3537
-2065
-3538
-2064
-3539
-2062
-3540
-2061
-3540
-2060
-3541
-2058
-3542
-2057
-3543
-2056
-3544
-2054
-3544
-2053
-3545
-2052
-3546
-2050
-3547
-2049
-3548
-2048
-3548
-2046
-3549
-2045
-3550
-2043
-3551
-2042
-3551
-2041
-3552
-2039
-3553
-2038
-3554
-2037
-3554
-2035
-3555
-2034
-3556
-2032
-3557
-2031
-3558
-2030
-3558
-2028
-3559
-2027
-3560
-2026
-3561
-2024
-3562
-2023
-3562
-2022
-3563
-2020
-3564
-2019
-3565
-2018
-3565
-2016
-3566
-2015
-3567
-2013
-3568
-2012
-3568
-2011
-3569
-2009
-3570
-2008
-3571
-2006
-3572
-2005
-3572
-2004
-3573
-2002
-3574
-2001
-3575
-2000
-3575
-1998
-3576
-1997
-3577
-1996
-3578
-1994
-3578
-1993
-3579
-1992
-3580
-1990
-3581
-1989
-3582
-1987
-3582
-1986
-3583
-1985
-3584
-1983
-3584
-1982
-3585
-1980
-3586
-1979
-3587
-1978
-3588
-1976
-3588
-1975
-3589
-1974
-3590
-1972
-3591
-1971
-3591
-1970
-3592
-1968
-3593
-1967
-3594
-1965
-3594
-1964
-3595
-1963
-3596
-1961
-3597
-1960
-3597
-1958
-3598
-1957
-3599
-1956
-3600
-1954
-3600
-1953
-3601
-1952
-3602
-1950
-3603
-1949
-3603
-1947
-3604
-1946
-3605
-1945
-3606
-1943
-3606
-1942
-3607
-1940
-3608
-1939
-3609
-1938
-3609
-1936
-3610
-1935
-3611
-1934
-3612
-1932
-3612
-1931
-3613
-1929
-3614
-1928
-3614
-1927
-3615
-1925
-3616
-1924
-3617
-1922
-3618
-1921
-3618
-1920
-3619
-1918
-3620
-1917
-3620
-1916
-3621
-1914
-3622
-1913
-3623
-1911
-3623
-1910
-3624
-1909
-3625
-1907
-3626
-1906
-3626
-1904
-3627
-1903
-3628
-1902
-3628
-1900
-3629
-1899
-3630
-1898
-3631
-1896
-3631
-1895
-3632
-1893
-3633
-1892
-3634
-1890
-3634
-1889
-3635
-1888
-3636
-1886
-3636
-1885
-3637
-1884
-3638
-1882
-3639
-1881
-3639
-1879
-3640
-1878
-3641
-1876
-3642
-1875
-3642
-1874
-3643
-1872
-3644
-1871
-3644
-1870
-3645
-1868
-3646
-1867
-3646
-1865
-3647
-1864
-3648
-1862
-3649
-1861
-3649
-1860
-3650
-1858
-3651
-1857
-3652
-1856
-3652
-1854
-3653
-1853
-3654
-1851
-3654
-1850
-3655
-1848
-3656
-1847
-3656
-1846
-3657
-1844
-3658
-1843
-3659
-1842
-3659
-1840
-3660
-1839
-3661
-1837
-3661
-1836
-3662
-1834
-3663
-1833
-3664
-1832
-3664
-1830
-3665
-1829
-3666
-1828
-3666
-1826
-3667
-1825
-3668
-1823
-3668
-1822
-3669
-1820
-3670
-1819
-3670
-1818
-3671
-1816
-3672
-1815
-3673
-1813
-3673
-1812
-3674
-1811
-3675
-1809
-3675
-1808
-3676
-1806
-3677
-1805
-3678
-1804
-3678
-1802
-3679
-1801
-3680
-1799
-3680
-1798
-3681
-1796
-3682
-1795
-3682
-1794
-3683
-1792
-3684
-1791
-3684
-1790
-3685
-1788
-3686
-1787
-3686
-1785
-3687
-1784
-3688
-1782
-3688
-1781
-3689
-1780
-3690
-1778
-3690
-1777
-3691
-1775
-3692
-1774
-3692
-1772
-3693
-1771
-3694
-1770
-3695
-1768
-3695
-1767
-3696
-1765
-3697
-1764
-3697
-1762
-3698
-1761
-3699
-1760
-3699
-1758
-3700
-1757
-3701
-1756
-3701
-1754
-3702
-1753
-3703
-1751
-3703
-1750
-3704
-1748
-3705
-1747
-3705
-1746
-3706
-1744
-3707
-1743
-3707
-1741
-3708
-1740
-3709
-1738
-3709
-1737
-3710
-1736
-3711
-1734
-3711
-1733
-3712
-1731
-3713
-1730
-3713
-1728
-3714
-1727
-3715
-1726
-3715
-1724
-3716
-1723
-3717
-1721
-3717
-1720
-3718
-1718
-3719
-1717
-3719
-1716
-3720
-1714
-3721
-1713
-3721
-1711
-3722
-1710
-3723
-1708
-3723
-1707
-3724
-1706
-3724
-1704
-3725
-1703
-3726
-1701
-3726
-1700
-3727
-1698
-3728
-1697
-3728
-1696
-3729
-1694
-3730
-1693
-3730
-1691
-3731
-1690
-3732
-1688
-3732
-1687
-3733
-1686
-3734
-1684
-3734
-1683
-3735
-1681
-3736
-1680
-3736
-1678
-3737
-1677
-3738
-1676
-3738
-1674
-3739
-1673
-3739
-1671
-3740
-1670
-3741
-1668
-3741
-1667
-3742
-1666
-3743
-1664
-3743
-1663
-3744
-1661
-3744
-1660
-3745
-1658
-3746
-1657
-3746
-1656
-3747
-1654
-3748
-1653
-3748
-1651
-3749
-1650
-3750
-1648
-3750
-1647
-3751
-1645
-3752
-1644
-3752
-1642
-3753
-1641
-3753
-1640
-3754
-1638
-3755
-1637
-3755
-1635
-3756
-1634
-3756
-1632
-3757
-1631
-3758
-1630
-3758
-1628
-3759
-1627
-3760
-1625
-3760
-1624
-3761
-1622
-3762
-1621
-3762
-1620
-3763
-1618
-3763
-1617
-3764
-1615
-3765
-1614
-3765
-1612
-3766
-1611
-3766
-1609
-3767
-1608
-3768
-1606
-3768
-1605
-3769
-1604
-3770
-1602
-3770
-1601
-3771
-1599
-3771
-1598
-3772
-1596
-3773
-1595
-3773
-1594
-3774
-1592
-3774
-1591
-3775
-1589
-3776
-1588
-3776
-1586
-3777
-1585
-3778
-1583
-3778
-1582
-3779
-1580
-3779
-1579
-3780
-1578
-3780
-1576
-3781
-1575
-3782
-1573
-3782
-1572
-3783
-1570
-3784
-1569
-3784
-1567
-3785
-1566
-3785
-1564
-3786
-1563
-3786
-1562
-3787
-1560
-3788
-1559
-3788
-1557
-3789
-1556
-3790
-1554
-3790
-1553
-3791
-1551
-3791
-1550
-3792
-1548
-3792
-1547
-3793
-1546
-3794
-1544
-3794
-1543
-3795
-1541
-3796
-1540
-3796
-1538
-3797
-1537
-3797
-1535
-3798
-1534
-3798
-1532
-3799
-1531
-3800
-1530
-3800
-1528
-3801
-1527
-3801
-1525
-3802
-1524
-3802
-1522
-3803
-1521
-3804
-1519
-3804
-1518
-3805
-1516
-3805
-1515
-3806
-1514
-3807
-1512
-3807
-1511
-3808
-1509
-3808
-1508
-3809
-1506
-3810
-1505
-3810
-1503
-3811
-1502
-3811
-1500
-3812
-1499
-3812
-1498
-3813
-1496
-3814
-1495
-3814
-1493
-3815
-1492
-3815
-1490
-3816
-1489
-3816
-1487
-3817
-1486
-3818
-1484
-3818
-1483
-3819
-1481
-3819
-1480
-3820
-1478
-3820
-1477
-3821
-1476
-3822
-1474
-3822
-1473
-3823
-1471
-3823
-1470
-3824
-1468
-3824
-1467
-3825
-1465
-3825
-1464
-3826
-1462
-3826
-1461
-3827
-1459
-3828
-1458
-3828
-1456
-3829
-1455
-3829
-1454
-3830
-1452
-3830
-1451
-3831
-1449
-3832
-1448
-3832
-1446
-3833
-1445
-3833
-1443
-3834
-1442
-3834
-1440
-3835
-1439
-3835
-1437
-3836
-1436
-3836
-1434
-3837
-1433
-3838
-1432
-3838
-1430
-3839
-1428
-3839
-1427
-3840
-1426
-3840
-1424
-3841
-1423
-3842
-1421
-3842
-1420
-3842
-1418
-3843
-1417
-3844
-1415
-3844
-1414
-3845
-1412
-3845
-1411
-3846
-1409
-3846
-1408
-3847
-1406
-3847
-1405
-3848
-1404
-3848
-1402
-3849
-1400
-3850
-1399
-3850
-1398
-3851
-1396
-3851
-1395
-3852
-1393
-3852
-1392
-3853
-1390
-3853
-1389
-3854
-1387
-3854
-1386
-3855
-1384
-3856
-1383
-3856
-1381
-3856
-1380
-3857
-1378
-3858
-1377
-3858
-1375
-3859
-1374
-3859
-1372
-3860
-1371
-3860
-1370
-3861
-1368
-3861
-1366
-3862
-1365
-3862
-1364
-3863
-1362
-3863
-1361
-3864
-1359
-3864
-1358
-3865
-1356
-3865
-1355
-3866
-1353
-3866
-1352
-3867
-1350
-3868
-1349
-3868
-1347
-3868
-1346
-3869
-1344
-3870
-1343
-3870
-1341
-3871
-1340
-3871
-1338
-3872
-1337
-3872
-1335
-3873
-1334
-3873
-1332
-3874
-1331
-3874
-1329
-3875
-1328
-3875
-1326
-3876
-1325
-3876
-1324
-3877
-1322
-3877
-1320
-3878
-1319
-3878
-1318
-3879
-1316
-3879
-1315
-3880
-1313
-3880
-1312
-3881
-1310
-3881
-1309
-3882
-1307
-3882
-1306
-3883
-1304
-3883
-1303
-3884
-1301
-3884
-1300
-3885
-1298
-3885
-1297
-3886
-1295
-3886
-1294
-3887
-1292
-3887
-1291
-3888
-1289
-3888
-1288
-3889
-1286
-3889
-1285
-3890
-1283
-3890
-1282
-3891
-1280
-3891
-1279
-3892
-1277
-3892
-1276
-3893
-1274
-3893
-1273
-3894
-1271
-3894
-1270
-3895
-1268
-3895
-1267
-3896
-1265
-3896
-1264
-3896
-1262
-3897
-1261
-3898
-1259
-3898
-1258
-3898
-1256
-3899
-1255
-3899
-1253
-3900
-1252
-3900
-1250
-3901
-1249
-3901
-1247
-3902
-1246
-3902
-1244
-3903
-1243
-3903
-1242
-3904
-1240
-3904
-1238
-3905
-1237
-3905
-1236
-3906
-1234
-3906
-1232
-3907
-1231
-3907
-1230
-3908
-1228
-3908
-1226
-3908
-1225
-3909
-1224
-3909
-1222
-3910
-1220
-3910
-1219
-3911
-1218
-3911
-1216
-3912
-1214
-3912
-1213
-3913
-1212
-3913
-1210
-3914
-1208
-3914
-1207
-3914
-1206
-3915
-1204
-3916
-1202
-3916
-1201
-3916
-1200
-3917
-1198
-3917
-1196
-3918
-1195
-3918
-1194
-3919
-1192
-3919
-1190
-3920
-1189
-3920
-1188
-3920
-1186
-3921
-1184
-3921
-1183
-3922
-1181
-3922
-1180
-3923
-1178
-3923
-1177
-3924
-1175
-3924
-1174
-3924
-1172
-3925
-1171
-3926
-1169
-3926
-1168
-3926
-1166
-3927
-1165
-3927
-1163
-3928
-1162
-3928
-1160
-3929
-1159
-3929
-1157
-3930
-1156
-3930
-1154
-3930
-1153
-3931
-1151
-3931
-1150
-3932
-1148
-3932
-1147
-3932
-1145
-3933
-1144
-3933
-1142
-3934
-1141
-3934
-1139
-3935
-1138
-3935
-1136
-3936
-1135
-3936
-1133
-3936
-1132
-3937
-1130
-3937
-1129
-3938
-1127
-3938
-1126
-3939
-1124
-3939
-1123
-3940
-1121
-3940
-1120
-3940
-1118
-3941
-1117
-3941
-1115
-3942
-1114
-3942
-1112
-3942
-1110
-3943
-1109
-3943
-1108
-3944
-1106
-3944
-1104
-3945
-1103
-3945
-1102
-3946
-1100
-3946
-1098
-3946
-1097
-3947
-1095
-3947
-1094
-3948
-1092
-3948
-1091
-3948
-1089
-3949
-1088
-3949
-1086
-3950
-1085
-3950
-1083
-3950
-1082
-3951
-1080
-3951
-1079
-3952
-1077
-3952
-1076
-3952
-1074
-3953
-1073
-3953
-1071
-3954
-1070
-3954
-1068
-3955
-1067
-3955
-1065
-3955
-1064
-3956
-1062
-3956
-1061
-3957
-1059
-3957
-1058
-3958
-1056
-3958
-1054
-3958
-1053
-3959
-1052
-3959
-1050
-3960
-1048
-3960
-1047
-3960
-1045
-3961
-1044
-3961
-1042
-3962
-1041
-3962
-1039
-3962
-1038
-3963
-1036
-3963
-1035
-3964
-1033
-3964
-1032
-3964
-1030
-3965
-1029
-3965
-1027
-3965
-1026
-3966
-1024
-3966
-1023
-3967
-1021
-3967
-1020
-3967
-1018
-3968
-1016
-3968
-1015
-3969
-1014
-3969
-1012
-3969
-1010
-3970
-1009
-3970
-1007
-3970
-1006
-3971
-1004
-3971
-1003
-3972
-1001
-3972
-1000
-3972
-998
-3973
-997
-3973
-995
-3974
-994
-3974
-992
-3974
-991
-3975
-989
-3975
-988
-3976
-986
-3976
-984
-3976
-983
-3977
-982
-3977
-980
-3977
-978
-3978
-977
-3978
-975
-3978
-974
-3979
-972
-3979
-971
-3980
-969
-3980
-968
-3980
-966
-3981
-965
-3981
-963
-3982
-962
-3982
-960
-3982
-959
-3982
-957
-3983
-956
-3983
-954
-3984
-952
-3984
-951
-3984
-949
-3985
-948
-3985
-946
-3986
-945
-3986
-943
-3986
-942
-3986
-940
-3987
-939
-3987
-937
-3988
-936
-3988
-934
-3988
-933
-3989
-931
-3989
-930
-3989
-928
-3990
-926
-3990
-925
-3990
-923
-3991
-922
-3991
-920
-3992
-919
-3992
-917
-3992
-916
-3993
-914
-3993
-913
-3993
-911
-3994
-910
-3994
-908
-3994
-907
-3995
-905
-3995
-904
-3995
-902
-3996
-900
-3996
-899
-3996
-897
-3997
-896
-3997
-894
-3998
-893
-3998
-891
-3998
-890
-3998
-888
-3999
-887
-3999
-885
-4000
-884
-4000
-882
-4000
-880
-4000
-879
-4001
-878
-4001
-876
-4002
-874
-4002
-873
-4002
-871
-4002
-870
-4003
-868
-4003
-867
-4004
-865
-4004
-864
-4004
-862
-4004
-860
-4005
-859
-4005
-858
-4006
-856
-4006
-854
-4006
-853
-4006
-851
-4007
-850
-4007
-848
-4008
-847
-4008
-845
-4008
-844
-4008
-842
-4009
-841
-4009
-839
-4009
-838
-4010
-836
-4010
-834
-4010
-833
-4011
-831
-4011
-830
-4011
-828
-4012
-827
-4012
-825
-4012
-824
-4013
-822
-4013
-821
-4013
-819
-4014
-818
-4014
-816
-4014
-814
-4014
-813
-4015
-811
-4015
-810
-4015
-808
-4016
-807
-4016
-805
-4016
-804
-4017
-802
-4017
-801
-4017
-799
-4018
-798
-4018
-796
-4018
-794
-4018
-793
-4019
-791
-4019
-790
-4019
-788
-4020
-787
-4020
-785
-4020
-784
-4021
-782
-4021
-780
-4021
-779
-4022
-778
-4022
-776
-4022
-774
-4022
-773
-4023
-771
-4023
-770
-4023
-768
-4024
-767
-4024
-765
-4024
-764
-4024
-762
-4025
-760
-4025
-759
-4025
-757
-4026
-756
-4026
-754
-4026
-753
-4026
-751
-4027
-750
-4027
-748
-4027
-747
-4028
-745
-4028
-744
-4028
-742
-4028
-740
-4029
-739
-4029
-737
-4029
-736
-4030
-734
-4030
-733
-4030
-731
-4030
-730
-4031
-728
-4031
-726
-4031
-725
-4032
-723
-4032
-722
-4032
-720
-4032
-719
-4033
-717
-4033
-716
-4033
-714
-4034
-713
-4034
-711
-4034
-710
-4034
-708
-4034
-706
-4035
-705
-4035
-703
-4035
-702
-4036
-700
-4036
-699
-4036
-697
-4036
-696
-4037
-694
-4037
-692
-4037
-691
-4038
-689
-4038
-688
-4038
-686
-4038
-685
-4038
-683
-4039
-682
-4039
-680
-4039
-678
-4040
-677
-4040
-675
-4040
-674
-4040
-672
-4041
-671
-4041
-669
-4041
-668
-4041
-666
-4042
-665
-4042
-663
-4042
-662
-4042
-660
-4043
-658
-4043
-657
-4043
-655
-4043
-654
-4044
-652
-4044
-651
-4044
-649
-4044
-648
-4045
-646
-4045
-644
-4045
-643
-4045
-641
-4046
-640
-4046
-638
-4046
-637
-4046
-635
-4047
-634
-4047
-632
-4047
-630
-4047
-629
-4048
-627
-4048
-626
-4048
-624
-4048
-623
-4048
-621
-4049
-620
-4049
-618
-4049
-616
-4050
-615
-4050
-613
-4050
-612
-4050
-610
-4050
-609
-4051
-607
-4051
-606
-4051
-604
-4051
-602
-4052
-601
-4052
-599
-4052
-598
-4052
-596
-4052
-595
-4053
-593
-4053
-592
-4053
-590
-4053
-588
-4054
-587
-4054
-585
-4054
-584
-4054
-582
-4054
-581
-4055
-579
-4055
-578
-4055
-576
-4055
-574
-4056
-573
-4056
-571
-4056
-570
-4056
-568
-4056
-567
-4057
-565
-4057
-564
-4057
-562
-4057
-560
-4058
-559
-4058
-557
-4058
-556
-4058
-554
-4058
-553
-4059
-551
-4059
-550
-4059
-548
-4059
-546
-4060
-545
-4060
-543
-4060
-542
-4060
-540
-4060
-539
-4060
-537
-4061
-536
-4061
-534
-4061
-532
-4061
-531
-4062
-529
-4062
-528
-4062
-526
-4062
-525
-4062
-523
-4063
-522
-4063
-520
-4063
-518
-4063
-517
-4063
-515
-4064
-514
-4064
-512
-4064
-511
-4064
-509
-4064
-508
-4064
-506
-4065
-504
-4065
-503
-4065
-501
-4065
-500
-4066
-498
-4066
-497
-4066
-495
-4066
-494
-4066
-492
-4066
-490
-4067
-489
-4067
-487
-4067
-486
-4067
-484
-4067
-483
-4068
-481
-4068
-480
-4068
-478
-4068
-476
-4068
-475
-4068
-473
-4069
-472
-4069
-470
-4069
-469
-4069
-467
-4069
-466
-4070
-464
-4070
-462
-4070
-461
-4070
-459
-4070
-458
-4070
-456
-4071
-454
-4071
-453
-4071
-451
-4071
-450
-4071
-448
-4072
-447
-4072
-445
-4072
-444
-4072
-442
-4072
-440
-4072
-439
-4072
-437
-4073
-436
-4073
-434
-4073
-433
-4073
-431
-4073
-430
-4074
-428
-4074
-426
-4074
-425
-4074
-423
-4074
-422
-4074
-420
-4074
-419
-4075
-417
-4075
-416
-4075
-414
-4075
-412
-4075
-411
-4075
-409
-4076
-408
-4076
-406
-4076
-404
-4076
-403
-4076
-401
-4076
-400
-4076
-398
-4077
-397
-4077
-395
-4077
-394
-4077
-392
-4077
-390
-4077
-389
-4078
-387
-4078
-386
-4078
-384
-4078
-383
-4078
-381
-4078
-380
-4078
-378
-4079
-376
-4079
-375
-4079
-373
-4079
-372
-4079
-370
-4079
-369
-4080
-367
-4080
-366
-4080
-364
-4080
-362
-4080
-361
-4080
-359
-4080
-358
-4080
-356
-4081
-354
-4081
-353
-4081
-351
-4081
-350
-4081
-348
-4081
-347
-4081
-345
-4082
-344
-4082
-342
-4082
-340
-4082
-339
-4082
-337
-4082
-336
-4082
-334
-4082
-333
-4082
-331
-4083
-330
-4083
-328
-4083
-326
-4083
-325
-4083
-323
-4083
-322
-4083
-320
-4084
-318
-4084
-317
-4084
-315
-4084
-314
-4084
-312
-4084
-311
-4084
-309
-4084
-308
-4084
-306
-4085
-304
-4085
-303
-4085
-301
-4085
-300
-4085
-298
-4085
-296
-4085
-295
-4085
-293
-4086
-292
-4086
-290
-4086
-289
-4086
-287
-4086
-286
-4086
-284
-4086
-282
-4086
-281
-4086
-279
-4086
-278
-4087
-276
-4087
-275
-4087
-273
-4087
-272
-4087
-270
-4087
-268
-4087
-267
-4087
-265
-4088
-264
-4088
-262
-4088
-260
-4088
-259
-4088
-257
-4088
-256
-4088
-254
-4088
-253
-4088
-251
-4088
-250
-4088
-248
-4088
-246
-4089
-245
-4089
-243
-4089
-242
-4089
-240
-4089
-239
-4089
-237
-4089
-235
-4089
-234
-4089
-232
-4089
-231
-4090
-229
-4090
-228
-4090
-226
-4090
-224
-4090
-223
-4090
-221
-4090
-220
-4090
-218
-4090
-217
-4090
-215
-4090
-214
-4090
-212
-4090
-210
-4091
-209
-4091
-207
-4091
-206
-4091
-204
-4091
-202
-4091
-201
-4091
-199
-4091
-198
-4091
-196
-4091
-195
-4091
-193
-4092
-192
-4092
-190
-4092
-188
-4092
-187
-4092
-185
-4092
-184
-4092
-182
-4092
-180
-4092
-179
-4092
-177
-4092
-176
-4092
-174
-4092
-173
-4092
-171
-4092
-170
-4092
-168
-4092
-166
-4093
-165
-4093
-163
-4093
-162
-4093
-160
-4093
-158
-4093
-157
-4093
-155
-4093
-154
-4093
-152
-4093
-151
-4093
-149
-4093
-148
-4093
-146
-4093
-144
-4094
-143
-4094
-141
-4094
-140
-4094
-138
-4094
-137
-4094
-135
-4094
-133
-4094
-132
-4094
-130
-4094
-129
-4094
-127
-4094
-126
-4094
-124
-4094
-122
-4094
-121
-4094
-119
-4094
-118
-4094
-116
-4094
-115
-4094
-113
-4094
-112
-4094
-110
-4094
-108
-4094
-107
-4095
-105
-4095
-104
-4095
-102
-4095
-100
-4095
-99
-4095
-97
-4095
-96
-4095
-94
-4095
-93
-4095
-91
-4095
-90
-4095
-88
-4095
-86
-4095
-85
-4095
-83
-4095
-82
-4095
-80
-4095
-78
-4095
-77
-4095
-75
-4095
-74
-4095
-72
-4095
-71
-4095
-69
-4095
-68
-4095
-66
-4095
-64
-4096
-63
-4096
-61
-4096
-60
-4096
-58
-4096
-56
-4096
-55
-4096
-53
-4096
-52
-4096
-50
-4096
-49
-4096
-47
-4096
-46
-4096
-44
-4096
-42
-4096
-41
-4096
-39
-4096
-38
-4096
-36
-4096
-34
-4096
-33
-4096
-31
-4096
-30
-4096
-28
-4096
-27
-4096
-25
-4096
-24
-4096
-22
-4096
-20
-4096
-19
-4096
-17
-4096
-16
-4096
-14
-4096
-12
-4096
-11
-4096
-9
-4096
-8
-4096
-6
-4096
-5
-4096
-3
-4096
-2
