524287
0
524286
-1608
524278
-3217
524266
-4825
524248
-6434
524226
-8042
524199
-9650
524167
-11258
524130
-12867
524088
-14474
524041
-16082
523989
-17690
523933
-19298
523871
-20905
523804
-22512
523733
-24119
523656
-25726
523575
-27332
523489
-28938
523398
-30544
523301
-32150
523200
-33755
523094
-35360
522983
-36965
522867
-38569
522747
-40173
522621
-41776
522490
-43380
522355
-44982
522214
-46585
522069
-48187
521918
-49788
521763
-51389
521603
-52990
521438
-54590
521268
-56189
521093
-57788
520914
-59386
520729
-60984
520540
-62582
520345
-64178
520146
-65774
519942
-67370
519732
-68965
519518
-70559
519299
-72152
519076
-73745
518847
-75338
518613
-76929
518375
-78520
518132
-80110
517883
-81699
517630
-83287
517372
-84875
517109
-86462
516842
-88048
516569
-89633
516292
-91218
516010
-92801
515722
-94384
515430
-95966
515134
-97546
514832
-99126
514525
-100705
514214
-102284
513898
-103860
513577
-105437
513251
-107012
512920
-108586
512584
-110159
512244
-111731
511899
-113302
511549
-114872
511194
-116441
510834
-118009
510470
-119575
510101
-121141
509727
-122705
509348
-124269
508964
-125831
508576
-127392
508182
-128951
507784
-130510
507382
-132067
506974
-133623
506562
-135178
506145
-136731
505723
-138283
505296
-139834
504865
-141384
504429
-142932
503988
-144479
503542
-146024
503092
-147569
502637
-149111
502177
-150653
501712
-152193
501243
-153731
500769
-155268
500290
-156804
499807
-158338
499319
-159871
498826
-161402
498328
-162931
497826
-164460
497319
-165986
496808
-167511
496291
-169034
495770
-170556
495245
-172076
494715
-173595
494180
-175112
493640
-176627
493096
-178141
492547
-179653
491994
-181163
491436
-182672
490873
-184178
490305
-185684
489734
-187187
489157
-188689
488576
-190188
487990
-191686
487400
-193183
486804
-194677
486205
-196170
485601
-197660
484992
-199149
484379
-200636
483761
-202121
483139
-203605
482512
-205086
481880
-206565
481244
-208043
480604
-209518
479959
-210992
479309
-212463
478655
-213933
477996
-215400
477333
-216866
476666
-218329
475994
-219790
475317
-221250
474636
-222707
473951
-224162
473261
-225615
472566
-227066
471868
-228515
471164
-229961
470456
-231406
469744
-232848
469028
-234288
468307
-235726
467581
-237161
466852
-238595
466117
-240026
465379
-241455
464636
-242882
463888
-244306
463137
-245728
462381
-247148
461620
-248565
460856
-249980
460086
-251393
459313
-252803
458535
-254211
457753
-255617
456967
-257020
456176
-258420
455381
-259819
454582
-261215
453778
-262608
452970
-263999
452158
-265388
451342
-266774
450522
-268157
449697
-269538
448868
-270916
448034
-272292
447197
-273665
446355
-275036
445509
-276404
444659
-277770
443805
-279132
442946
-280493
442084
-281850
441217
-283205
440346
-284558
439471
-285907
438592
-287254
437708
-288598
436821
-289940
435930
-291279
435034
-292615
434134
-293948
433230
-295279
432322
-296606
431410
-297931
430494
-299253
429574
-300573
428650
-301889
427722
-303203
426789
-304514
425853
-305822
424913
-307127
423969
-308429
423020
-309728
422068
-311024
421112
-312318
420152
-313608
419188
-314896
418220
-316180
417248
-317462
416272
-318741
415292
-320016
414308
-321289
413320
-322558
412329
-323825
411334
-325088
410334
-326349
409331
-327606
408324
-328860
407313
-330112
406298
-331360
405280
-332605
404258
-333846
403232
-335085
402202
-336321
401168
-337553
400130
-338782
399089
-340008
398044
-341231
396996
-342451
395943
-343667
394887
-344880
393827
-346090
392763
-347297
391696
-348500
390625
-349700
389550
-350897
388472
-352090
387390
-353280
386304
-354467
385215
-355651
384122
-356831
383025
-358008
381925
-359181
380821
-360351
379714
-361518
378603
-362681
377489
-363841
376371
-364997
375249
-366150
374124
-367300
372995
-368446
371863
-369588
370728
-370728
369588
-371863
368446
-372995
367300
-374124
366150
-375249
364997
-376371
363841
-377489
362681
-378603
361518
-379714
360351
-380821
359181
-381925
358008
-383025
356831
-384122
355651
-385215
354467
-386304
353280
-387390
352090
-388472
350897
-389550
349700
-390625
348500
-391696
347297
-392763
346090
-393827
344880
-394887
343667
-395943
342451
-396996
341231
-398044
340008
-399089
338782
-400130
337553
-401168
336321
-402202
335085
-403232
333846
-404258
332605
-405280
331360
-406298
330112
-407313
328860
-408324
327606
-409331
326349
-410334
325088
-411334
323825
-412329
322558
-413320
321289
-414308
320016
-415292
318741
-416272
317462
-417248
316180
-418220
314896
-419188
313608
-420152
312318
-421112
311024
-422068
309728
-423020
308429
-423969
307127
-424913
305822
-425853
304514
-426789
303203
-427722
301889
-428650
300573
-429574
299253
-430494
297931
-431410
296606
-432322
295279
-433230
293948
-434134
292615
-435034
291279
-435930
289940
-436821
288598
-437708
287254
-438592
285907
-439471
284558
-440346
283205
-441217
281850
-442084
280493
-442946
279132
-443805
277770
-444659
276404
-445509
275036
-446355
273665
-447197
272292
-448034
270916
-448868
269538
-449697
268157
-450522
266774
-451342
265388
-452158
263999
-452970
262608
-453778
261215
-454582
259819
-455381
258420
-456176
257020
-456967
255617
-457753
254211
-458535
252803
-459313
251393
-460086
249980
-460856
248565
-461620
247148
-462381
245728
-463137
244306
-463888
242882
-464636
241455
-465379
240026
-466117
238595
-466852
237161
-467581
235726
-468307
234288
-469028
232848
-469744
231406
-470456
229961
-471164
228515
-471868
227066
-472566
225615
-473261
224162
-473951
222707
-474636
221250
-475317
219790
-475994
218329
-476666
216866
-477333
215400
-477996
213933
-478655
212463
-479309
210992
-479959
209518
-480604
208043
-481244
206565
-481880
205086
-482512
203605
-483139
202121
-483761
200636
-484379
199149
-484992
197660
-485601
196170
-486205
194677
-486804
193183
-487400
191686
-487990
190188
-488576
188689
-489157
187187
-489734
185684
-490305
184178
-490873
182672
-491436
181163
-491994
179653
-492547
178141
-493096
176627
-493640
175112
-494180
173595
-494715
172076
-495245
170556
-495770
169034
-496291
167511
-496808
165986
-497319
164460
-497826
162931
-498328
161402
-498826
159871
-499319
158338
-499807
156804
-500290
155268
-500769
153731
-501243
152193
-501712
150653
-502177
149111
-502637
147569
-503092
146024
-503542
144479
-503988
142932
-504429
141384
-504865
139834
-505296
138283
-505723
136731
-506145
135178
-506562
133623
-506974
132067
-507382
130510
-507784
128951
-508182
127392
-508576
125831
-508964
124269
-509348
122705
-509727
121141
-510101
119575
-510470
118009
-510834
116441
-511194
114872
-511549
113302
-511899
111731
-512244
110159
-512584
108586
-512920
107012
-513251
105437
-513577
103860
-513898
102284
-514214
100705
-514525
99126
-514832
97546
-515134
95966
-515430
94384
-515722
92801
-516010
91218
-516292
89633
-516569
88048
-516842
86462
-517109
84875
-517372
83287
-517630
81699
-517883
80110
-518132
78520
-518375
76929
-518613
75338
-518847
73745
-519076
72152
-519299
70559
-519518
68965
-519732
67370
-519942
65774
-520146
64178
-520345
62582
-520540
60984
-520729
59386
-520914
57788
-521093
56189
-521268
54590
-521438
52990
-521603
51389
-521763
49788
-521918
48187
-522069
46585
-522214
44982
-522355
43380
-522490
41776
-522621
40173
-522747
38569
-522867
36965
-522983
35360
-523094
33755
-523200
32150
-523301
30544
-523398
28938
-523489
27332
-523575
25726
-523656
24119
-523733
22512
-523804
20905
-523871
19298
-523933
17690
-523989
16082
-524041
14474
-524088
12867
-524130
11258
-524167
9650
-524199
8042
-524226
6434
-524248
4825
-524266
3217
-524278
1608
-524286
0
-524288
-1608
-524286
-3217
-524278
-4825
-524266
-6434
-524248
-8042
-524226
-9650
-524199
-11258
-524167
-12867
-524130
-14474
-524088
-16082
-524041
-17690
-523989
-19298
-523933
-20905
-523871
-22512
-523804
-24119
-523733
-25726
-523656
-27332
-523575
-28938
-523489
-30544
-523398
-32150
-523301
-33755
-523200
-35360
-523094
-36965
-522983
-38569
-522867
-40173
-522747
-41776
-522621
-43380
-522490
-44982
-522355
-46585
-522214
-48187
-522069
-49788
-521918
-51389
-521763
-52990
-521603
-54590
-521438
-56189
-521268
-57788
-521093
-59386
-520914
-60984
-520729
-62582
-520540
-64178
-520345
-65774
-520146
-67370
-519942
-68965
-519732
-70559
-519518
-72152
-519299
-73745
-519076
-75338
-518847
-76929
-518613
-78520
-518375
-80110
-518132
-81699
-517883
-83287
-517630
-84875
-517372
-86462
-517109
-88048
-516842
-89633
-516569
-91218
-516292
-92801
-516010
-94384
-515722
-95966
-515430
-97546
-515134
-99126
-514832
-100705
-514525
-102284
-514214
-103860
-513898
-105437
-513577
-107012
-513251
-108586
-512920
-110159
-512584
-111731
-512244
-113302
-511899
-114872
-511549
-116441
-511194
-118009
-510834
-119575
-510470
-121141
-510101
-122705
-509727
-124269
-509348
-125831
-508964
-127392
-508576
-128951
-508182
-130510
-507784
-132067
-507382
-133623
-506974
-135178
-506562
-136731
-506145
-138283
-505723
-139834
-505296
-141384
-504865
-142932
-504429
-144479
-503988
-146024
-503542
-147569
-503092
-149111
-502637
-150653
-502177
-152193
-501712
-153731
-501243
-155268
-500769
-156804
-500290
-158338
-499807
-159871
-499319
-161402
-498826
-162931
-498328
-164460
-497826
-165986
-497319
-167511
-496808
-169034
-496291
-170556
-495770
-172076
-495245
-173595
-494715
-175112
-494180
-176627
-493640
-178141
-493096
-179653
-492547
-181163
-491994
-182672
-491436
-184178
-490873
-185684
-490305
-187187
-489734
-188689
-489157
-190188
-488576
-191686
-487990
-193183
-487400
-194677
-486804
-196170
-486205
-197660
-485601
-199149
-484992
-200636
-484379
-202121
-483761
-203605
-483139
-205086
-482512
-206565
-481880
-208043
-481244
-209518
-480604
-210992
-479959
-212463
-479309
-213933
-478655
-215400
-477996
-216866
-477333
-218329
-476666
-219790
-475994
-221250
-475317
-222707
-474636
-224162
-473951
-225615
-473261
-227066
-472566
-228515
-471868
-229961
-471164
-231406
-470456
-232848
-469744
-234288
-469028
-235726
-468307
-237161
-467581
-238595
-466852
-240026
-466117
-241455
-465379
-242882
-464636
-244306
-463888
-245728
-463137
-247148
-462381
-248565
-461620
-249980
-460856
-251393
-460086
-252803
-459313
-254211
-458535
-255617
-457753
-257020
-456967
-258420
-456176
-259819
-455381
-261215
-454582
-262608
-453778
-263999
-452970
-265388
-452158
-266774
-451342
-268157
-450522
-269538
-449697
-270916
-448868
-272292
-448034
-273665
-447197
-275036
-446355
-276404
-445509
-277770
-444659
-279132
-443805
-280493
-442946
-281850
-442084
-283205
-441217
-284558
-440346
-285907
-439471
-287254
-438592
-288598
-437708
-289940
-436821
-291279
-435930
-292615
-435034
-293948
-434134
-295279
-433230
-296606
-432322
-297931
-431410
-299253
-430494
-300573
-429574
-301889
-428650
-303203
-427722
-304514
-426789
-305822
-425853
-307127
-424913
-308429
-423969
-309728
-423020
-311024
-422068
-312318
-421112
-313608
-420152
-314896
-419188
-316180
-418220
-317462
-417248
-318741
-416272
-320016
-415292
-321289
-414308
-322558
-413320
-323825
-412329
-325088
-411334
-326349
-410334
-327606
-409331
-328860
-408324
-330112
-407313
-331360
-406298
-332605
-405280
-333846
-404258
-335085
-403232
-336321
-402202
-337553
-401168
-338782
-400130
-340008
-399089
-341231
-398044
-342451
-396996
-343667
-395943
-344880
-394887
-346090
-393827
-347297
-392763
-348500
-391696
-349700
-390625
-350897
-389550
-352090
-388472
-353280
-387390
-354467
-386304
-355651
-385215
-356831
-384122
-358008
-383025
-359181
-381925
-360351
-380821
-361518
-379714
-362681
-378603
-363841
-377489
-364997
-376371
-366150
-375249
-367300
-374124
-368446
-372995
-369588
-371863
-370728
-370728
-371863
-369588
-372995
-368446
-374124
-367300
-375249
-366150
-376371
-364997
-377489
-363841
-378603
-362681
-379714
-361518
-380821
-360351
-381925
-359181
-383025
-358008
-384122
-356831
-385215
-355651
-386304
-354467
-387390
-353280
-388472
-352090
-389550
-350897
-390625
-349700
-391696
-348500
-392763
-347297
-393827
-346090
-394887
-344880
-395943
-343667
-396996
-342451
-398044
-341231
-399089
-340008
-400130
-338782
-401168
-337553
-402202
-336321
-403232
-335085
-404258
-333846
-405280
-332605
-406298
-331360
-407313
-330112
-408324
-328860
-409331
-327606
-410334
-326349
-411334
-325088
-412329
-323825
-413320
-322558
-414308
-321289
-415292
-320016
-416272
-318741
-417248
-317462
-418220
-316180
-419188
-314896
-420152
-313608
-421112
-312318
-422068
-311024
-423020
-309728
-423969
-308429
-424913
-307127
-425853
-305822
-426789
-304514
-427722
-303203
-428650
-301889
-429574
-300573
-430494
-299253
-431410
-297931
-432322
-296606
-433230
-295279
-434134
-293948
-435034
-292615
-435930
-291279
-436821
-289940
-437708
-288598
-438592
-287254
-439471
-285907
-440346
-284558
-441217
-283205
-442084
-281850
-442946
-280493
-443805
-279132
-444659
-277770
-445509
-276404
-446355
-275036
-447197
-273665
-448034
-272292
-448868
-270916
-449697
-269538
-450522
-268157
-451342
-266774
-452158
-265388
-452970
-263999
-453778
-262608
-454582
-261215
-455381
-259819
-456176
-258420
-456967
-257020
-457753
-255617
-458535
-254211
-459313
-252803
-460086
-251393
-460856
-249980
-461620
-248565
-462381
-247148
-463137
-245728
-463888
-244306
-464636
-242882
-465379
-241455
-466117
-240026
-466852
-238595
-467581
-237161
-468307
-235726
-469028
-234288
-469744
-232848
-470456
-231406
-471164
-229961
-471868
-228515
-472566
-227066
-473261
-225615
-473951
-224162
-474636
-222707
-475317
-221250
-475994
-219790
-476666
-218329
-477333
-216866
-477996
-215400
-478655
-213933
-479309
-212463
-479959
-210992
-480604
-209518
-481244
-208043
-481880
-206565
-482512
-205086
-483139
-203605
-483761
-202121
-484379
-200636
-484992
-199149
-485601
-197660
-486205
-196170
-486804
-194677
-487400
-193183
-487990
-191686
-488576
-190188
-489157
-188689
-489734
-187187
-490305
-185684
-490873
-184178
-491436
-182672
-491994
-181163
-492547
-179653
-493096
-178141
-493640
-176627
-494180
-175112
-494715
-173595
-495245
-172076
-495770
-170556
-496291
-169034
-496808
-167511
-497319
-165986
-497826
-164460
-498328
-162931
-498826
-161402
-499319
-159871
-499807
-158338
-500290
-156804
-500769
-155268
-501243
-153731
-501712
-152193
-502177
-150653
-502637
-149111
-503092
-147569
-503542
-146024
-503988
-144479
-504429
-142932
-504865
-141384
-505296
-139834
-505723
-138283
-506145
-136731
-506562
-135178
-506974
-133623
-507382
-132067
-507784
-130510
-508182
-128951
-508576
-127392
-508964
-125831
-509348
-124269
-509727
-122705
-510101
-121141
-510470
-119575
-510834
-118009
-511194
-116441
-511549
-114872
-511899
-113302
-512244
-111731
-512584
-110159
-512920
-108586
-513251
-107012
-513577
-105437
-513898
-103860
-514214
-102284
-514525
-100705
-514832
-99126
-515134
-97546
-515430
-95966
-515722
-94384
-516010
-92801
-516292
-91218
-516569
-89633
-516842
-88048
-517109
-86462
-517372
-84875
-517630
-83287
-517883
-81699
-518132
-80110
-518375
-78520
-518613
-76929
-518847
-75338
-519076
-73745
-519299
-72152
-519518
-70559
-519732
-68965
-519942
-67370
-520146
-65774
-520345
-64178
-520540
-62582
-520729
-60984
-520914
-59386
-521093
-57788
-521268
-56189
-521438
-54590
-521603
-52990
-521763
-51389
-521918
-49788
-522069
-48187
-522214
-46585
-522355
-44982
-522490
-43380
-522621
-41776
-522747
-40173
-522867
-38569
-522983
-36965
-523094
-35360
-523200
-33755
-523301
-32150
-523398
-30544
-523489
-28938
-523575
-27332
-523656
-25726
-523733
-24119
-523804
-22512
-523871
-20905
-523933
-19298
-523989
-17690
-524041
-16082
-524088
-14474
-524130
-12867
-524167
-11258
-524199
-9650
-524226
-8042
-524248
-6434
-524266
-4825
-524278
-3217
-524286
-1608
