1048575
0
1048556
-6434
1048497
-12868
1048398
-19301
1048260
-25733
1048082
-32165
1047865
-38595
1047609
-45024
1047313
-51451
1046978
-57876
1046603
-64299
1046188
-70720
1045735
-77138
1045242
-83553
1044709
-89965
1044138
-96374
1043527
-102778
1042876
-109179
1042187
-115576
1041458
-121969
1040690
-128357
1039883
-134740
1039037
-141118
1038151
-147491
1037227
-153858
1036263
-160219
1035260
-166575
1034219
-172924
1033138
-179266
1032019
-185602
1030861
-191931
1029664
-198253
1028428
-204567
1027153
-210873
1025840
-217172
1024488
-223462
1023098
-229744
1021669
-236018
1020201
-242282
1018696
-248537
1017151
-254783
1015569
-261020
1013948
-267246
1012289
-273462
1010592
-279668
1008857
-285864
1007084
-292049
1005273
-298223
1003425
-304386
1001538
-310537
999614
-316676
997652
-322804
995652
-328919
993616
-335022
991541
-341112
989429
-347190
987280
-353254
985094
-359306
982871
-365343
980611
-371367
978314
-377377
975980
-383373
973609
-389354
971202
-395321
968758
-401273
966278
-407209
963761
-413130
961208
-419036
958618
-424926
955993
-430800
953332
-436658
950634
-442499
947901
-448324
945133
-454132
942328
-459922
939489
-465696
936614
-471452
933703
-477190
930758
-482910
927777
-488612
924761
-494295
921711
-499960
918626
-505606
915506
-511233
912352
-516841
909164
-522430
905941
-527998
902684
-533547
899394
-539076
896069
-544584
892710
-550072
889319
-555539
885893
-560986
882434
-566411
878942
-571815
875417
-577197
871859
-582558
868268
-587896
864644
-593213
860988
-598507
857300
-603779
853579
-609028
849826
-614254
846041
-619456
842224
-624636
838376
-629792
834495
-634924
830584
-640033
826641
-645117
822667
-650177
818662
-655213
814626
-660224
810560
-665210
806463
-670170
802336
-675106
798178
-680017
793991
-684901
789774
-689760
785526
-694593
781250
-699400
776944
-704180
772608
-708934
768244
-713662
763850
-718362
759428
-723036
754977
-727682
750498
-732300
745991
-736892
741455
-741455
736892
-745991
732300
-750498
727682
-754977
723036
-759428
718362
-763850
713662
-768244
708934
-772608
704180
-776944
699400
-781250
694593
-785526
689760
-789774
684901
-793991
680017
-798178
675106
-802336
670170
-806463
665210
-810560
660224
-814626
655213
-818662
650177
-822667
645117
-826641
640033
-830584
634924
-834495
629792
-838376
624636
-842224
619456
-846041
614254
-849826
609028
-853579
603779
-857300
598507
-860988
593213
-864644
587896
-868268
582558
-871859
577197
-875417
571815
-878942
566411
-882434
560986
-885893
555539
-889319
550072
-892710
544584
-896069
539076
-899394
533547
-902684
527998
-905941
522430
-909164
516841
-912352
511233
-915506
505606
-918626
499960
-921711
494295
-924761
488612
-927777
482910
-930758
477190
-933703
471452
-936614
465696
-939489
459922
-942328
454132
-945133
448324
-947901
442499
-950634
436658
-953332
430800
-955993
424926
-958618
419036
-961208
413130
-963761
407209
-966278
401273
-968758
395321
-971202
389354
-973609
383373
-975980
377377
-978314
371367
-980611
365343
-982871
359306
-985094
353254
-987280
347190
-989429
341112
-991541
335022
-993616
328919
-995652
322804
-997652
316676
-999614
310537
-1001538
304386
-1003425
298223
-1005273
292049
-1007084
285864
-1008857
279668
-1010592
273462
-1012289
267246
-1013948
261020
-1015569
254783
-1017151
248537
-1018696
242282
-1020201
236018
-1021669
229744
-1023098
223462
-1024488
217172
-1025840
210873
-1027153
204567
-1028428
198253
-1029664
191931
-1030861
185602
-1032019
179266
-1033138
172924
-1034219
166575
-1035260
160219
-1036263
153858
-1037227
147491
-1038151
141118
-1039037
134740
-1039883
128357
-1040690
121969
-1041458
115576
-1042187
109179
-1042876
102778
-1043527
96374
-1044138
89965
-1044709
83553
-1045242
77138
-1045735
70720
-1046188
64299
-1046603
57876
-1046978
51451
-1047313
45024
-1047609
38595
-1047865
32165
-1048082
25733
-1048260
19301
-1048398
12868
-1048497
6434
-1048556
0
-1048576
-6434
-1048556
-12868
-1048497
-19301
-1048398
-25733
-1048260
-32165
-1048082
-38595
-1047865
-45024
-1047609
-51451
-1047313
-57876
-1046978
-64299
-1046603
-70720
-1046188
-77138
-1045735
-83553
-1045242
-89965
-1044709
-96374
-1044138
-102778
-1043527
-109179
-1042876
-115576
-1042187
-121969
-1041458
-128357
-1040690
-134740
-1039883
-141118
-1039037
-147491
-1038151
-153858
-1037227
-160219
-1036263
-166575
-1035260
-172924
-1034219
-179266
-1033138
-185602
-1032019
-191931
-1030861
-198253
-1029664
-204567
-1028428
-210873
-1027153
-217172
-1025840
-223462
-1024488
-229744
-1023098
-236018
-1021669
-242282
-1020201
-248537
-1018696
-254783
-1017151
-261020
-1015569
-267246
-1013948
-273462
-1012289
-279668
-1010592
-285864
-1008857
-292049
-1007084
-298223
-1005273
-304386
-1003425
-310537
-1001538
-316676
-999614
-322804
-997652
-328919
-995652
-335022
-993616
-341112
-991541
-347190
-989429
-353254
-987280
-359306
-985094
-365343
-982871
-371367
-980611
-377377
-978314
-383373
-975980
-389354
-973609
-395321
-971202
-401273
-968758
-407209
-966278
-413130
-963761
-419036
-961208
-424926
-958618
-430800
-955993
-436658
-953332
-442499
-950634
-448324
-947901
-454132
-945133
-459922
-942328
-465696
-939489
-471452
-936614
-477190
-933703
-482910
-930758
-488612
-927777
-494295
-924761
-499960
-921711
-505606
-918626
-511233
-915506
-516841
-912352
-522430
-909164
-527998
-905941
-533547
-902684
-539076
-899394
-544584
-896069
-550072
-892710
-555539
-889319
-560986
-885893
-566411
-882434
-571815
-878942
-577197
-875417
-582558
-871859
-587896
-868268
-593213
-864644
-598507
-860988
-603779
-857300
-609028
-853579
-614254
-849826
-619456
-846041
-624636
-842224
-629792
-838376
-634924
-834495
-640033
-830584
-645117
-826641
-650177
-822667
-655213
-818662
-660224
-814626
-665210
-810560
-670170
-806463
-675106
-802336
-680017
-798178
-684901
-793991
-689760
-789774
-694593
-785526
-699400
-781250
-704180
-776944
-708934
-772608
-713662
-768244
-718362
-763850
-723036
-759428
-727682
-754977
-732300
-750498
-736892
-745991
-741455
-741455
-745991
-736892
-750498
-732300
-754977
-727682
-759428
-723036
-763850
-718362
-768244
-713662
-772608
-708934
-776944
-704180
-781250
-699400
-785526
-694593
-789774
-689760
-793991
-684901
-798178
-680017
-802336
-675106
-806463
-670170
-810560
-665210
-814626
-660224
-818662
-655213
-822667
-650177
-826641
-645117
-830584
-640033
-834495
-634924
-838376
-629792
-842224
-624636
-846041
-619456
-849826
-614254
-853579
-609028
-857300
-603779
-860988
-598507
-864644
-593213
-868268
-587896
-871859
-582558
-875417
-577197
-878942
-571815
-882434
-566411
-885893
-560986
-889319
-555539
-892710
-550072
-896069
-544584
-899394
-539076
-902684
-533547
-905941
-527998
-909164
-522430
-912352
-516841
-915506
-511233
-918626
-505606
-921711
-499960
-924761
-494295
-927777
-488612
-930758
-482910
-933703
-477190
-936614
-471452
-939489
-465696
-942328
-459922
-945133
-454132
-947901
-448324
-950634
-442499
-953332
-436658
-955993
-430800
-958618
-424926
-961208
-419036
-963761
-413130
-966278
-407209
-968758
-401273
-971202
-395321
-973609
-389354
-975980
-383373
-978314
-377377
-980611
-371367
-982871
-365343
-985094
-359306
-987280
-353254
-989429
-347190
-991541
-341112
-993616
-335022
-995652
-328919
-997652
-322804
-999614
-316676
-1001538
-310537
-1003425
-304386
-1005273
-298223
-1007084
-292049
-1008857
-285864
-1010592
-279668
-1012289
-273462
-1013948
-267246
-1015569
-261020
-1017151
-254783
-1018696
-248537
-1020201
-242282
-1021669
-236018
-1023098
-229744
-1024488
-223462
-1025840
-217172
-1027153
-210873
-1028428
-204567
-1029664
-198253
-1030861
-191931
-1032019
-185602
-1033138
-179266
-1034219
-172924
-1035260
-166575
-1036263
-160219
-1037227
-153858
-1038151
-147491
-1039037
-141118
-1039883
-134740
-1040690
-128357
-1041458
-121969
-1042187
-115576
-1042876
-109179
-1043527
-102778
-1044138
-96374
-1044709
-89965
-1045242
-83553
-1045735
-77138
-1046188
-70720
-1046603
-64299
-1046978
-57876
-1047313
-51451
-1047609
-45024
-1047865
-38595
-1048082
-32165
-1048260
-25733
-1048398
-19301
-1048497
-12868
-1048556
-6434
