32767
0
32766
-402
32758
-804
32746
-1206
32728
-1608
32706
-2009
32679
-2410
32647
-2811
32610
-3212
32568
-3612
32522
-4011
32470
-4410
32413
-4808
32352
-5205
32286
-5602
32214
-5998
32138
-6393
32058
-6787
31972
-7180
31881
-7571
31786
-7962
31686
-8351
31581
-8740
31471
-9126
31357
-9512
31238
-9896
31114
-10279
30986
-10660
30852
-11039
30715
-11417
30572
-11793
30425
-12167
30274
-12540
30118
-12910
29957
-13279
29792
-13646
29622
-14010
29448
-14372
29269
-14733
29086
-15091
28899
-15447
28707
-15800
28511
-16151
28311
-16500
28106
-16846
27897
-17190
27684
-17531
27467
-17869
27246
-18205
27020
-18538
26790
-18868
26557
-19195
26320
-19520
26078
-19841
25832
-20160
25583
-20475
25330
-20788
25073
-21097
24812
-21403
24548
-21706
24279
-22006
24008
-22302
23732
-22595
23453
-22884
23170
-23170
22884
-23453
22595
-23732
22302
-24008
22006
-24279
21706
-24548
21403
-24812
21097
-25073
20788
-25330
20475
-25583
20160
-25832
19841
-26078
19520
-26320
19195
-26557
18868
-26790
18538
-27020
18205
-27246
17869
-27467
17531
-27684
17190
-27897
16846
-28106
16500
-28311
16151
-28511
15800
-28707
15447
-28899
15091
-29086
14733
-29269
14372
-29448
14010
-29622
13646
-29792
13279
-29957
12910
-30118
12540
-30274
12167
-30425
11793
-30572
11417
-30715
11039
-30852
10660
-30986
10279
-31114
9896
-31238
9512
-31357
9126
-31471
8740
-31581
8351
-31686
7962
-31786
7571
-31881
7180
-31972
6787
-32058
6393
-32138
5998
-32214
5602
-32286
5205
-32352
4808
-32413
4410
-32470
4011
-32522
3612
-32568
3212
-32610
2811
-32647
2410
-32679
2009
-32706
1608
-32728
1206
-32746
804
-32758
402
-32766
0
-32768
-402
-32766
-804
-32758
-1206
-32746
-1608
-32728
-2009
-32706
-2410
-32679
-2811
-32647
-3212
-32610
-3612
-32568
-4011
-32522
-4410
-32470
-4808
-32413
-5205
-32352
-5602
-32286
-5998
-32214
-6393
-32138
-6787
-32058
-7180
-31972
-7571
-31881
-7962
-31786
-8351
-31686
-8740
-31581
-9126
-31471
-9512
-31357
-9896
-31238
-10279
-31114
-10660
-30986
-11039
-30852
-11417
-30715
-11793
-30572
-12167
-30425
-12540
-30274
-12910
-30118
-13279
-29957
-13646
-29792
-14010
-29622
-14372
-29448
-14733
-29269
-15091
-29086
-15447
-28899
-15800
-28707
-16151
-28511
-16500
-28311
-16846
-28106
-17190
-27897
-17531
-27684
-17869
-27467
-18205
-27246
-18538
-27020
-18868
-26790
-19195
-26557
-19520
-26320
-19841
-26078
-20160
-25832
-20475
-25583
-20788
-25330
-21097
-25073
-21403
-24812
-21706
-24548
-22006
-24279
-22302
-24008
-22595
-23732
-22884
-23453
-23170
-23170
-23453
-22884
-23732
-22595
-24008
-22302
-24279
-22006
-24548
-21706
-24812
-21403
-25073
-21097
-25330
-20788
-25583
-20475
-25832
-20160
-26078
-19841
-26320
-19520
-26557
-19195
-26790
-18868
-27020
-18538
-27246
-18205
-27467
-17869
-27684
-17531
-27897
-17190
-28106
-16846
-28311
-16500
-28511
-16151
-28707
-15800
-28899
-15447
-29086
-15091
-29269
-14733
-29448
-14372
-29622
-14010
-29792
-13646
-29957
-13279
-30118
-12910
-30274
-12540
-30425
-12167
-30572
-11793
-30715
-11417
-30852
-11039
-30986
-10660
-31114
-10279
-31238
-9896
-31357
-9512
-31471
-9126
-31581
-8740
-31686
-8351
-31786
-7962
-31881
-7571
-31972
-7180
-32058
-6787
-32138
-6393
-32214
-5998
-32286
-5602
-32352
-5205
-32413
-4808
-32470
-4410
-32522
-4011
-32568
-3612
-32610
-3212
-32647
-2811
-32679
-2410
-32706
-2009
-32728
-1608
-32746
-1206
-32758
-804
-32766
-402
