4194303
0
4194299
-6434
4194284
-12868
4194260
-19302
4194225
-25736
4194181
-32170
4194126
-38603
4194062
-45037
4193988
-51470
4193904
-57904
4193810
-64337
4193707
-70770
4193593
-77203
4193470
-83636
4193337
-90069
4193194
-96501
4193041
-102933
4192878
-109365
4192705
-115797
4192523
-122228
4192330
-128659
4192128
-135090
4191916
-141521
4191694
-147951
4191462
-154381
4191220
-160810
4190968
-167239
4190707
-173668
4190436
-180096
4190154
-186524
4189863
-192951
4189562
-199378
4189252
-205805
4188931
-212231
4188601
-218656
4188260
-225081
4187910
-231506
4187550
-237930
4187180
-244353
4186800
-250776
4186411
-257198
4186011
-263619
4185602
-270040
4185183
-276461
4184754
-282880
4184315
-289299
4183866
-295718
4183408
-302135
4182939
-308552
4182461
-314968
4181973
-321384
4181475
-327798
4180967
-334212
4180450
-340625
4179922
-347038
4179385
-353449
4178838
-359860
4178281
-366270
4177714
-372679
4177138
-379087
4176551
-385494
4175955
-391900
4175349
-398306
4174733
-404710
4174107
-411114
4173472
-417516
4172826
-423918
4172171
-430318
4171506
-436718
4170831
-443116
4170147
-449514
4169452
-455910
4168748
-462305
4168034
-468700
4167310
-475093
4166576
-481485
4165833
-487876
4165080
-494265
4164316
-500654
4163544
-507041
4162761
-513428
4161968
-519812
4161166
-526196
4160354
-532579
4159532
-538960
4158700
-545340
4157859
-551719
4157008
-558096
4156147
-564472
4155276
-570847
4154396
-577221
4153505
-583593
4152605
-589963
4151695
-596333
4150776
-602701
4149846
-609067
4148907
-615432
4147958
-621796
4146999
-628158
4146031
-634519
4145053
-640878
4144065
-647236
4143067
-653592
4142060
-659946
4141042
-666299
4140015
-672651
4138978
-679001
4137932
-685349
4136876
-691696
4135810
-698041
4134734
-704384
4133649
-710726
4132554
-717066
4131449
-723404
4130334
-729741
4129210
-736076
4128076
-742410
4126933
-748741
4125779
-755071
4124616
-761399
4123443
-767725
4122261
-774049
4121068
-780372
4119866
-786692
4118655
-793011
4117434
-799328
4116203
-805644
4114962
-811957
4113712
-818268
4112452
-824578
4111182
-830885
4109902
-837190
4108613
-843494
4107315
-849796
4106006
-856095
4104688
-862392
4103360
-868688
4102023
-874982
4100676
-881273
4099319
-887562
4097953
-893849
4096577
-900134
4095191
-906418
4093796
-912698
4092391
-918977
4090977
-925254
4089553
-931528
4088119
-937800
4086676
-944070
4085222
-950338
4083760
-956604
4082288
-962867
4080806
-969128
4079314
-975387
4077813
-981643
4076303
-987897
4074783
-994149
4073253
-1000398
4071713
-1006646
4070164
-1012890
4068606
-1019133
4067038
-1025373
4065460
-1031610
4063873
-1037845
4062276
-1044078
4060670
-1050308
4059054
-1056536
4057428
-1062761
4055793
-1068984
4054149
-1075204
4052494
-1081422
4050831
-1087637
4049158
-1093850
4047475
-1100060
4045783
-1106267
4044081
-1112472
4042370
-1118674
4040649
-1124874
4038919
-1131071
4037179
-1137265
4035430
-1143457
4033671
-1149646
4031902
-1155832
4030125
-1162015
4028338
-1168196
4026541
-1174374
4024735
-1180550
4022919
-1186722
4021094
-1192892
4019259
-1199058
4017415
-1205222
4015562
-1211384
4013699
-1217542
4011826
-1223698
4009944
-1229850
4008053
-1236000
4006152
-1242147
4004242
-1248291
4002323
-1254432
4000394
-1260570
3998455
-1266705
3996508
-1272837
3994550
-1278966
3992584
-1285092
3990608
-1291215
3988622
-1297335
3986628
-1303452
3984623
-1309566
3982610
-1315676
3980587
-1321784
3978555
-1327889
3976513
-1333990
3974462
-1340089
3972402
-1346184
3970332
-1352276
3968253
-1358365
3966164
-1364450
3964067
-1370533
3961960
-1376612
3959843
-1382688
3957718
-1388760
3955583
-1394830
3953438
-1400896
3951285
-1406959
3949122
-1413018
3946950
-1419075
3944768
-1425128
3942578
-1431177
3940378
-1437223
3938168
-1443266
3935950
-1449305
3933722
-1455341
3931485
-1461374
3929238
-1467403
3926983
-1473428
3924718
-1479451
3922444
-1485469
3920161
-1491485
3917868
-1497496
3915566
-1503504
3913255
-1509509
3910935
-1515510
3908606
-1521508
3906267
-1527502
3903920
-1533492
3901563
-1539479
3899196
-1545462
3896821
-1551441
3894437
-1557417
3892043
-1563389
3889640
-1569358
3887228
-1575322
3884807
-1581284
3882377
-1587241
3879938
-1593195
3877489
-1599144
3875032
-1605091
3872565
-1611033
3870089
-1616972
3867604
-1622906
3865110
-1628837
3862607
-1634764
3860095
-1640688
3857573
-1646607
3855043
-1652522
3852503
-1658434
3849955
-1664342
3847397
-1670246
3844831
-1676145
3842255
-1682041
3839670
-1687933
3837076
-1693821
3834474
-1699705
3831862
-1705585
3829241
-1711461
3826611
-1717333
3823972
-1723201
3821324
-1729065
3818668
-1734925
3816002
-1740780
3813327
-1746632
3810643
-1752480
3807950
-1758323
3805249
-1764162
3802538
-1769997
3799818
-1775828
3797090
-1781655
3794352
-1787478
3791606
-1793296
3788850
-1799110
3786086
-1804920
3783313
-1810726
3780531
-1816527
3777740
-1822324
3774940
-1828117
3772132
-1833906
3769314
-1839690
3766487
-1845470
3763652
-1851245
3760808
-1857016
3757955
-1862783
3755093
-1868546
3752222
-1874304
3749343
-1880057
3746454
-1885806
3743557
-1891551
3740651
-1897292
3737736
-1903028
3734813
-1908759
3731880
-1914486
3728939
-1920208
3725989
-1925926
3723030
-1931639
3720063
-1937348
3717087
-1943052
3714102
-1948752
3711108
-1954447
3708106
-1960138
3705094
-1965823
3702074
-1971505
3699046
-1977181
3696008
-1982853
3692962
-1988520
3689908
-1994183
3686844
-1999841
3683772
-2005494
3680692
-2011142
3677602
-2016786
3674504
-2022425
3671398
-2028060
3668282
-2033689
3665158
-2039314
3662026
-2044934
3658884
-2050549
3655735
-2056159
3652576
-2061764
3649409
-2067365
3646234
-2072960
3643050
-2078551
3639857
-2084137
3636656
-2089718
3633446
-2095294
3630227
-2100866
3627000
-2106432
3623765
-2111993
3620521
-2117549
3617268
-2123101
3614007
-2128647
3610738
-2134188
3607460
-2139724
3604173
-2145256
3600878
-2150782
3597574
-2156303
3594262
-2161819
3590942
-2167330
3587613
-2172836
3584276
-2178337
3580930
-2183832
3577576
-2189323
3574213
-2194808
3570842
-2200288
3567463
-2205764
3564075
-2211233
3560679
-2216698
3557274
-2222157
3553862
-2227612
3550440
-2233060
3547011
-2238504
3543573
-2243943
3540126
-2249376
3536672
-2254804
3533209
-2260226
3529737
-2265643
3526258
-2271055
3522770
-2276462
3519274
-2281863
3515769
-2287259
3512256
-2292649
3508735
-2298034
3505206
-2303414
3501669
-2308788
3498123
-2314157
3494569
-2319520
3491007
-2324878
3487436
-2330230
3483858
-2335577
3480271
-2340919
3476676
-2346255
3473073
-2351585
3469461
-2356910
3465842
-2362229
3462214
-2367543
3458578
-2372851
3454934
-2378154
3451282
-2383451
3447622
-2388742
3443954
-2394028
3440277
-2399308
3436592
-2404582
3432900
-2409851
3429199
-2415114
3425490
-2420372
3421774
-2425624
3418049
-2430870
3414316
-2436110
3410575
-2441345
3406826
-2446574
3403069
-2451797
3399304
-2457014
3395531
-2462226
3391750
-2467432
3387961
-2472632
3384164
-2477826
3380359
-2483014
3376546
-2488196
3372725
-2493373
3368896
-2498544
3365060
-2503709
3361215
-2508868
3357363
-2514021
3353502
-2519168
3349634
-2524309
3345758
-2529445
3341874
-2534574
3337982
-2539697
3334082
-2544815
3330174
-2549926
3326259
-2555032
3322336
-2560131
3318405
-2565224
3314466
-2570312
3310519
-2575393
3306564
-2580468
3302602
-2585537
3298632
-2590600
3294654
-2595658
3290669
-2600708
3286676
-2605753
3282674
-2610792
3278666
-2615824
3274649
-2620851
3270625
-2625871
3266593
-2630885
3262554
-2635892
3258506
-2640894
3254451
-2645890
3250389
-2650879
3246319
-2655862
3242241
-2660838
3238155
-2665809
3234062
-2670773
3229962
-2675731
3225853
-2680682
3221737
-2685627
3217614
-2690566
3213483
-2695499
3209344
-2700425
3205198
-2705345
3201044
-2710259
3196883
-2715166
3192714
-2720066
3188538
-2724961
3184354
-2729849
3180163
-2734730
3175964
-2739605
3171758
-2744474
3167544
-2749336
3163323
-2754192
3159094
-2759041
3154858
-2763884
3150615
-2768720
3146364
-2773550
3142106
-2778373
3137840
-2783190
3133567
-2788000
3129287
-2792803
3124999
-2797600
3120704
-2802391
3116401
-2807175
3112091
-2811952
3107774
-2816722
3103450
-2821486
3099118
-2826244
3094779
-2830994
3090433
-2835738
3086079
-2840476
3081718
-2845206
3077350
-2849930
3072975
-2854647
3068592
-2859358
3064202
-2864062
3059805
-2868759
3055401
-2873449
3050990
-2878133
3046571
-2882809
3042145
-2887479
3037712
-2892143
3033272
-2896799
3028825
-2901448
3024371
-2906091
3019909
-2910727
3015441
-2915356
3010965
-2919978
3006482
-2924594
3001993
-2929202
2997496
-2933804
2992992
-2938398
2988481
-2942986
2983963
-2947567
2979438
-2952141
2974906
-2956708
2970367
-2961268
2965821
-2965821
2961268
-2970367
2956708
-2974906
2952141
-2979438
2947567
-2983963
2942986
-2988481
2938398
-2992992
2933804
-2997496
2929202
-3001993
2924594
-3006482
2919978
-3010965
2915356
-3015441
2910727
-3019909
2906091
-3024371
2901448
-3028825
2896799
-3033272
2892143
-3037712
2887479
-3042145
2882809
-3046571
2878133
-3050990
2873449
-3055401
2868759
-3059805
2864062
-3064202
2859358
-3068592
2854647
-3072975
2849930
-3077350
2845206
-3081718
2840476
-3086079
2835738
-3090433
2830994
-3094779
2826244
-3099118
2821486
-3103450
2816722
-3107774
2811952
-3112091
2807175
-3116401
2802391
-3120704
2797600
-3124999
2792803
-3129287
2788000
-3133567
2783190
-3137840
2778373
-3142106
2773550
-3146364
2768720
-3150615
2763884
-3154858
2759041
-3159094
2754192
-3163323
2749336
-3167544
2744474
-3171758
2739605
-3175964
2734730
-3180163
2729849
-3184354
2724961
-3188538
2720066
-3192714
2715166
-3196883
2710259
-3201044
2705345
-3205198
2700425
-3209344
2695499
-3213483
2690566
-3217614
2685627
-3221737
2680682
-3225853
2675731
-3229962
2670773
-3234062
2665809
-3238155
2660838
-3242241
2655862
-3246319
2650879
-3250389
2645890
-3254451
2640894
-3258506
2635892
-3262554
2630885
-3266593
2625871
-3270625
2620851
-3274649
2615824
-3278666
2610792
-3282674
2605753
-3286676
2600708
-3290669
2595658
-3294654
2590600
-3298632
2585537
-3302602
2580468
-3306564
2575393
-3310519
2570312
-3314466
2565224
-3318405
2560131
-3322336
2555032
-3326259
2549926
-3330174
2544815
-3334082
2539697
-3337982
2534574
-3341874
2529445
-3345758
2524309
-3349634
2519168
-3353502
2514021
-3357363
2508868
-3361215
2503709
-3365060
2498544
-3368896
2493373
-3372725
2488196
-3376546
2483014
-3380359
2477826
-3384164
2472632
-3387961
2467432
-3391750
2462226
-3395531
2457014
-3399304
2451797
-3403069
2446574
-3406826
2441345
-3410575
2436110
-3414316
2430870
-3418049
2425624
-3421774
2420372
-3425490
2415114
-3429199
2409851
-3432900
2404582
-3436592
2399308
-3440277
2394028
-3443954
2388742
-3447622
2383451
-3451282
2378154
-3454934
2372851
-3458578
2367543
-3462214
2362229
-3465842
2356910
-3469461
2351585
-3473073
2346255
-3476676
2340919
-3480271
2335577
-3483858
2330230
-3487436
2324878
-3491007
2319520
-3494569
2314157
-3498123
2308788
-3501669
2303414
-3505206
2298034
-3508735
2292649
-3512256
2287259
-3515769
2281863
-3519274
2276462
-3522770
2271055
-3526258
2265643
-3529737
2260226
-3533209
2254804
-3536672
2249376
-3540126
2243943
-3543573
2238504
-3547011
2233060
-3550440
2227612
-3553862
2222157
-3557274
2216698
-3560679
2211233
-3564075
2205764
-3567463
2200288
-3570842
2194808
-3574213
2189323
-3577576
2183832
-3580930
2178337
-3584276
2172836
-3587613
2167330
-3590942
2161819
-3594262
2156303
-3597574
2150782
-3600878
2145256
-3604173
2139724
-3607460
2134188
-3610738
2128647
-3614007
2123101
-3617268
2117549
-3620521
2111993
-3623765
2106432
-3627000
2100866
-3630227
2095294
-3633446
2089718
-3636656
2084137
-3639857
2078551
-3643050
2072960
-3646234
2067365
-3649409
2061764
-3652576
2056159
-3655735
2050549
-3658884
2044934
-3662026
2039314
-3665158
2033689
-3668282
2028060
-3671398
2022425
-3674504
2016786
-3677602
2011142
-3680692
2005494
-3683772
1999841
-3686844
1994183
-3689908
1988520
-3692962
1982853
-3696008
1977181
-3699046
1971505
-3702074
1965823
-3705094
1960138
-3708106
1954447
-3711108
1948752
-3714102
1943052
-3717087
1937348
-3720063
1931639
-3723030
1925926
-3725989
1920208
-3728939
1914486
-3731880
1908759
-3734813
1903028
-3737736
1897292
-3740651
1891551
-3743557
1885806
-3746454
1880057
-3749343
1874304
-3752222
1868546
-3755093
1862783
-3757955
1857016
-3760808
1851245
-3763652
1845470
-3766487
1839690
-3769314
1833906
-3772132
1828117
-3774940
1822324
-3777740
1816527
-3780531
1810726
-3783313
1804920
-3786086
1799110
-3788850
1793296
-3791606
1787478
-3794352
1781655
-3797090
1775828
-3799818
1769997
-3802538
1764162
-3805249
1758323
-3807950
1752480
-3810643
1746632
-3813327
1740780
-3816002
1734925
-3818668
1729065
-3821324
1723201
-3823972
1717333
-3826611
1711461
-3829241
1705585
-3831862
1699705
-3834474
1693821
-3837076
1687933
-3839670
1682041
-3842255
1676145
-3844831
1670246
-3847397
1664342
-3849955
1658434
-3852503
1652522
-3855043
1646607
-3857573
1640688
-3860095
1634764
-3862607
1628837
-3865110
1622906
-3867604
1616972
-3870089
1611033
-3872565
1605091
-3875032
1599144
-3877489
1593195
-3879938
1587241
-3882377
1581284
-3884807
1575322
-3887228
1569358
-3889640
1563389
-3892043
1557417
-3894437
1551441
-3896821
1545462
-3899196
1539479
-3901563
1533492
-3903920
1527502
-3906267
1521508
-3908606
1515510
-3910935
1509509
-3913255
1503504
-3915566
1497496
-3917868
1491485
-3920161
1485469
-3922444
1479451
-3924718
1473428
-3926983
1467403
-3929238
1461374
-3931485
1455341
-3933722
1449305
-3935950
1443266
-3938168
1437223
-3940378
1431177
-3942578
1425128
-3944768
1419075
-3946950
1413018
-3949122
1406959
-3951285
1400896
-3953438
1394830
-3955583
1388760
-3957718
1382688
-3959843
1376612
-3961960
1370533
-3964067
1364450
-3966164
1358365
-3968253
1352276
-3970332
1346184
-3972402
1340089
-3974462
1333990
-3976513
1327889
-3978555
1321784
-3980587
1315676
-3982610
1309566
-3984623
1303452
-3986628
1297335
-3988622
1291215
-3990608
1285092
-3992584
1278966
-3994550
1272837
-3996508
1266705
-3998455
1260570
-4000394
1254432
-4002323
1248291
-4004242
1242147
-4006152
1236000
-4008053
1229850
-4009944
1223698
-4011826
1217542
-4013699
1211384
-4015562
1205222
-4017415
1199058
-4019259
1192892
-4021094
1186722
-4022919
1180550
-4024735
1174374
-4026541
1168196
-4028338
1162015
-4030125
1155832
-4031902
1149646
-4033671
1143457
-4035430
1137265
-4037179
1131071
-4038919
1124874
-4040649
1118674
-4042370
1112472
-4044081
1106267
-4045783
1100060
-4047475
1093850
-4049158
1087637
-4050831
1081422
-4052494
1075204
-4054149
1068984
-4055793
1062761
-4057428
1056536
-4059054
1050308
-4060670
1044078
-4062276
1037845
-4063873
1031610
-4065460
1025373
-4067038
1019133
-4068606
1012890
-4070164
1006646
-4071713
1000398
-4073253
994149
-4074783
987897
-4076303
981643
-4077813
975387
-4079314
969128
-4080806
962867
-4082288
956604
-4083760
950338
-4085222
944070
-4086676
937800
-4088119
931528
-4089553
925254
-4090977
918977
-4092391
912698
-4093796
906418
-4095191
900134
-4096577
893849
-4097953
887562
-4099319
881273
-4100676
874982
-4102023
868688
-4103360
862392
-4104688
856095
-4106006
849796
-4107315
843494
-4108613
837190
-4109902
830885
-4111182
824578
-4112452
818268
-4113712
811957
-4114962
805644
-4116203
799328
-4117434
793011
-4118655
786692
-4119866
780372
-4121068
774049
-4122261
767725
-4123443
761399
-4124616
755071
-4125779
748741
-4126933
742410
-4128076
736076
-4129210
729741
-4130334
723404
-4131449
717066
-4132554
710726
-4133649
704384
-4134734
698041
-4135810
691696
-4136876
685349
-4137932
679001
-4138978
672651
-4140015
666299
-4141042
659946
-4142060
653592
-4143067
647236
-4144065
640878
-4145053
634519
-4146031
628158
-4146999
621796
-4147958
615432
-4148907
609067
-4149846
602701
-4150776
596333
-4151695
589963
-4152605
583593
-4153505
577221
-4154396
570847
-4155276
564472
-4156147
558096
-4157008
551719
-4157859
545340
-4158700
538960
-4159532
532579
-4160354
526196
-4161166
519812
-4161968
513428
-4162761
507041
-4163544
500654
-4164316
494265
-4165080
487876
-4165833
481485
-4166576
475093
-4167310
468700
-4168034
462305
-4168748
455910
-4169452
449514
-4170147
443116
-4170831
436718
-4171506
430318
-4172171
423918
-4172826
417516
-4173472
411114
-4174107
404710
-4174733
398306
-4175349
391900
-4175955
385494
-4176551
379087
-4177138
372679
-4177714
366270
-4178281
359860
-4178838
353449
-4179385
347038
-4179922
340625
-4180450
334212
-4180967
327798
-4181475
321384
-4181973
314968
-4182461
308552
-4182939
302135
-4183408
295718
-4183866
289299
-4184315
282880
-4184754
276461
-4185183
270040
-4185602
263619
-4186011
257198
-4186411
250776
-4186800
244353
-4187180
237930
-4187550
231506
-4187910
225081
-4188260
218656
-4188601
212231
-4188931
205805
-4189252
199378
-4189562
192951
-4189863
186524
-4190154
180096
-4190436
173668
-4190707
167239
-4190968
160810
-4191220
154381
-4191462
147951
-4191694
141521
-4191916
135090
-4192128
128659
-4192330
122228
-4192523
115797
-4192705
109365
-4192878
102933
-4193041
96501
-4193194
90069
-4193337
83636
-4193470
77203
-4193593
70770
-4193707
64337
-4193810
57904
-4193904
51470
-4193988
45037
-4194062
38603
-4194126
32170
-4194181
25736
-4194225
19302
-4194260
12868
-4194284
6434
-4194299
0
-4194304
-6434
-4194299
-12868
-4194284
-19302
-4194260
-25736
-4194225
-32170
-4194181
-38603
-4194126
-45037
-4194062
-51470
-4193988
-57904
-4193904
-64337
-4193810
-70770
-4193707
-77203
-4193593
-83636
-4193470
-90069
-4193337
-96501
-4193194
-102933
-4193041
-109365
-4192878
-115797
-4192705
-122228
-4192523
-128659
-4192330
-135090
-4192128
-141521
-4191916
-147951
-4191694
-154381
-4191462
-160810
-4191220
-167239
-4190968
-173668
-4190707
-180096
-4190436
-186524
-4190154
-192951
-4189863
-199378
-4189562
-205805
-4189252
-212231
-4188931
-218656
-4188601
-225081
-4188260
-231506
-4187910
-237930
-4187550
-244353
-4187180
-250776
-4186800
-257198
-4186411
-263619
-4186011
-270040
-4185602
-276461
-4185183
-282880
-4184754
-289299
-4184315
-295718
-4183866
-302135
-4183408
-308552
-4182939
-314968
-4182461
-321384
-4181973
-327798
-4181475
-334212
-4180967
-340625
-4180450
-347038
-4179922
-353449
-4179385
-359860
-4178838
-366270
-4178281
-372679
-4177714
-379087
-4177138
-385494
-4176551
-391900
-4175955
-398306
-4175349
-404710
-4174733
-411114
-4174107
-417516
-4173472
-423918
-4172826
-430318
-4172171
-436718
-4171506
-443116
-4170831
-449514
-4170147
-455910
-4169452
-462305
-4168748
-468700
-4168034
-475093
-4167310
-481485
-4166576
-487876
-4165833
-494265
-4165080
-500654
-4164316
-507041
-4163544
-513428
-4162761
-519812
-4161968
-526196
-4161166
-532579
-4160354
-538960
-4159532
-545340
-4158700
-551719
-4157859
-558096
-4157008
-564472
-4156147
-570847
-4155276
-577221
-4154396
-583593
-4153505
-589963
-4152605
-596333
-4151695
-602701
-4150776
-609067
-4149846
-615432
-4148907
-621796
-4147958
-628158
-4146999
-634519
-4146031
-640878
-4145053
-647236
-4144065
-653592
-4143067
-659946
-4142060
-666299
-4141042
-672651
-4140015
-679001
-4138978
-685349
-4137932
-691696
-4136876
-698041
-4135810
-704384
-4134734
-710726
-4133649
-717066
-4132554
-723404
-4131449
-729741
-4130334
-736076
-4129210
-742410
-4128076
-748741
-4126933
-755071
-4125779
-761399
-4124616
-767725
-4123443
-774049
-4122261
-780372
-4121068
-786692
-4119866
-793011
-4118655
-799328
-4117434
-805644
-4116203
-811957
-4114962
-818268
-4113712
-824578
-4112452
-830885
-4111182
-837190
-4109902
-843494
-4108613
-849796
-4107315
-856095
-4106006
-862392
-4104688
-868688
-4103360
-874982
-4102023
-881273
-4100676
-887562
-4099319
-893849
-4097953
-900134
-4096577
-906418
-4095191
-912698
-4093796
-918977
-4092391
-925254
-4090977
-931528
-4089553
-937800
-4088119
-944070
-4086676
-950338
-4085222
-956604
-4083760
-962867
-4082288
-969128
-4080806
-975387
-4079314
-981643
-4077813
-987897
-4076303
-994149
-4074783
-1000398
-4073253
-1006646
-4071713
-1012890
-4070164
-1019133
-4068606
-1025373
-4067038
-1031610
-4065460
-1037845
-4063873
-1044078
-4062276
-1050308
-4060670
-1056536
-4059054
-1062761
-4057428
-1068984
-4055793
-1075204
-4054149
-1081422
-4052494
-1087637
-4050831
-1093850
-4049158
-1100060
-4047475
-1106267
-4045783
-1112472
-4044081
-1118674
-4042370
-1124874
-4040649
-1131071
-4038919
-1137265
-4037179
-1143457
-4035430
-1149646
-4033671
-1155832
-4031902
-1162015
-4030125
-1168196
-4028338
-1174374
-4026541
-1180550
-4024735
-1186722
-4022919
-1192892
-4021094
-1199058
-4019259
-1205222
-4017415
-1211384
-4015562
-1217542
-4013699
-1223698
-4011826
-1229850
-4009944
-1236000
-4008053
-1242147
-4006152
-1248291
-4004242
-1254432
-4002323
-1260570
-4000394
-1266705
-3998455
-1272837
-3996508
-1278966
-3994550
-1285092
-3992584
-1291215
-3990608
-1297335
-3988622
-1303452
-3986628
-1309566
-3984623
-1315676
-3982610
-1321784
-3980587
-1327889
-3978555
-1333990
-3976513
-1340089
-3974462
-1346184
-3972402
-1352276
-3970332
-1358365
-3968253
-1364450
-3966164
-1370533
-3964067
-1376612
-3961960
-1382688
-3959843
-1388760
-3957718
-1394830
-3955583
-1400896
-3953438
-1406959
-3951285
-1413018
-3949122
-1419075
-3946950
-1425128
-3944768
-1431177
-3942578
-1437223
-3940378
-1443266
-3938168
-1449305
-3935950
-1455341
-3933722
-1461374
-3931485
-1467403
-3929238
-1473428
-3926983
-1479451
-3924718
-1485469
-3922444
-1491485
-3920161
-1497496
-3917868
-1503504
-3915566
-1509509
-3913255
-1515510
-3910935
-1521508
-3908606
-1527502
-3906267
-1533492
-3903920
-1539479
-3901563
-1545462
-3899196
-1551441
-3896821
-1557417
-3894437
-1563389
-3892043
-1569358
-3889640
-1575322
-3887228
-1581284
-3884807
-1587241
-3882377
-1593195
-3879938
-1599144
-3877489
-1605091
-3875032
-1611033
-3872565
-1616972
-3870089
-1622906
-3867604
-1628837
-3865110
-1634764
-3862607
-1640688
-3860095
-1646607
-3857573
-1652522
-3855043
-1658434
-3852503
-1664342
-3849955
-1670246
-3847397
-1676145
-3844831
-1682041
-3842255
-1687933
-3839670
-1693821
-3837076
-1699705
-3834474
-1705585
-3831862
-1711461
-3829241
-1717333
-3826611
-1723201
-3823972
-1729065
-3821324
-1734925
-3818668
-1740780
-3816002
-1746632
-3813327
-1752480
-3810643
-1758323
-3807950
-1764162
-3805249
-1769997
-3802538
-1775828
-3799818
-1781655
-3797090
-1787478
-3794352
-1793296
-3791606
-1799110
-3788850
-1804920
-3786086
-1810726
-3783313
-1816527
-3780531
-1822324
-3777740
-1828117
-3774940
-1833906
-3772132
-1839690
-3769314
-1845470
-3766487
-1851245
-3763652
-1857016
-3760808
-1862783
-3757955
-1868546
-3755093
-1874304
-3752222
-1880057
-3749343
-1885806
-3746454
-1891551
-3743557
-1897292
-3740651
-1903028
-3737736
-1908759
-3734813
-1914486
-3731880
-1920208
-3728939
-1925926
-3725989
-1931639
-3723030
-1937348
-3720063
-1943052
-3717087
-1948752
-3714102
-1954447
-3711108
-1960138
-3708106
-1965823
-3705094
-1971505
-3702074
-1977181
-3699046
-1982853
-3696008
-1988520
-3692962
-1994183
-3689908
-1999841
-3686844
-2005494
-3683772
-2011142
-3680692
-2016786
-3677602
-2022425
-3674504
-2028060
-3671398
-2033689
-3668282
-2039314
-3665158
-2044934
-3662026
-2050549
-3658884
-2056159
-3655735
-2061764
-3652576
-2067365
-3649409
-2072960
-3646234
-2078551
-3643050
-2084137
-3639857
-2089718
-3636656
-2095294
-3633446
-2100866
-3630227
-2106432
-3627000
-2111993
-3623765
-2117549
-3620521
-2123101
-3617268
-2128647
-3614007
-2134188
-3610738
-2139724
-3607460
-2145256
-3604173
-2150782
-3600878
-2156303
-3597574
-2161819
-3594262
-2167330
-3590942
-2172836
-3587613
-2178337
-3584276
-2183832
-3580930
-2189323
-3577576
-2194808
-3574213
-2200288
-3570842
-2205764
-3567463
-2211233
-3564075
-2216698
-3560679
-2222157
-3557274
-2227612
-3553862
-2233060
-3550440
-2238504
-3547011
-2243943
-3543573
-2249376
-3540126
-2254804
-3536672
-2260226
-3533209
-2265643
-3529737
-2271055
-3526258
-2276462
-3522770
-2281863
-3519274
-2287259
-3515769
-2292649
-3512256
-2298034
-3508735
-2303414
-3505206
-2308788
-3501669
-2314157
-3498123
-2319520
-3494569
-2324878
-3491007
-2330230
-3487436
-2335577
-3483858
-2340919
-3480271
-2346255
-3476676
-2351585
-3473073
-2356910
-3469461
-2362229
-3465842
-2367543
-3462214
-2372851
-3458578
-2378154
-3454934
-2383451
-3451282
-2388742
-3447622
-2394028
-3443954
-2399308
-3440277
-2404582
-3436592
-2409851
-3432900
-2415114
-3429199
-2420372
-3425490
-2425624
-3421774
-2430870
-3418049
-2436110
-3414316
-2441345
-3410575
-2446574
-3406826
-2451797
-3403069
-2457014
-3399304
-2462226
-3395531
-2467432
-3391750
-2472632
-3387961
-2477826
-3384164
-2483014
-3380359
-2488196
-3376546
-2493373
-3372725
-2498544
-3368896
-2503709
-3365060
-2508868
-3361215
-2514021
-3357363
-2519168
-3353502
-2524309
-3349634
-2529445
-3345758
-2534574
-3341874
-2539697
-3337982
-2544815
-3334082
-2549926
-3330174
-2555032
-3326259
-2560131
-3322336
-2565224
-3318405
-2570312
-3314466
-2575393
-3310519
-2580468
-3306564
-2585537
-3302602
-2590600
-3298632
-2595658
-3294654
-2600708
-3290669
-2605753
-3286676
-2610792
-3282674
-2615824
-3278666
-2620851
-3274649
-2625871
-3270625
-2630885
-3266593
-2635892
-3262554
-2640894
-3258506
-2645890
-3254451
-2650879
-3250389
-2655862
-3246319
-2660838
-3242241
-2665809
-3238155
-2670773
-3234062
-2675731
-3229962
-2680682
-3225853
-2685627
-3221737
-2690566
-3217614
-2695499
-3213483
-2700425
-3209344
-2705345
-3205198
-2710259
-3201044
-2715166
-3196883
-2720066
-3192714
-2724961
-3188538
-2729849
-3184354
-2734730
-3180163
-2739605
-3175964
-2744474
-3171758
-2749336
-3167544
-2754192
-3163323
-2759041
-3159094
-2763884
-3154858
-2768720
-3150615
-2773550
-3146364
-2778373
-3142106
-2783190
-3137840
-2788000
-3133567
-2792803
-3129287
-2797600
-3124999
-2802391
-3120704
-2807175
-3116401
-2811952
-3112091
-2816722
-3107774
-2821486
-3103450
-2826244
-3099118
-2830994
-3094779
-2835738
-3090433
-2840476
-3086079
-2845206
-3081718
-2849930
-3077350
-2854647
-3072975
-2859358
-3068592
-2864062
-3064202
-2868759
-3059805
-2873449
-3055401
-2878133
-3050990
-2882809
-3046571
-2887479
-3042145
-2892143
-3037712
-2896799
-3033272
-2901448
-3028825
-2906091
-3024371
-2910727
-3019909
-2915356
-3015441
-2919978
-3010965
-2924594
-3006482
-2929202
-3001993
-2933804
-2997496
-2938398
-2992992
-2942986
-2988481
-2947567
-2983963
-2952141
-2979438
-2956708
-2974906
-2961268
-2970367
-2965821
-2965821
-2970367
-2961268
-2974906
-2956708
-2979438
-2952141
-2983963
-2947567
-2988481
-2942986
-2992992
-2938398
-2997496
-2933804
-3001993
-2929202
-3006482
-2924594
-3010965
-2919978
-3015441
-2915356
-3019909
-2910727
-3024371
-2906091
-3028825
-2901448
-3033272
-2896799
-3037712
-2892143
-3042145
-2887479
-3046571
-2882809
-3050990
-2878133
-3055401
-2873449
-3059805
-2868759
-3064202
-2864062
-3068592
-2859358
-3072975
-2854647
-3077350
-2849930
-3081718
-2845206
-3086079
-2840476
-3090433
-2835738
-3094779
-2830994
-3099118
-2826244
-3103450
-2821486
-3107774
-2816722
-3112091
-2811952
-3116401
-2807175
-3120704
-2802391
-3124999
-2797600
-3129287
-2792803
-3133567
-2788000
-3137840
-2783190
-3142106
-2778373
-3146364
-2773550
-3150615
-2768720
-3154858
-2763884
-3159094
-2759041
-3163323
-2754192
-3167544
-2749336
-3171758
-2744474
-3175964
-2739605
-3180163
-2734730
-3184354
-2729849
-3188538
-2724961
-3192714
-2720066
-3196883
-2715166
-3201044
-2710259
-3205198
-2705345
-3209344
-2700425
-3213483
-2695499
-3217614
-2690566
-3221737
-2685627
-3225853
-2680682
-3229962
-2675731
-3234062
-2670773
-3238155
-2665809
-3242241
-2660838
-3246319
-2655862
-3250389
-2650879
-3254451
-2645890
-3258506
-2640894
-3262554
-2635892
-3266593
-2630885
-3270625
-2625871
-3274649
-2620851
-3278666
-2615824
-3282674
-2610792
-3286676
-2605753
-3290669
-2600708
-3294654
-2595658
-3298632
-2590600
-3302602
-2585537
-3306564
-2580468
-3310519
-2575393
-3314466
-2570312
-3318405
-2565224
-3322336
-2560131
-3326259
-2555032
-3330174
-2549926
-3334082
-2544815
-3337982
-2539697
-3341874
-2534574
-3345758
-2529445
-3349634
-2524309
-3353502
-2519168
-3357363
-2514021
-3361215
-2508868
-3365060
-2503709
-3368896
-2498544
-3372725
-2493373
-3376546
-2488196
-3380359
-2483014
-3384164
-2477826
-3387961
-2472632
-3391750
-2467432
-3395531
-2462226
-3399304
-2457014
-3403069
-2451797
-3406826
-2446574
-3410575
-2441345
-3414316
-2436110
-3418049
-2430870
-3421774
-2425624
-3425490
-2420372
-3429199
-2415114
-3432900
-2409851
-3436592
-2404582
-3440277
-2399308
-3443954
-2394028
-3447622
-2388742
-3451282
-2383451
-3454934
-2378154
-3458578
-2372851
-3462214
-2367543
-3465842
-2362229
-3469461
-2356910
-3473073
-2351585
-3476676
-2346255
-3480271
-2340919
-3483858
-2335577
-3487436
-2330230
-3491007
-2324878
-3494569
-2319520
-3498123
-2314157
-3501669
-2308788
-3505206
-2303414
-3508735
-2298034
-3512256
-2292649
-3515769
-2287259
-3519274
-2281863
-3522770
-2276462
-3526258
-2271055
-3529737
-2265643
-3533209
-2260226
-3536672
-2254804
-3540126
-2249376
-3543573
-2243943
-3547011
-2238504
-3550440
-2233060
-3553862
-2227612
-3557274
-2222157
-3560679
-2216698
-3564075
-2211233
-3567463
-2205764
-3570842
-2200288
-3574213
-2194808
-3577576
-2189323
-3580930
-2183832
-3584276
-2178337
-3587613
-2172836
-3590942
-2167330
-3594262
-2161819
-3597574
-2156303
-3600878
-2150782
-3604173
-2145256
-3607460
-2139724
-3610738
-2134188
-3614007
-2128647
-3617268
-2123101
-3620521
-2117549
-3623765
-2111993
-3627000
-2106432
-3630227
-2100866
-3633446
-2095294
-3636656
-2089718
-3639857
-2084137
-3643050
-2078551
-3646234
-2072960
-3649409
-2067365
-3652576
-2061764
-3655735
-2056159
-3658884
-2050549
-3662026
-2044934
-3665158
-2039314
-3668282
-2033689
-3671398
-2028060
-3674504
-2022425
-3677602
-2016786
-3680692
-2011142
-3683772
-2005494
-3686844
-1999841
-3689908
-1994183
-3692962
-1988520
-3696008
-1982853
-3699046
-1977181
-3702074
-1971505
-3705094
-1965823
-3708106
-1960138
-3711108
-1954447
-3714102
-1948752
-3717087
-1943052
-3720063
-1937348
-3723030
-1931639
-3725989
-1925926
-3728939
-1920208
-3731880
-1914486
-3734813
-1908759
-3737736
-1903028
-3740651
-1897292
-3743557
-1891551
-3746454
-1885806
-3749343
-1880057
-3752222
-1874304
-3755093
-1868546
-3757955
-1862783
-3760808
-1857016
-3763652
-1851245
-3766487
-1845470
-3769314
-1839690
-3772132
-1833906
-3774940
-1828117
-3777740
-1822324
-3780531
-1816527
-3783313
-1810726
-3786086
-1804920
-3788850
-1799110
-3791606
-1793296
-3794352
-1787478
-3797090
-1781655
-3799818
-1775828
-3802538
-1769997
-3805249
-1764162
-3807950
-1758323
-3810643
-1752480
-3813327
-1746632
-3816002
-1740780
-3818668
-1734925
-3821324
-1729065
-3823972
-1723201
-3826611
-1717333
-3829241
-1711461
-3831862
-1705585
-3834474
-1699705
-3837076
-1693821
-3839670
-1687933
-3842255
-1682041
-3844831
-1676145
-3847397
-1670246
-3849955
-1664342
-3852503
-1658434
-3855043
-1652522
-3857573
-1646607
-3860095
-1640688
-3862607
-1634764
-3865110
-1628837
-3867604
-1622906
-3870089
-1616972
-3872565
-1611033
-3875032
-1605091
-3877489
-1599144
-3879938
-1593195
-3882377
-1587241
-3884807
-1581284
-3887228
-1575322
-3889640
-1569358
-3892043
-1563389
-3894437
-1557417
-3896821
-1551441
-3899196
-1545462
-3901563
-1539479
-3903920
-1533492
-3906267
-1527502
-3908606
-1521508
-3910935
-1515510
-3913255
-1509509
-3915566
-1503504
-3917868
-1497496
-3920161
-1491485
-3922444
-1485469
-3924718
-1479451
-3926983
-1473428
-3929238
-1467403
-3931485
-1461374
-3933722
-1455341
-3935950
-1449305
-3938168
-1443266
-3940378
-1437223
-3942578
-1431177
-3944768
-1425128
-3946950
-1419075
-3949122
-1413018
-3951285
-1406959
-3953438
-1400896
-3955583
-1394830
-3957718
-1388760
-3959843
-1382688
-3961960
-1376612
-3964067
-1370533
-3966164
-1364450
-3968253
-1358365
-3970332
-1352276
-3972402
-1346184
-3974462
-1340089
-3976513
-1333990
-3978555
-1327889
-3980587
-1321784
-3982610
-1315676
-3984623
-1309566
-3986628
-1303452
-3988622
-1297335
-3990608
-1291215
-3992584
-1285092
-3994550
-1278966
-3996508
-1272837
-3998455
-1266705
-4000394
-1260570
-4002323
-1254432
-4004242
-1248291
-4006152
-1242147
-4008053
-1236000
-4009944
-1229850
-4011826
-1223698
-4013699
-1217542
-4015562
-1211384
-4017415
-1205222
-4019259
-1199058
-4021094
-1192892
-4022919
-1186722
-4024735
-1180550
-4026541
-1174374
-4028338
-1168196
-4030125
-1162015
-4031902
-1155832
-4033671
-1149646
-4035430
-1143457
-4037179
-1137265
-4038919
-1131071
-4040649
-1124874
-4042370
-1118674
-4044081
-1112472
-4045783
-1106267
-4047475
-1100060
-4049158
-1093850
-4050831
-1087637
-4052494
-1081422
-4054149
-1075204
-4055793
-1068984
-4057428
-1062761
-4059054
-1056536
-4060670
-1050308
-4062276
-1044078
-4063873
-1037845
-4065460
-1031610
-4067038
-1025373
-4068606
-1019133
-4070164
-1012890
-4071713
-1006646
-4073253
-1000398
-4074783
-994149
-4076303
-987897
-4077813
-981643
-4079314
-975387
-4080806
-969128
-4082288
-962867
-4083760
-956604
-4085222
-950338
-4086676
-944070
-4088119
-937800
-4089553
-931528
-4090977
-925254
-4092391
-918977
-4093796
-912698
-4095191
-906418
-4096577
-900134
-4097953
-893849
-4099319
-887562
-4100676
-881273
-4102023
-874982
-4103360
-868688
-4104688
-862392
-4106006
-856095
-4107315
-849796
-4108613
-843494
-4109902
-837190
-4111182
-830885
-4112452
-824578
-4113712
-818268
-4114962
-811957
-4116203
-805644
-4117434
-799328
-4118655
-793011
-4119866
-786692
-4121068
-780372
-4122261
-774049
-4123443
-767725
-4124616
-761399
-4125779
-755071
-4126933
-748741
-4128076
-742410
-4129210
-736076
-4130334
-729741
-4131449
-723404
-4132554
-717066
-4133649
-710726
-4134734
-704384
-4135810
-698041
-4136876
-691696
-4137932
-685349
-4138978
-679001
-4140015
-672651
-4141042
-666299
-4142060
-659946
-4143067
-653592
-4144065
-647236
-4145053
-640878
-4146031
-634519
-4146999
-628158
-4147958
-621796
-4148907
-615432
-4149846
-609067
-4150776
-602701
-4151695
-596333
-4152605
-589963
-4153505
-583593
-4154396
-577221
-4155276
-570847
-4156147
-564472
-4157008
-558096
-4157859
-551719
-4158700
-545340
-4159532
-538960
-4160354
-532579
-4161166
-526196
-4161968
-519812
-4162761
-513428
-4163544
-507041
-4164316
-500654
-4165080
-494265
-4165833
-487876
-4166576
-481485
-4167310
-475093
-4168034
-468700
-4168748
-462305
-4169452
-455910
-4170147
-449514
-4170831
-443116
-4171506
-436718
-4172171
-430318
-4172826
-423918
-4173472
-417516
-4174107
-411114
-4174733
-404710
-4175349
-398306
-4175955
-391900
-4176551
-385494
-4177138
-379087
-4177714
-372679
-4178281
-366270
-4178838
-359860
-4179385
-353449
-4179922
-347038
-4180450
-340625
-4180967
-334212
-4181475
-327798
-4181973
-321384
-4182461
-314968
-4182939
-308552
-4183408
-302135
-4183866
-295718
-4184315
-289299
-4184754
-282880
-4185183
-276461
-4185602
-270040
-4186011
-263619
-4186411
-257198
-4186800
-250776
-4187180
-244353
-4187550
-237930
-4187910
-231506
-4188260
-225081
-4188601
-218656
-4188931
-212231
-4189252
-205805
-4189562
-199378
-4189863
-192951
-4190154
-186524
-4190436
-180096
-4190707
-173668
-4190968
-167239
-4191220
-160810
-4191462
-154381
-4191694
-147951
-4191916
-141521
-4192128
-135090
-4192330
-128659
-4192523
-122228
-4192705
-115797
-4192878
-109365
-4193041
-102933
-4193194
-96501
-4193337
-90069
-4193470
-83636
-4193593
-77203
-4193707
-70770
-4193810
-64337
-4193904
-57904
-4193988
-51470
-4194062
-45037
-4194126
-38603
-4194181
-32170
-4194225
-25736
-4194260
-19302
-4194284
-12868
-4194299
-6434
