4194303
0
4193041
-102933
4189252
-205805
4182939
-308552
4174107
-411114
4162761
-513428
4148907
-615432
4132554
-717066
4113712
-818268
4092391
-918977
4068606
-1019133
4042370
-1118674
4013699
-1217542
3982610
-1315676
3949122
-1413018
3913255
-1509509
3875032
-1605091
3834474
-1699705
3791606
-1793296
3746454
-1885806
3699046
-1977181
3649409
-2067365
3597574
-2156303
3543573
-2243943
3487436
-2330230
3429199
-2415114
3368896
-2498544
3306564
-2580468
3242241
-2660838
3175964
-2739605
3107774
-2816722
3037712
-2892143
2965821
-2965821
2892143
-3037712
2816722
-3107774
2739605
-3175964
2660838
-3242241
2580468
-3306564
2498544
-3368896
2415114
-3429199
2330230
-3487436
2243943
-3543573
2156303
-3597574
2067365
-3649409
1977181
-3699046
1885806
-3746454
1793296
-3791606
1699705
-3834474
1605091
-3875032
1509509
-3913255
1413018
-3949122
1315676
-3982610
1217542
-4013699
1118674
-4042370
1019133
-4068606
918977
-4092391
818268
-4113712
717066
-4132554
615432
-4148907
513428
-4162761
411114
-4174107
308552
-4182939
205805
-4189252
102933
-4193041
0
-4194304
-102933
-4193041
-205805
-4189252
-308552
-4182939
-411114
-4174107
-513428
-4162761
-615432
-4148907
-717066
-4132554
-818268
-4113712
-918977
-4092391
-1019133
-4068606
-1118674
-4042370
-1217542
-4013699
-1315676
-3982610
-1413018
-3949122
-1509509
-3913255
-1605091
-3875032
-1699705
-3834474
-1793296
-3791606
-1885806
-3746454
-1977181
-3699046
-2067365
-3649409
-2156303
-3597574
-2243943
-3543573
-2330230
-3487436
-2415114
-3429199
-2498544
-3368896
-2580468
-3306564
-2660838
-3242241
-2739605
-3175964
-2816722
-3107774
-2892143
-3037712
-2965821
-2965821
-3037712
-2892143
-3107774
-2816722
-3175964
-2739605
-3242241
-2660838
-3306564
-2580468
-3368896
-2498544
-3429199
-2415114
-3487436
-2330230
-3543573
-2243943
-3597574
-2156303
-3649409
-2067365
-3699046
-1977181
-3746454
-1885806
-3791606
-1793296
-3834474
-1699705
-3875032
-1605091
-3913255
-1509509
-3949122
-1413018
-3982610
-1315676
-4013699
-1217542
-4042370
-1118674
-4068606
-1019133
-4092391
-918977
-4113712
-818268
-4132554
-717066
-4148907
-615432
-4162761
-513428
-4174107
-411114
-4182939
-308552
-4189252
-205805
-4193041
-102933
