32767
0
32767
-25
32767
-50
32767
-75
32767
-100
32767
-126
32767
-151
32767
-176
32767
-201
32767
-226
32767
-251
32767
-276
32766
-302
32766
-327
32766
-352
32766
-377
32766
-402
32765
-427
32765
-452
32764
-478
32764
-503
32764
-528
32763
-553
32763
-578
32762
-603
32762
-628
32761
-653
32761
-678
32760
-704
32760
-729
32759
-754
32759
-779
32758
-804
32758
-829
32757
-854
32756
-880
32756
-905
32755
-930
32754
-955
32753
-980
32752
-1005
32752
-1030
32751
-1055
32750
-1080
32749
-1106
32748
-1131
32748
-1156
32747
-1181
32746
-1206
32745
-1231
32744
-1256
32743
-1281
32742
-1306
32741
-1332
32740
-1357
32739
-1382
32738
-1407
32737
-1432
32736
-1457
32734
-1482
32733
-1507
32732
-1532
32731
-1558
32730
-1583
32728
-1608
32727
-1633
32726
-1658
32725
-1683
32723
-1708
32722
-1733
32721
-1758
32719
-1784
32718
-1809
32717
-1834
32715
-1859
32714
-1884
32712
-1909
32711
-1934
32709
-1959
32708
-1984
32706
-2009
32705
-2034
32703
-2060
32702
-2084
32700
-2110
32698
-2135
32697
-2160
32695
-2185
32693
-2210
32692
-2235
32690
-2260
32688
-2285
32686
-2310
32685
-2335
32683
-2360
32681
-2385
32679
-2410
32677
-2436
32675
-2461
32674
-2486
32672
-2511
32670
-2536
32668
-2561
32666
-2586
32664
-2611
32662
-2636
32660
-2661
32658
-2686
32656
-2711
32654
-2736
32651
-2761
32649
-2786
32647
-2811
32645
-2836
32643
-2861
32640
-2886
32638
-2912
32636
-2936
32634
-2962
32632
-2987
32629
-3012
32627
-3037
32625
-3062
32622
-3087
32620
-3112
32618
-3137
32615
-3162
32613
-3187
32610
-3212
32608
-3237
32605
-3262
32603
-3287
32600
-3312
32598
-3337
32595
-3362
32592
-3387
32590
-3412
32587
-3437
32584
-3462
32582
-3487
32579
-3512
32576
-3537
32574
-3562
32571
-3587
32568
-3612
32566
-3637
32563
-3662
32560
-3687
32557
-3712
32554
-3737
32551
-3762
32548
-3786
32546
-3812
32543
-3836
32540
-3861
32537
-3886
32534
-3911
32531
-3936
32528
-3961
32525
-3986
32522
-4011
32518
-4036
32515
-4061
32512
-4086
32509
-4111
32506
-4136
32503
-4161
32500
-4186
32496
-4211
32493
-4236
32490
-4260
32486
-4285
32483
-4310
32480
-4335
32476
-4360
32473
-4385
32470
-4410
32466
-4435
32463
-4460
32460
-4485
32456
-4510
32453
-4534
32449
-4559
32446
-4584
32442
-4609
32439
-4634
32435
-4659
32432
-4684
32428
-4708
32424
-4733
32421
-4758
32417
-4783
32413
-4808
32410
-4833
32406
-4858
32402
-4883
32398
-4907
32395
-4932
32391
-4957
32387
-4982
32383
-5007
32379
-5032
32376
-5056
32372
-5081
32368
-5106
32364
-5131
32360
-5156
32356
-5181
32352
-5205
32348
-5230
32344
-5255
32340
-5280
32336
-5305
32332
-5329
32328
-5354
32323
-5379
32319
-5404
32315
-5429
32311
-5453
32307
-5478
32302
-5503
32298
-5528
32294
-5552
32290
-5577
32286
-5602
32281
-5627
32277
-5652
32272
-5676
32268
-5701
32264
-5726
32259
-5750
32255
-5775
32250
-5800
32246
-5825
32242
-5850
32237
-5874
32233
-5899
32228
-5924
32224
-5948
32219
-5973
32214
-5998
32210
-6022
32205
-6047
32200
-6072
32196
-6097
32191
-6121
32186
-6146
32182
-6171
32177
-6195
32172
-6220
32167
-6245
32163
-6269
32158
-6294
32153
-6319
32148
-6343
32143
-6368
32138
-6393
32133
-6417
32128
-6442
32124
-6467
32118
-6491
32114
-6516
32108
-6540
32104
-6565
32098
-6590
32093
-6614
32088
-6639
32083
-6664
32078
-6688
32073
-6713
32068
-6737
32063
-6762
32058
-6787
32052
-6811
32047
-6836
32042
-6860
32036
-6885
32031
-6910
32026
-6934
32020
-6959
32015
-6983
32010
-7008
32004
-7032
31999
-7057
31994
-7081
31988
-7106
31983
-7130
31977
-7155
31972
-7180
31966
-7204
31961
-7228
31955
-7253
31950
-7278
31944
-7302
31938
-7326
31933
-7351
31927
-7376
31921
-7400
31916
-7424
31910
-7449
31904
-7473
31899
-7498
31893
-7522
31887
-7547
31881
-7571
31875
-7596
31870
-7620
31864
-7645
31858
-7669
31852
-7694
31846
-7718
31840
-7742
31834
-7767
31828
-7791
31822
-7816
31816
-7840
31810
-7864
31804
-7889
31798
-7913
31792
-7938
31786
-7962
31780
-7986
31774
-8011
31768
-8035
31761
-8059
31755
-8084
31749
-8108
31743
-8132
31736
-8157
31730
-8181
31724
-8206
31718
-8230
31711
-8254
31705
-8278
31699
-8303
31692
-8327
31686
-8351
31679
-8376
31673
-8400
31666
-8424
31660
-8448
31654
-8473
31647
-8497
31640
-8521
31634
-8546
31627
-8570
31621
-8594
31614
-8618
31608
-8643
31601
-8667
31594
-8691
31588
-8715
31581
-8740
31574
-8764
31568
-8788
31561
-8812
31554
-8836
31547
-8861
31540
-8885
31534
-8909
31527
-8933
31520
-8957
31513
-8982
31506
-9006
31499
-9030
31492
-9054
31485
-9078
31478
-9102
31471
-9126
31464
-9151
31457
-9175
31450
-9199
31443
-9223
31436
-9247
31429
-9271
31422
-9295
31415
-9319
31408
-9344
31400
-9368
31393
-9392
31386
-9416
31379
-9440
31372
-9464
31364
-9488
31357
-9512
31350
-9536
31342
-9560
31335
-9584
31328
-9608
31320
-9632
31313
-9656
31305
-9680
31298
-9704
31290
-9728
31283
-9752
31276
-9776
31268
-9800
31260
-9824
31253
-9848
31246
-9872
31238
-9896
31230
-9920
31223
-9944
31215
-9968
31207
-9992
31200
-10016
31192
-10040
31184
-10064
31176
-10088
31169
-10112
31161
-10135
31153
-10159
31146
-10183
31138
-10207
31130
-10231
31122
-10255
31114
-10279
31106
-10302
31098
-10326
31090
-10350
31082
-10374
31074
-10398
31066
-10422
31058
-10446
31050
-10469
31042
-10493
31034
-10517
31026
-10541
31018
-10565
31010
-10588
31002
-10612
30994
-10636
30986
-10660
30977
-10684
30969
-10707
30961
-10731
30953
-10755
30944
-10778
30936
-10802
30928
-10826
30920
-10850
30911
-10873
30903
-10897
30894
-10921
30886
-10944
30878
-10968
30869
-10992
30861
-11016
30852
-11039
30844
-11063
30836
-11086
30827
-11110
30818
-11134
30810
-11157
30801
-11181
30793
-11205
30784
-11228
30776
-11252
30767
-11276
30758
-11299
30750
-11323
30741
-11346
30732
-11370
30723
-11393
30715
-11417
30706
-11440
30697
-11464
30688
-11488
30680
-11511
30671
-11535
30662
-11558
30653
-11582
30644
-11605
30635
-11629
30626
-11652
30617
-11676
30608
-11699
30599
-11723
30590
-11746
30581
-11770
30572
-11793
30563
-11816
30554
-11840
30545
-11863
30536
-11887
30527
-11910
30518
-11934
30508
-11957
30499
-11980
30490
-12004
30481
-12027
30472
-12050
30462
-12074
30453
-12097
30444
-12121
30434
-12144
30425
-12167
30416
-12191
30406
-12214
30397
-12237
30388
-12260
30378
-12284
30369
-12307
30360
-12330
30350
-12354
30340
-12377
30331
-12400
30322
-12424
30312
-12447
30302
-12470
30293
-12493
30283
-12516
30274
-12540
30264
-12563
30254
-12586
30245
-12609
30235
-12632
30225
-12656
30216
-12679
30206
-12702
30196
-12725
30186
-12748
30176
-12772
30167
-12795
30157
-12818
30147
-12841
30137
-12864
30127
-12887
30118
-12910
30108
-12933
30098
-12956
30088
-12980
30078
-13003
30068
-13026
30058
-13049
30048
-13072
30038
-13095
30028
-13118
30018
-13141
30008
-13164
29997
-13187
29987
-13210
29977
-13233
29967
-13256
29957
-13279
29947
-13302
29936
-13325
29926
-13348
29916
-13371
29906
-13394
29895
-13417
29885
-13440
29875
-13462
29864
-13485
29854
-13508
29844
-13531
29833
-13554
29823
-13577
29812
-13600
29802
-13623
29792
-13646
29781
-13668
29771
-13691
29760
-13714
29750
-13737
29739
-13760
29728
-13782
29718
-13805
29707
-13828
29697
-13851
29686
-13874
29675
-13896
29665
-13919
29654
-13942
29643
-13965
29633
-13987
29622
-14010
29611
-14033
29600
-14056
29590
-14078
29579
-14101
29568
-14124
29557
-14146
29546
-14169
29535
-14192
29524
-14214
29514
-14237
29503
-14260
29492
-14282
29481
-14305
29470
-14327
29459
-14350
29448
-14372
29437
-14395
29426
-14418
29414
-14440
29404
-14463
29392
-14485
29381
-14508
29370
-14530
29359
-14553
29348
-14576
29337
-14598
29325
-14620
29314
-14643
29303
-14665
29292
-14688
29280
-14710
29269
-14733
29258
-14755
29246
-14778
29235
-14800
29224
-14822
29212
-14845
29201
-14867
29190
-14890
29178
-14912
29167
-14934
29155
-14957
29144
-14979
29132
-15002
29121
-15024
29109
-15046
29098
-15068
29086
-15091
29074
-15113
29063
-15136
29051
-15158
29040
-15180
29028
-15202
29016
-15225
29005
-15247
28993
-15269
28981
-15291
28970
-15314
28958
-15336
28946
-15358
28934
-15380
28922
-15402
28911
-15424
28899
-15447
28887
-15469
28875
-15491
28863
-15513
28851
-15535
28839
-15557
28827
-15580
28815
-15602
28803
-15624
28791
-15646
28779
-15668
28767
-15690
28755
-15712
28743
-15734
28731
-15756
28719
-15778
28707
-15800
28695
-15822
28683
-15844
28671
-15866
28658
-15888
28646
-15910
28634
-15932
28622
-15954
28610
-15976
28597
-15998
28585
-16020
28573
-16042
28560
-16064
28548
-16086
28536
-16108
28523
-16129
28511
-16151
28498
-16173
28486
-16195
28474
-16217
28461
-16239
28449
-16260
28436
-16282
28424
-16304
28411
-16326
28399
-16348
28386
-16369
28374
-16391
28361
-16413
28348
-16435
28336
-16456
28323
-16478
28311
-16500
28298
-16522
28285
-16543
28272
-16565
28260
-16587
28247
-16608
28234
-16630
28222
-16652
28209
-16673
28196
-16695
28183
-16716
28170
-16738
28158
-16760
28145
-16781
28132
-16803
28119
-16824
28106
-16846
28093
-16868
28080
-16889
28067
-16911
28054
-16932
28041
-16954
28028
-16975
28015
-16997
28002
-17018
27989
-17040
27976
-17061
27963
-17083
27950
-17104
27937
-17126
27924
-17147
27910
-17168
27897
-17190
27884
-17211
27871
-17232
27858
-17254
27844
-17275
27831
-17296
27818
-17318
27804
-17339
27791
-17360
27778
-17382
27764
-17403
27751
-17424
27738
-17446
27724
-17467
27711
-17488
27698
-17510
27684
-17531
27671
-17552
27657
-17573
27644
-17594
27630
-17616
27617
-17637
27603
-17658
27590
-17679
27576
-17700
27562
-17721
27549
-17742
27535
-17764
27522
-17785
27508
-17806
27494
-17827
27481
-17848
27467
-17869
27453
-17890
27440
-17911
27426
-17932
27412
-17953
27398
-17974
27384
-17995
27370
-18016
27357
-18037
27343
-18058
27329
-18079
27315
-18100
27301
-18121
27287
-18142
27273
-18163
27260
-18184
27246
-18205
27232
-18226
27218
-18247
27204
-18268
27190
-18288
27176
-18309
27162
-18330
27147
-18351
27133
-18372
27119
-18392
27105
-18413
27091
-18434
27077
-18455
27063
-18476
27048
-18496
27034
-18517
27020
-18538
27006
-18558
26992
-18579
26977
-18600
26963
-18621
26949
-18641
26934
-18662
26920
-18683
26906
-18703
26892
-18724
26877
-18744
26863
-18765
26848
-18786
26834
-18806
26820
-18827
26805
-18848
26790
-18868
26776
-18889
26762
-18909
26747
-18930
26732
-18950
26718
-18971
26704
-18991
26689
-19012
26674
-19032
26660
-19052
26645
-19073
26630
-19093
26616
-19114
26601
-19134
26586
-19155
26572
-19175
26557
-19195
26542
-19216
26528
-19236
26513
-19256
26498
-19277
26483
-19297
26468
-19317
26454
-19338
26439
-19358
26424
-19378
26409
-19398
26394
-19419
26379
-19439
26364
-19459
26349
-19479
26334
-19500
26320
-19520
26304
-19540
26290
-19560
26274
-19580
26259
-19600
26244
-19621
26229
-19641
26214
-19661
26199
-19681
26184
-19701
26169
-19721
26154
-19741
26139
-19761
26124
-19781
26108
-19801
26093
-19821
26078
-19841
26063
-19861
26048
-19881
26032
-19901
26017
-19921
26002
-19941
25986
-19961
25971
-19981
25956
-20001
25940
-20021
25925
-20041
25910
-20061
25894
-20080
25879
-20100
25863
-20120
25848
-20140
25832
-20160
25817
-20180
25802
-20200
25786
-20219
25770
-20239
25755
-20259
25739
-20278
25724
-20298
25708
-20318
25693
-20338
25677
-20357
25662
-20377
25646
-20397
25630
-20416
25614
-20436
25599
-20456
25583
-20475
25567
-20495
25552
-20514
25536
-20534
25520
-20554
25504
-20573
25489
-20593
25473
-20612
25457
-20632
25441
-20652
25425
-20671
25410
-20690
25394
-20710
25378
-20729
25362
-20749
25346
-20768
25330
-20788
25314
-20807
25298
-20827
25282
-20846
25266
-20865
25250
-20885
25234
-20904
25218
-20923
25202
-20943
25186
-20962
25170
-20981
25154
-21001
25138
-21020
25121
-21039
25105
-21058
25089
-21078
25073
-21097
25057
-21116
25040
-21136
25024
-21155
25008
-21174
24992
-21193
24976
-21212
24959
-21231
24943
-21250
24927
-21270
24910
-21289
24894
-21308
24878
-21327
24861
-21346
24845
-21365
24829
-21384
24812
-21403
24796
-21422
24779
-21441
24763
-21460
24746
-21479
24730
-21498
24713
-21517
24697
-21536
24680
-21555
24664
-21574
24647
-21593
24631
-21612
24614
-21631
24598
-21649
24581
-21668
24564
-21687
24548
-21706
24531
-21725
24514
-21744
24498
-21762
24481
-21781
24464
-21800
24448
-21819
24431
-21838
24414
-21856
24397
-21875
24380
-21894
24364
-21912
24347
-21931
24330
-21950
24313
-21968
24296
-21987
24279
-22006
24262
-22024
24246
-22043
24229
-22061
24212
-22080
24195
-22098
24178
-22117
24161
-22136
24144
-22154
24127
-22173
24110
-22191
24093
-22210
24076
-22228
24059
-22247
24042
-22265
24025
-22284
24008
-22302
23990
-22320
23973
-22339
23956
-22357
23939
-22375
23922
-22394
23905
-22412
23888
-22430
23870
-22449
23853
-22467
23836
-22485
23818
-22504
23801
-22522
23784
-22540
23767
-22558
23749
-22577
23732
-22595
23715
-22613
23697
-22631
23680
-22649
23663
-22668
23645
-22686
23628
-22704
23610
-22722
23593
-22740
23576
-22758
23558
-22776
23541
-22794
23523
-22812
23506
-22830
23488
-22848
23470
-22866
23453
-22884
23436
-22902
23418
-22920
23400
-22938
23383
-22956
23365
-22974
23348
-22992
23330
-23010
23312
-23028
23294
-23046
23277
-23064
23259
-23081
23241
-23099
23224
-23117
23206
-23135
23188
-23153
23170
-23170
23153
-23188
23135
-23206
23117
-23224
23099
-23241
23081
-23259
23064
-23277
23046
-23294
23028
-23312
23010
-23330
22992
-23348
22974
-23365
22956
-23383
22938
-23400
22920
-23418
22902
-23436
22884
-23453
22866
-23470
22848
-23488
22830
-23506
22812
-23523
22794
-23541
22776
-23558
22758
-23576
22740
-23593
22722
-23610
22704
-23628
22686
-23645
22668
-23663
22649
-23680
22631
-23697
22613
-23715
22595
-23732
22577
-23749
22558
-23767
22540
-23784
22522
-23801
22504
-23818
22485
-23836
22467
-23853
22449
-23870
22430
-23888
22412
-23905
22394
-23922
22375
-23939
22357
-23956
22339
-23973
22320
-23990
22302
-24008
22284
-24025
22265
-24042
22247
-24059
22228
-24076
22210
-24093
22191
-24110
22173
-24127
22154
-24144
22136
-24161
22117
-24178
22098
-24195
22080
-24212
22061
-24229
22043
-24246
22024
-24262
22006
-24279
21987
-24296
21968
-24313
21950
-24330
21931
-24347
21912
-24364
21894
-24380
21875
-24397
21856
-24414
21838
-24431
21819
-24448
21800
-24464
21781
-24481
21762
-24498
21744
-24514
21725
-24531
21706
-24548
21687
-24564
21668
-24581
21649
-24598
21631
-24614
21612
-24631
21593
-24647
21574
-24664
21555
-24680
21536
-24697
21517
-24713
21498
-24730
21479
-24746
21460
-24763
21441
-24779
21422
-24796
21403
-24812
21384
-24829
21365
-24845
21346
-24861
21327
-24878
21308
-24894
21289
-24910
21270
-24927
21250
-24943
21231
-24959
21212
-24976
21193
-24992
21174
-25008
21155
-25024
21136
-25040
21116
-25057
21097
-25073
21078
-25089
21058
-25105
21039
-25121
21020
-25138
21001
-25154
20981
-25170
20962
-25186
20943
-25202
20923
-25218
20904
-25234
20885
-25250
20865
-25266
20846
-25282
20827
-25298
20807
-25314
20788
-25330
20768
-25346
20749
-25362
20729
-25378
20710
-25394
20690
-25410
20671
-25425
20652
-25441
20632
-25457
20612
-25473
20593
-25489
20573
-25504
20554
-25520
20534
-25536
20514
-25552
20495
-25567
20475
-25583
20456
-25599
20436
-25614
20416
-25630
20397
-25646
20377
-25662
20357
-25677
20338
-25693
20318
-25708
20298
-25724
20278
-25739
20259
-25755
20239
-25770
20219
-25786
20200
-25802
20180
-25817
20160
-25832
20140
-25848
20120
-25863
20100
-25879
20080
-25894
20061
-25910
20041
-25925
20021
-25940
20001
-25956
19981
-25971
19961
-25986
19941
-26002
19921
-26017
19901
-26032
19881
-26048
19861
-26063
19841
-26078
19821
-26093
19801
-26108
19781
-26124
19761
-26139
19741
-26154
19721
-26169
19701
-26184
19681
-26199
19661
-26214
19641
-26229
19621
-26244
19600
-26259
19580
-26274
19560
-26290
19540
-26304
19520
-26320
19500
-26334
19479
-26349
19459
-26364
19439
-26379
19419
-26394
19398
-26409
19378
-26424
19358
-26439
19338
-26454
19317
-26468
19297
-26483
19277
-26498
19256
-26513
19236
-26528
19216
-26542
19195
-26557
19175
-26572
19155
-26586
19134
-26601
19114
-26616
19093
-26630
19073
-26645
19052
-26660
19032
-26674
19012
-26689
18991
-26704
18971
-26718
18950
-26732
18930
-26747
18909
-26762
18889
-26776
18868
-26790
18848
-26805
18827
-26820
18806
-26834
18786
-26848
18765
-26863
18744
-26877
18724
-26892
18703
-26906
18683
-26920
18662
-26934
18641
-26949
18621
-26963
18600
-26977
18579
-26992
18558
-27006
18538
-27020
18517
-27034
18496
-27048
18476
-27063
18455
-27077
18434
-27091
18413
-27105
18392
-27119
18372
-27133
18351
-27147
18330
-27162
18309
-27176
18288
-27190
18268
-27204
18247
-27218
18226
-27232
18205
-27246
18184
-27260
18163
-27273
18142
-27287
18121
-27301
18100
-27315
18079
-27329
18058
-27343
18037
-27357
18016
-27370
17995
-27384
17974
-27398
17953
-27412
17932
-27426
17911
-27440
17890
-27453
17869
-27467
17848
-27481
17827
-27494
17806
-27508
17785
-27522
17764
-27535
17742
-27549
17721
-27562
17700
-27576
17679
-27590
17658
-27603
17637
-27617
17616
-27630
17594
-27644
17573
-27657
17552
-27671
17531
-27684
17510
-27698
17488
-27711
17467
-27724
17446
-27738
17424
-27751
17403
-27764
17382
-27778
17360
-27791
17339
-27804
17318
-27818
17296
-27831
17275
-27844
17254
-27858
17232
-27871
17211
-27884
17190
-27897
17168
-27910
17147
-27924
17126
-27937
17104
-27950
17083
-27963
17061
-27976
17040
-27989
17018
-28002
16997
-28015
16975
-28028
16954
-28041
16932
-28054
16911
-28067
16889
-28080
16868
-28093
16846
-28106
16824
-28119
16803
-28132
16781
-28145
16760
-28158
16738
-28170
16716
-28183
16695
-28196
16673
-28209
16652
-28222
16630
-28234
16608
-28247
16587
-28260
16565
-28272
16543
-28285
16522
-28298
16500
-28311
16478
-28323
16456
-28336
16435
-28348
16413
-28361
16391
-28374
16369
-28386
16348
-28399
16326
-28411
16304
-28424
16282
-28436
16260
-28449
16239
-28461
16217
-28474
16195
-28486
16173
-28498
16151
-28511
16129
-28523
16108
-28536
16086
-28548
16064
-28560
16042
-28573
16020
-28585
15998
-28597
15976
-28610
15954
-28622
15932
-28634
15910
-28646
15888
-28658
15866
-28671
15844
-28683
15822
-28695
15800
-28707
15778
-28719
15756
-28731
15734
-28743
15712
-28755
15690
-28767
15668
-28779
15646
-28791
15624
-28803
15602
-28815
15580
-28827
15557
-28839
15535
-28851
15513
-28863
15491
-28875
15469
-28887
15447
-28899
15424
-28911
15402
-28922
15380
-28934
15358
-28946
15336
-28958
15314
-28970
15291
-28981
15269
-28993
15247
-29005
15225
-29016
15202
-29028
15180
-29040
15158
-29051
15136
-29063
15113
-29074
15091
-29086
15068
-29098
15046
-29109
15024
-29121
15002
-29132
14979
-29144
14957
-29155
14934
-29167
14912
-29178
14890
-29190
14867
-29201
14845
-29212
14822
-29224
14800
-29235
14778
-29246
14755
-29258
14733
-29269
14710
-29280
14688
-29292
14665
-29303
14643
-29314
14620
-29325
14598
-29337
14576
-29348
14553
-29359
14530
-29370
14508
-29381
14485
-29392
14463
-29404
14440
-29414
14418
-29426
14395
-29437
14372
-29448
14350
-29459
14327
-29470
14305
-29481
14282
-29492
14260
-29503
14237
-29514
14214
-29524
14192
-29535
14169
-29546
14146
-29557
14124
-29568
14101
-29579
14078
-29590
14056
-29600
14033
-29611
14010
-29622
13987
-29633
13965
-29643
13942
-29654
13919
-29665
13896
-29675
13874
-29686
13851
-29697
13828
-29707
13805
-29718
13782
-29728
13760
-29739
13737
-29750
13714
-29760
13691
-29771
13668
-29781
13646
-29792
13623
-29802
13600
-29812
13577
-29823
13554
-29833
13531
-29844
13508
-29854
13485
-29864
13462
-29875
13440
-29885
13417
-29895
13394
-29906
13371
-29916
13348
-29926
13325
-29936
13302
-29947
13279
-29957
13256
-29967
13233
-29977
13210
-29987
13187
-29997
13164
-30008
13141
-30018
13118
-30028
13095
-30038
13072
-30048
13049
-30058
13026
-30068
13003
-30078
12980
-30088
12956
-30098
12933
-30108
12910
-30118
12887
-30127
12864
-30137
12841
-30147
12818
-30157
12795
-30167
12772
-30176
12748
-30186
12725
-30196
12702
-30206
12679
-30216
12656
-30225
12632
-30235
12609
-30245
12586
-30254
12563
-30264
12540
-30274
12516
-30283
12493
-30293
12470
-30302
12447
-30312
12424
-30322
12400
-30331
12377
-30340
12354
-30350
12330
-30360
12307
-30369
12284
-30378
12260
-30388
12237
-30397
12214
-30406
12191
-30416
12167
-30425
12144
-30434
12121
-30444
12097
-30453
12074
-30462
12050
-30472
12027
-30481
12004
-30490
11980
-30499
11957
-30508
11934
-30518
11910
-30527
11887
-30536
11863
-30545
11840
-30554
11816
-30563
11793
-30572
11770
-30581
11746
-30590
11723
-30599
11699
-30608
11676
-30617
11652
-30626
11629
-30635
11605
-30644
11582
-30653
11558
-30662
11535
-30671
11511
-30680
11488
-30688
11464
-30697
11440
-30706
11417
-30715
11393
-30723
11370
-30732
11346
-30741
11323
-30750
11299
-30758
11276
-30767
11252
-30776
11228
-30784
11205
-30793
11181
-30801
11157
-30810
11134
-30818
11110
-30827
11086
-30836
11063
-30844
11039
-30852
11016
-30861
10992
-30869
10968
-30878
10944
-30886
10921
-30894
10897
-30903
10873
-30911
10850
-30920
10826
-30928
10802
-30936
10778
-30944
10755
-30953
10731
-30961
10707
-30969
10684
-30977
10660
-30986
10636
-30994
10612
-31002
10588
-31010
10565
-31018
10541
-31026
10517
-31034
10493
-31042
10469
-31050
10446
-31058
10422
-31066
10398
-31074
10374
-31082
10350
-31090
10326
-31098
10302
-31106
10279
-31114
10255
-31122
10231
-31130
10207
-31138
10183
-31146
10159
-31153
10135
-31161
10112
-31169
10088
-31176
10064
-31184
10040
-31192
10016
-31200
9992
-31207
9968
-31215
9944
-31223
9920
-31230
9896
-31238
9872
-31246
9848
-31253
9824
-31260
9800
-31268
9776
-31276
9752
-31283
9728
-31290
9704
-31298
9680
-31305
9656
-31313
9632
-31320
9608
-31328
9584
-31335
9560
-31342
9536
-31350
9512
-31357
9488
-31364
9464
-31372
9440
-31379
9416
-31386
9392
-31393
9368
-31400
9344
-31408
9319
-31415
9295
-31422
9271
-31429
9247
-31436
9223
-31443
9199
-31450
9175
-31457
9151
-31464
9126
-31471
9102
-31478
9078
-31485
9054
-31492
9030
-31499
9006
-31506
8982
-31513
8957
-31520
8933
-31527
8909
-31534
8885
-31540
8861
-31547
8836
-31554
8812
-31561
8788
-31568
8764
-31574
8740
-31581
8715
-31588
8691
-31594
8667
-31601
8643
-31608
8618
-31614
8594
-31621
8570
-31627
8546
-31634
8521
-31640
8497
-31647
8473
-31654
8448
-31660
8424
-31666
8400
-31673
8376
-31679
8351
-31686
8327
-31692
8303
-31699
8278
-31705
8254
-31711
8230
-31718
8206
-31724
8181
-31730
8157
-31736
8132
-31743
8108
-31749
8084
-31755
8059
-31761
8035
-31768
8011
-31774
7986
-31780
7962
-31786
7938
-31792
7913
-31798
7889
-31804
7864
-31810
7840
-31816
7816
-31822
7791
-31828
7767
-31834
7742
-31840
7718
-31846
7694
-31852
7669
-31858
7645
-31864
7620
-31870
7596
-31875
7571
-31881
7547
-31887
7522
-31893
7498
-31899
7473
-31904
7449
-31910
7424
-31916
7400
-31921
7376
-31927
7351
-31933
7326
-31938
7302
-31944
7278
-31950
7253
-31955
7228
-31961
7204
-31966
7180
-31972
7155
-31977
7130
-31983
7106
-31988
7081
-31994
7057
-31999
7032
-32004
7008
-32010
6983
-32015
6959
-32020
6934
-32026
6910
-32031
6885
-32036
6860
-32042
6836
-32047
6811
-32052
6787
-32058
6762
-32063
6737
-32068
6713
-32073
6688
-32078
6664
-32083
6639
-32088
6614
-32093
6590
-32098
6565
-32104
6540
-32108
6516
-32114
6491
-32118
6467
-32124
6442
-32128
6417
-32133
6393
-32138
6368
-32143
6343
-32148
6319
-32153
6294
-32158
6269
-32163
6245
-32167
6220
-32172
6195
-32177
6171
-32182
6146
-32186
6121
-32191
6097
-32196
6072
-32200
6047
-32205
6022
-32210
5998
-32214
5973
-32219
5948
-32224
5924
-32228
5899
-32233
5874
-32237
5850
-32242
5825
-32246
5800
-32250
5775
-32255
5750
-32259
5726
-32264
5701
-32268
5676
-32272
5652
-32277
5627
-32281
5602
-32286
5577
-32290
5552
-32294
5528
-32298
5503
-32302
5478
-32307
5453
-32311
5429
-32315
5404
-32319
5379
-32323
5354
-32328
5329
-32332
5305
-32336
5280
-32340
5255
-32344
5230
-32348
5205
-32352
5181
-32356
5156
-32360
5131
-32364
5106
-32368
5081
-32372
5056
-32376
5032
-32379
5007
-32383
4982
-32387
4957
-32391
4932
-32395
4907
-32398
4883
-32402
4858
-32406
4833
-32410
4808
-32413
4783
-32417
4758
-32421
4733
-32424
4708
-32428
4684
-32432
4659
-32435
4634
-32439
4609
-32442
4584
-32446
4559
-32449
4534
-32453
4510
-32456
4485
-32460
4460
-32463
4435
-32466
4410
-32470
4385
-32473
4360
-32476
4335
-32480
4310
-32483
4285
-32486
4260
-32490
4236
-32493
4211
-32496
4186
-32500
4161
-32503
4136
-32506
4111
-32509
4086
-32512
4061
-32515
4036
-32518
4011
-32522
3986
-32525
3961
-32528
3936
-32531
3911
-32534
3886
-32537
3861
-32540
3836
-32543
3812
-32546
3786
-32548
3762
-32551
3737
-32554
3712
-32557
3687
-32560
3662
-32563
3637
-32566
3612
-32568
3587
-32571
3562
-32574
3537
-32576
3512
-32579
3487
-32582
3462
-32584
3437
-32587
3412
-32590
3387
-32592
3362
-32595
3337
-32598
3312
-32600
3287
-32603
3262
-32605
3237
-32608
3212
-32610
3187
-32613
3162
-32615
3137
-32618
3112
-32620
3087
-32622
3062
-32625
3037
-32627
3012
-32629
2987
-32632
2962
-32634
2936
-32636
2912
-32638
2886
-32640
2861
-32643
2836
-32645
2811
-32647
2786
-32649
2761
-32651
2736
-32654
2711
-32656
2686
-32658
2661
-32660
2636
-32662
2611
-32664
2586
-32666
2561
-32668
2536
-32670
2511
-32672
2486
-32674
2461
-32675
2436
-32677
2410
-32679
2385
-32681
2360
-32683
2335
-32685
2310
-32686
2285
-32688
2260
-32690
2235
-32692
2210
-32693
2185
-32695
2160
-32697
2135
-32698
2110
-32700
2084
-32702
2060
-32703
2034
-32705
2009
-32706
1984
-32708
1959
-32709
1934
-32711
1909
-32712
1884
-32714
1859
-32715
1834
-32717
1809
-32718
1784
-32719
1758
-32721
1733
-32722
1708
-32723
1683
-32725
1658
-32726
1633
-32727
1608
-32728
1583
-32730
1558
-32731
1532
-32732
1507
-32733
1482
-32734
1457
-32736
1432
-32737
1407
-32738
1382
-32739
1357
-32740
1332
-32741
1306
-32742
1281
-32743
1256
-32744
1231
-32745
1206
-32746
1181
-32747
1156
-32748
1131
-32748
1106
-32749
1080
-32750
1055
-32751
1030
-32752
1005
-32752
980
-32753
955
-32754
930
-32755
905
-32756
880
-32756
854
-32757
829
-32758
804
-32758
779
-32759
754
-32759
729
-32760
704
-32760
678
-32761
653
-32761
628
-32762
603
-32762
578
-32763
553
-32763
528
-32764
503
-32764
478
-32764
452
-32765
427
-32765
402
-32766
377
-32766
352
-32766
327
-32766
302
-32766
276
-32767
251
-32767
226
-32767
201
-32767
176
-32768
151
-32768
126
-32768
100
-32768
75
-32768
50
-32768
25
-32768
0
-32768
-25
-32768
-50
-32768
-75
-32768
-100
-32768
-126
-32768
-151
-32768
-176
-32768
-201
-32767
-226
-32767
-251
-32767
-276
-32767
-302
-32766
-327
-32766
-352
-32766
-377
-32766
-402
-32766
-427
-32765
-452
-32765
-478
-32764
-503
-32764
-528
-32764
-553
-32763
-578
-32763
-603
-32762
-628
-32762
-653
-32761
-678
-32761
-704
-32760
-729
-32760
-754
-32759
-779
-32759
-804
-32758
-829
-32758
-854
-32757
-880
-32756
-905
-32756
-930
-32755
-955
-32754
-980
-32753
-1005
-32752
-1030
-32752
-1055
-32751
-1080
-32750
-1106
-32749
-1131
-32748
-1156
-32748
-1181
-32747
-1206
-32746
-1231
-32745
-1256
-32744
-1281
-32743
-1306
-32742
-1332
-32741
-1357
-32740
-1382
-32739
-1407
-32738
-1432
-32737
-1457
-32736
-1482
-32734
-1507
-32733
-1532
-32732
-1558
-32731
-1583
-32730
-1608
-32728
-1633
-32727
-1658
-32726
-1683
-32725
-1708
-32723
-1733
-32722
-1758
-32721
-1784
-32719
-1809
-32718
-1834
-32717
-1859
-32715
-1884
-32714
-1909
-32712
-1934
-32711
-1959
-32709
-1984
-32708
-2009
-32706
-2034
-32705
-2060
-32703
-2084
-32702
-2110
-32700
-2135
-32698
-2160
-32697
-2185
-32695
-2210
-32693
-2235
-32692
-2260
-32690
-2285
-32688
-2310
-32686
-2335
-32685
-2360
-32683
-2385
-32681
-2410
-32679
-2436
-32677
-2461
-32675
-2486
-32674
-2511
-32672
-2536
-32670
-2561
-32668
-2586
-32666
-2611
-32664
-2636
-32662
-2661
-32660
-2686
-32658
-2711
-32656
-2736
-32654
-2761
-32651
-2786
-32649
-2811
-32647
-2836
-32645
-2861
-32643
-2886
-32640
-2912
-32638
-2936
-32636
-2962
-32634
-2987
-32632
-3012
-32629
-3037
-32627
-3062
-32625
-3087
-32622
-3112
-32620
-3137
-32618
-3162
-32615
-3187
-32613
-3212
-32610
-3237
-32608
-3262
-32605
-3287
-32603
-3312
-32600
-3337
-32598
-3362
-32595
-3387
-32592
-3412
-32590
-3437
-32587
-3462
-32584
-3487
-32582
-3512
-32579
-3537
-32576
-3562
-32574
-3587
-32571
-3612
-32568
-3637
-32566
-3662
-32563
-3687
-32560
-3712
-32557
-3737
-32554
-3762
-32551
-3786
-32548
-3812
-32546
-3836
-32543
-3861
-32540
-3886
-32537
-3911
-32534
-3936
-32531
-3961
-32528
-3986
-32525
-4011
-32522
-4036
-32518
-4061
-32515
-4086
-32512
-4111
-32509
-4136
-32506
-4161
-32503
-4186
-32500
-4211
-32496
-4236
-32493
-4260
-32490
-4285
-32486
-4310
-32483
-4335
-32480
-4360
-32476
-4385
-32473
-4410
-32470
-4435
-32466
-4460
-32463
-4485
-32460
-4510
-32456
-4534
-32453
-4559
-32449
-4584
-32446
-4609
-32442
-4634
-32439
-4659
-32435
-4684
-32432
-4708
-32428
-4733
-32424
-4758
-32421
-4783
-32417
-4808
-32413
-4833
-32410
-4858
-32406
-4883
-32402
-4907
-32398
-4932
-32395
-4957
-32391
-4982
-32387
-5007
-32383
-5032
-32379
-5056
-32376
-5081
-32372
-5106
-32368
-5131
-32364
-5156
-32360
-5181
-32356
-5205
-32352
-5230
-32348
-5255
-32344
-5280
-32340
-5305
-32336
-5329
-32332
-5354
-32328
-5379
-32323
-5404
-32319
-5429
-32315
-5453
-32311
-5478
-32307
-5503
-32302
-5528
-32298
-5552
-32294
-5577
-32290
-5602
-32286
-5627
-32281
-5652
-32277
-5676
-32272
-5701
-32268
-5726
-32264
-5750
-32259
-5775
-32255
-5800
-32250
-5825
-32246
-5850
-32242
-5874
-32237
-5899
-32233
-5924
-32228
-5948
-32224
-5973
-32219
-5998
-32214
-6022
-32210
-6047
-32205
-6072
-32200
-6097
-32196
-6121
-32191
-6146
-32186
-6171
-32182
-6195
-32177
-6220
-32172
-6245
-32167
-6269
-32163
-6294
-32158
-6319
-32153
-6343
-32148
-6368
-32143
-6393
-32138
-6417
-32133
-6442
-32128
-6467
-32124
-6491
-32118
-6516
-32114
-6540
-32108
-6565
-32104
-6590
-32098
-6614
-32093
-6639
-32088
-6664
-32083
-6688
-32078
-6713
-32073
-6737
-32068
-6762
-32063
-6787
-32058
-6811
-32052
-6836
-32047
-6860
-32042
-6885
-32036
-6910
-32031
-6934
-32026
-6959
-32020
-6983
-32015
-7008
-32010
-7032
-32004
-7057
-31999
-7081
-31994
-7106
-31988
-7130
-31983
-7155
-31977
-7180
-31972
-7204
-31966
-7228
-31961
-7253
-31955
-7278
-31950
-7302
-31944
-7326
-31938
-7351
-31933
-7376
-31927
-7400
-31921
-7424
-31916
-7449
-31910
-7473
-31904
-7498
-31899
-7522
-31893
-7547
-31887
-7571
-31881
-7596
-31875
-7620
-31870
-7645
-31864
-7669
-31858
-7694
-31852
-7718
-31846
-7742
-31840
-7767
-31834
-7791
-31828
-7816
-31822
-7840
-31816
-7864
-31810
-7889
-31804
-7913
-31798
-7938
-31792
-7962
-31786
-7986
-31780
-8011
-31774
-8035
-31768
-8059
-31761
-8084
-31755
-8108
-31749
-8132
-31743
-8157
-31736
-8181
-31730
-8206
-31724
-8230
-31718
-8254
-31711
-8278
-31705
-8303
-31699
-8327
-31692
-8351
-31686
-8376
-31679
-8400
-31673
-8424
-31666
-8448
-31660
-8473
-31654
-8497
-31647
-8521
-31640
-8546
-31634
-8570
-31627
-8594
-31621
-8618
-31614
-8643
-31608
-8667
-31601
-8691
-31594
-8715
-31588
-8740
-31581
-8764
-31574
-8788
-31568
-8812
-31561
-8836
-31554
-8861
-31547
-8885
-31540
-8909
-31534
-8933
-31527
-8957
-31520
-8982
-31513
-9006
-31506
-9030
-31499
-9054
-31492
-9078
-31485
-9102
-31478
-9126
-31471
-9151
-31464
-9175
-31457
-9199
-31450
-9223
-31443
-9247
-31436
-9271
-31429
-9295
-31422
-9319
-31415
-9344
-31408
-9368
-31400
-9392
-31393
-9416
-31386
-9440
-31379
-9464
-31372
-9488
-31364
-9512
-31357
-9536
-31350
-9560
-31342
-9584
-31335
-9608
-31328
-9632
-31320
-9656
-31313
-9680
-31305
-9704
-31298
-9728
-31290
-9752
-31283
-9776
-31276
-9800
-31268
-9824
-31260
-9848
-31253
-9872
-31246
-9896
-31238
-9920
-31230
-9944
-31223
-9968
-31215
-9992
-31207
-10016
-31200
-10040
-31192
-10064
-31184
-10088
-31176
-10112
-31169
-10135
-31161
-10159
-31153
-10183
-31146
-10207
-31138
-10231
-31130
-10255
-31122
-10279
-31114
-10302
-31106
-10326
-31098
-10350
-31090
-10374
-31082
-10398
-31074
-10422
-31066
-10446
-31058
-10469
-31050
-10493
-31042
-10517
-31034
-10541
-31026
-10565
-31018
-10588
-31010
-10612
-31002
-10636
-30994
-10660
-30986
-10684
-30977
-10707
-30969
-10731
-30961
-10755
-30953
-10778
-30944
-10802
-30936
-10826
-30928
-10850
-30920
-10873
-30911
-10897
-30903
-10921
-30894
-10944
-30886
-10968
-30878
-10992
-30869
-11016
-30861
-11039
-30852
-11063
-30844
-11086
-30836
-11110
-30827
-11134
-30818
-11157
-30810
-11181
-30801
-11205
-30793
-11228
-30784
-11252
-30776
-11276
-30767
-11299
-30758
-11323
-30750
-11346
-30741
-11370
-30732
-11393
-30723
-11417
-30715
-11440
-30706
-11464
-30697
-11488
-30688
-11511
-30680
-11535
-30671
-11558
-30662
-11582
-30653
-11605
-30644
-11629
-30635
-11652
-30626
-11676
-30617
-11699
-30608
-11723
-30599
-11746
-30590
-11770
-30581
-11793
-30572
-11816
-30563
-11840
-30554
-11863
-30545
-11887
-30536
-11910
-30527
-11934
-30518
-11957
-30508
-11980
-30499
-12004
-30490
-12027
-30481
-12050
-30472
-12074
-30462
-12097
-30453
-12121
-30444
-12144
-30434
-12167
-30425
-12191
-30416
-12214
-30406
-12237
-30397
-12260
-30388
-12284
-30378
-12307
-30369
-12330
-30360
-12354
-30350
-12377
-30340
-12400
-30331
-12424
-30322
-12447
-30312
-12470
-30302
-12493
-30293
-12516
-30283
-12540
-30274
-12563
-30264
-12586
-30254
-12609
-30245
-12632
-30235
-12656
-30225
-12679
-30216
-12702
-30206
-12725
-30196
-12748
-30186
-12772
-30176
-12795
-30167
-12818
-30157
-12841
-30147
-12864
-30137
-12887
-30127
-12910
-30118
-12933
-30108
-12956
-30098
-12980
-30088
-13003
-30078
-13026
-30068
-13049
-30058
-13072
-30048
-13095
-30038
-13118
-30028
-13141
-30018
-13164
-30008
-13187
-29997
-13210
-29987
-13233
-29977
-13256
-29967
-13279
-29957
-13302
-29947
-13325
-29936
-13348
-29926
-13371
-29916
-13394
-29906
-13417
-29895
-13440
-29885
-13462
-29875
-13485
-29864
-13508
-29854
-13531
-29844
-13554
-29833
-13577
-29823
-13600
-29812
-13623
-29802
-13646
-29792
-13668
-29781
-13691
-29771
-13714
-29760
-13737
-29750
-13760
-29739
-13782
-29728
-13805
-29718
-13828
-29707
-13851
-29697
-13874
-29686
-13896
-29675
-13919
-29665
-13942
-29654
-13965
-29643
-13987
-29633
-14010
-29622
-14033
-29611
-14056
-29600
-14078
-29590
-14101
-29579
-14124
-29568
-14146
-29557
-14169
-29546
-14192
-29535
-14214
-29524
-14237
-29514
-14260
-29503
-14282
-29492
-14305
-29481
-14327
-29470
-14350
-29459
-14372
-29448
-14395
-29437
-14418
-29426
-14440
-29414
-14463
-29404
-14485
-29392
-14508
-29381
-14530
-29370
-14553
-29359
-14576
-29348
-14598
-29337
-14620
-29325
-14643
-29314
-14665
-29303
-14688
-29292
-14710
-29280
-14733
-29269
-14755
-29258
-14778
-29246
-14800
-29235
-14822
-29224
-14845
-29212
-14867
-29201
-14890
-29190
-14912
-29178
-14934
-29167
-14957
-29155
-14979
-29144
-15002
-29132
-15024
-29121
-15046
-29109
-15068
-29098
-15091
-29086
-15113
-29074
-15136
-29063
-15158
-29051
-15180
-29040
-15202
-29028
-15225
-29016
-15247
-29005
-15269
-28993
-15291
-28981
-15314
-28970
-15336
-28958
-15358
-28946
-15380
-28934
-15402
-28922
-15424
-28911
-15447
-28899
-15469
-28887
-15491
-28875
-15513
-28863
-15535
-28851
-15557
-28839
-15580
-28827
-15602
-28815
-15624
-28803
-15646
-28791
-15668
-28779
-15690
-28767
-15712
-28755
-15734
-28743
-15756
-28731
-15778
-28719
-15800
-28707
-15822
-28695
-15844
-28683
-15866
-28671
-15888
-28658
-15910
-28646
-15932
-28634
-15954
-28622
-15976
-28610
-15998
-28597
-16020
-28585
-16042
-28573
-16064
-28560
-16086
-28548
-16108
-28536
-16129
-28523
-16151
-28511
-16173
-28498
-16195
-28486
-16217
-28474
-16239
-28461
-16260
-28449
-16282
-28436
-16304
-28424
-16326
-28411
-16348
-28399
-16369
-28386
-16391
-28374
-16413
-28361
-16435
-28348
-16456
-28336
-16478
-28323
-16500
-28311
-16522
-28298
-16543
-28285
-16565
-28272
-16587
-28260
-16608
-28247
-16630
-28234
-16652
-28222
-16673
-28209
-16695
-28196
-16716
-28183
-16738
-28170
-16760
-28158
-16781
-28145
-16803
-28132
-16824
-28119
-16846
-28106
-16868
-28093
-16889
-28080
-16911
-28067
-16932
-28054
-16954
-28041
-16975
-28028
-16997
-28015
-17018
-28002
-17040
-27989
-17061
-27976
-17083
-27963
-17104
-27950
-17126
-27937
-17147
-27924
-17168
-27910
-17190
-27897
-17211
-27884
-17232
-27871
-17254
-27858
-17275
-27844
-17296
-27831
-17318
-27818
-17339
-27804
-17360
-27791
-17382
-27778
-17403
-27764
-17424
-27751
-17446
-27738
-17467
-27724
-17488
-27711
-17510
-27698
-17531
-27684
-17552
-27671
-17573
-27657
-17594
-27644
-17616
-27630
-17637
-27617
-17658
-27603
-17679
-27590
-17700
-27576
-17721
-27562
-17742
-27549
-17764
-27535
-17785
-27522
-17806
-27508
-17827
-27494
-17848
-27481
-17869
-27467
-17890
-27453
-17911
-27440
-17932
-27426
-17953
-27412
-17974
-27398
-17995
-27384
-18016
-27370
-18037
-27357
-18058
-27343
-18079
-27329
-18100
-27315
-18121
-27301
-18142
-27287
-18163
-27273
-18184
-27260
-18205
-27246
-18226
-27232
-18247
-27218
-18268
-27204
-18288
-27190
-18309
-27176
-18330
-27162
-18351
-27147
-18372
-27133
-18392
-27119
-18413
-27105
-18434
-27091
-18455
-27077
-18476
-27063
-18496
-27048
-18517
-27034
-18538
-27020
-18558
-27006
-18579
-26992
-18600
-26977
-18621
-26963
-18641
-26949
-18662
-26934
-18683
-26920
-18703
-26906
-18724
-26892
-18744
-26877
-18765
-26863
-18786
-26848
-18806
-26834
-18827
-26820
-18848
-26805
-18868
-26790
-18889
-26776
-18909
-26762
-18930
-26747
-18950
-26732
-18971
-26718
-18991
-26704
-19012
-26689
-19032
-26674
-19052
-26660
-19073
-26645
-19093
-26630
-19114
-26616
-19134
-26601
-19155
-26586
-19175
-26572
-19195
-26557
-19216
-26542
-19236
-26528
-19256
-26513
-19277
-26498
-19297
-26483
-19317
-26468
-19338
-26454
-19358
-26439
-19378
-26424
-19398
-26409
-19419
-26394
-19439
-26379
-19459
-26364
-19479
-26349
-19500
-26334
-19520
-26320
-19540
-26304
-19560
-26290
-19580
-26274
-19600
-26259
-19621
-26244
-19641
-26229
-19661
-26214
-19681
-26199
-19701
-26184
-19721
-26169
-19741
-26154
-19761
-26139
-19781
-26124
-19801
-26108
-19821
-26093
-19841
-26078
-19861
-26063
-19881
-26048
-19901
-26032
-19921
-26017
-19941
-26002
-19961
-25986
-19981
-25971
-20001
-25956
-20021
-25940
-20041
-25925
-20061
-25910
-20080
-25894
-20100
-25879
-20120
-25863
-20140
-25848
-20160
-25832
-20180
-25817
-20200
-25802
-20219
-25786
-20239
-25770
-20259
-25755
-20278
-25739
-20298
-25724
-20318
-25708
-20338
-25693
-20357
-25677
-20377
-25662
-20397
-25646
-20416
-25630
-20436
-25614
-20456
-25599
-20475
-25583
-20495
-25567
-20514
-25552
-20534
-25536
-20554
-25520
-20573
-25504
-20593
-25489
-20612
-25473
-20632
-25457
-20652
-25441
-20671
-25425
-20690
-25410
-20710
-25394
-20729
-25378
-20749
-25362
-20768
-25346
-20788
-25330
-20807
-25314
-20827
-25298
-20846
-25282
-20865
-25266
-20885
-25250
-20904
-25234
-20923
-25218
-20943
-25202
-20962
-25186
-20981
-25170
-21001
-25154
-21020
-25138
-21039
-25121
-21058
-25105
-21078
-25089
-21097
-25073
-21116
-25057
-21136
-25040
-21155
-25024
-21174
-25008
-21193
-24992
-21212
-24976
-21231
-24959
-21250
-24943
-21270
-24927
-21289
-24910
-21308
-24894
-21327
-24878
-21346
-24861
-21365
-24845
-21384
-24829
-21403
-24812
-21422
-24796
-21441
-24779
-21460
-24763
-21479
-24746
-21498
-24730
-21517
-24713
-21536
-24697
-21555
-24680
-21574
-24664
-21593
-24647
-21612
-24631
-21631
-24614
-21649
-24598
-21668
-24581
-21687
-24564
-21706
-24548
-21725
-24531
-21744
-24514
-21762
-24498
-21781
-24481
-21800
-24464
-21819
-24448
-21838
-24431
-21856
-24414
-21875
-24397
-21894
-24380
-21912
-24364
-21931
-24347
-21950
-24330
-21968
-24313
-21987
-24296
-22006
-24279
-22024
-24262
-22043
-24246
-22061
-24229
-22080
-24212
-22098
-24195
-22117
-24178
-22136
-24161
-22154
-24144
-22173
-24127
-22191
-24110
-22210
-24093
-22228
-24076
-22247
-24059
-22265
-24042
-22284
-24025
-22302
-24008
-22320
-23990
-22339
-23973
-22357
-23956
-22375
-23939
-22394
-23922
-22412
-23905
-22430
-23888
-22449
-23870
-22467
-23853
-22485
-23836
-22504
-23818
-22522
-23801
-22540
-23784
-22558
-23767
-22577
-23749
-22595
-23732
-22613
-23715
-22631
-23697
-22649
-23680
-22668
-23663
-22686
-23645
-22704
-23628
-22722
-23610
-22740
-23593
-22758
-23576
-22776
-23558
-22794
-23541
-22812
-23523
-22830
-23506
-22848
-23488
-22866
-23470
-22884
-23453
-22902
-23436
-22920
-23418
-22938
-23400
-22956
-23383
-22974
-23365
-22992
-23348
-23010
-23330
-23028
-23312
-23046
-23294
-23064
-23277
-23081
-23259
-23099
-23241
-23117
-23224
-23135
-23206
-23153
-23188
-23170
-23170
-23188
-23153
-23206
-23135
-23224
-23117
-23241
-23099
-23259
-23081
-23277
-23064
-23294
-23046
-23312
-23028
-23330
-23010
-23348
-22992
-23365
-22974
-23383
-22956
-23400
-22938
-23418
-22920
-23436
-22902
-23453
-22884
-23470
-22866
-23488
-22848
-23506
-22830
-23523
-22812
-23541
-22794
-23558
-22776
-23576
-22758
-23593
-22740
-23610
-22722
-23628
-22704
-23645
-22686
-23663
-22668
-23680
-22649
-23697
-22631
-23715
-22613
-23732
-22595
-23749
-22577
-23767
-22558
-23784
-22540
-23801
-22522
-23818
-22504
-23836
-22485
-23853
-22467
-23870
-22449
-23888
-22430
-23905
-22412
-23922
-22394
-23939
-22375
-23956
-22357
-23973
-22339
-23990
-22320
-24008
-22302
-24025
-22284
-24042
-22265
-24059
-22247
-24076
-22228
-24093
-22210
-24110
-22191
-24127
-22173
-24144
-22154
-24161
-22136
-24178
-22117
-24195
-22098
-24212
-22080
-24229
-22061
-24246
-22043
-24262
-22024
-24279
-22006
-24296
-21987
-24313
-21968
-24330
-21950
-24347
-21931
-24364
-21912
-24380
-21894
-24397
-21875
-24414
-21856
-24431
-21838
-24448
-21819
-24464
-21800
-24481
-21781
-24498
-21762
-24514
-21744
-24531
-21725
-24548
-21706
-24564
-21687
-24581
-21668
-24598
-21649
-24614
-21631
-24631
-21612
-24647
-21593
-24664
-21574
-24680
-21555
-24697
-21536
-24713
-21517
-24730
-21498
-24746
-21479
-24763
-21460
-24779
-21441
-24796
-21422
-24812
-21403
-24829
-21384
-24845
-21365
-24861
-21346
-24878
-21327
-24894
-21308
-24910
-21289
-24927
-21270
-24943
-21250
-24959
-21231
-24976
-21212
-24992
-21193
-25008
-21174
-25024
-21155
-25040
-21136
-25057
-21116
-25073
-21097
-25089
-21078
-25105
-21058
-25121
-21039
-25138
-21020
-25154
-21001
-25170
-20981
-25186
-20962
-25202
-20943
-25218
-20923
-25234
-20904
-25250
-20885
-25266
-20865
-25282
-20846
-25298
-20827
-25314
-20807
-25330
-20788
-25346
-20768
-25362
-20749
-25378
-20729
-25394
-20710
-25410
-20690
-25425
-20671
-25441
-20652
-25457
-20632
-25473
-20612
-25489
-20593
-25504
-20573
-25520
-20554
-25536
-20534
-25552
-20514
-25567
-20495
-25583
-20475
-25599
-20456
-25614
-20436
-25630
-20416
-25646
-20397
-25662
-20377
-25677
-20357
-25693
-20338
-25708
-20318
-25724
-20298
-25739
-20278
-25755
-20259
-25770
-20239
-25786
-20219
-25802
-20200
-25817
-20180
-25832
-20160
-25848
-20140
-25863
-20120
-25879
-20100
-25894
-20080
-25910
-20061
-25925
-20041
-25940
-20021
-25956
-20001
-25971
-19981
-25986
-19961
-26002
-19941
-26017
-19921
-26032
-19901
-26048
-19881
-26063
-19861
-26078
-19841
-26093
-19821
-26108
-19801
-26124
-19781
-26139
-19761
-26154
-19741
-26169
-19721
-26184
-19701
-26199
-19681
-26214
-19661
-26229
-19641
-26244
-19621
-26259
-19600
-26274
-19580
-26290
-19560
-26304
-19540
-26320
-19520
-26334
-19500
-26349
-19479
-26364
-19459
-26379
-19439
-26394
-19419
-26409
-19398
-26424
-19378
-26439
-19358
-26454
-19338
-26468
-19317
-26483
-19297
-26498
-19277
-26513
-19256
-26528
-19236
-26542
-19216
-26557
-19195
-26572
-19175
-26586
-19155
-26601
-19134
-26616
-19114
-26630
-19093
-26645
-19073
-26660
-19052
-26674
-19032
-26689
-19012
-26704
-18991
-26718
-18971
-26732
-18950
-26747
-18930
-26762
-18909
-26776
-18889
-26790
-18868
-26805
-18848
-26820
-18827
-26834
-18806
-26848
-18786
-26863
-18765
-26877
-18744
-26892
-18724
-26906
-18703
-26920
-18683
-26934
-18662
-26949
-18641
-26963
-18621
-26977
-18600
-26992
-18579
-27006
-18558
-27020
-18538
-27034
-18517
-27048
-18496
-27063
-18476
-27077
-18455
-27091
-18434
-27105
-18413
-27119
-18392
-27133
-18372
-27147
-18351
-27162
-18330
-27176
-18309
-27190
-18288
-27204
-18268
-27218
-18247
-27232
-18226
-27246
-18205
-27260
-18184
-27273
-18163
-27287
-18142
-27301
-18121
-27315
-18100
-27329
-18079
-27343
-18058
-27357
-18037
-27370
-18016
-27384
-17995
-27398
-17974
-27412
-17953
-27426
-17932
-27440
-17911
-27453
-17890
-27467
-17869
-27481
-17848
-27494
-17827
-27508
-17806
-27522
-17785
-27535
-17764
-27549
-17742
-27562
-17721
-27576
-17700
-27590
-17679
-27603
-17658
-27617
-17637
-27630
-17616
-27644
-17594
-27657
-17573
-27671
-17552
-27684
-17531
-27698
-17510
-27711
-17488
-27724
-17467
-27738
-17446
-27751
-17424
-27764
-17403
-27778
-17382
-27791
-17360
-27804
-17339
-27818
-17318
-27831
-17296
-27844
-17275
-27858
-17254
-27871
-17232
-27884
-17211
-27897
-17190
-27910
-17168
-27924
-17147
-27937
-17126
-27950
-17104
-27963
-17083
-27976
-17061
-27989
-17040
-28002
-17018
-28015
-16997
-28028
-16975
-28041
-16954
-28054
-16932
-28067
-16911
-28080
-16889
-28093
-16868
-28106
-16846
-28119
-16824
-28132
-16803
-28145
-16781
-28158
-16760
-28170
-16738
-28183
-16716
-28196
-16695
-28209
-16673
-28222
-16652
-28234
-16630
-28247
-16608
-28260
-16587
-28272
-16565
-28285
-16543
-28298
-16522
-28311
-16500
-28323
-16478
-28336
-16456
-28348
-16435
-28361
-16413
-28374
-16391
-28386
-16369
-28399
-16348
-28411
-16326
-28424
-16304
-28436
-16282
-28449
-16260
-28461
-16239
-28474
-16217
-28486
-16195
-28498
-16173
-28511
-16151
-28523
-16129
-28536
-16108
-28548
-16086
-28560
-16064
-28573
-16042
-28585
-16020
-28597
-15998
-28610
-15976
-28622
-15954
-28634
-15932
-28646
-15910
-28658
-15888
-28671
-15866
-28683
-15844
-28695
-15822
-28707
-15800
-28719
-15778
-28731
-15756
-28743
-15734
-28755
-15712
-28767
-15690
-28779
-15668
-28791
-15646
-28803
-15624
-28815
-15602
-28827
-15580
-28839
-15557
-28851
-15535
-28863
-15513
-28875
-15491
-28887
-15469
-28899
-15447
-28911
-15424
-28922
-15402
-28934
-15380
-28946
-15358
-28958
-15336
-28970
-15314
-28981
-15291
-28993
-15269
-29005
-15247
-29016
-15225
-29028
-15202
-29040
-15180
-29051
-15158
-29063
-15136
-29074
-15113
-29086
-15091
-29098
-15068
-29109
-15046
-29121
-15024
-29132
-15002
-29144
-14979
-29155
-14957
-29167
-14934
-29178
-14912
-29190
-14890
-29201
-14867
-29212
-14845
-29224
-14822
-29235
-14800
-29246
-14778
-29258
-14755
-29269
-14733
-29280
-14710
-29292
-14688
-29303
-14665
-29314
-14643
-29325
-14620
-29337
-14598
-29348
-14576
-29359
-14553
-29370
-14530
-29381
-14508
-29392
-14485
-29404
-14463
-29414
-14440
-29426
-14418
-29437
-14395
-29448
-14372
-29459
-14350
-29470
-14327
-29481
-14305
-29492
-14282
-29503
-14260
-29514
-14237
-29524
-14214
-29535
-14192
-29546
-14169
-29557
-14146
-29568
-14124
-29579
-14101
-29590
-14078
-29600
-14056
-29611
-14033
-29622
-14010
-29633
-13987
-29643
-13965
-29654
-13942
-29665
-13919
-29675
-13896
-29686
-13874
-29697
-13851
-29707
-13828
-29718
-13805
-29728
-13782
-29739
-13760
-29750
-13737
-29760
-13714
-29771
-13691
-29781
-13668
-29792
-13646
-29802
-13623
-29812
-13600
-29823
-13577
-29833
-13554
-29844
-13531
-29854
-13508
-29864
-13485
-29875
-13462
-29885
-13440
-29895
-13417
-29906
-13394
-29916
-13371
-29926
-13348
-29936
-13325
-29947
-13302
-29957
-13279
-29967
-13256
-29977
-13233
-29987
-13210
-29997
-13187
-30008
-13164
-30018
-13141
-30028
-13118
-30038
-13095
-30048
-13072
-30058
-13049
-30068
-13026
-30078
-13003
-30088
-12980
-30098
-12956
-30108
-12933
-30118
-12910
-30127
-12887
-30137
-12864
-30147
-12841
-30157
-12818
-30167
-12795
-30176
-12772
-30186
-12748
-30196
-12725
-30206
-12702
-30216
-12679
-30225
-12656
-30235
-12632
-30245
-12609
-30254
-12586
-30264
-12563
-30274
-12540
-30283
-12516
-30293
-12493
-30302
-12470
-30312
-12447
-30322
-12424
-30331
-12400
-30340
-12377
-30350
-12354
-30360
-12330
-30369
-12307
-30378
-12284
-30388
-12260
-30397
-12237
-30406
-12214
-30416
-12191
-30425
-12167
-30434
-12144
-30444
-12121
-30453
-12097
-30462
-12074
-30472
-12050
-30481
-12027
-30490
-12004
-30499
-11980
-30508
-11957
-30518
-11934
-30527
-11910
-30536
-11887
-30545
-11863
-30554
-11840
-30563
-11816
-30572
-11793
-30581
-11770
-30590
-11746
-30599
-11723
-30608
-11699
-30617
-11676
-30626
-11652
-30635
-11629
-30644
-11605
-30653
-11582
-30662
-11558
-30671
-11535
-30680
-11511
-30688
-11488
-30697
-11464
-30706
-11440
-30715
-11417
-30723
-11393
-30732
-11370
-30741
-11346
-30750
-11323
-30758
-11299
-30767
-11276
-30776
-11252
-30784
-11228
-30793
-11205
-30801
-11181
-30810
-11157
-30818
-11134
-30827
-11110
-30836
-11086
-30844
-11063
-30852
-11039
-30861
-11016
-30869
-10992
-30878
-10968
-30886
-10944
-30894
-10921
-30903
-10897
-30911
-10873
-30920
-10850
-30928
-10826
-30936
-10802
-30944
-10778
-30953
-10755
-30961
-10731
-30969
-10707
-30977
-10684
-30986
-10660
-30994
-10636
-31002
-10612
-31010
-10588
-31018
-10565
-31026
-10541
-31034
-10517
-31042
-10493
-31050
-10469
-31058
-10446
-31066
-10422
-31074
-10398
-31082
-10374
-31090
-10350
-31098
-10326
-31106
-10302
-31114
-10279
-31122
-10255
-31130
-10231
-31138
-10207
-31146
-10183
-31153
-10159
-31161
-10135
-31169
-10112
-31176
-10088
-31184
-10064
-31192
-10040
-31200
-10016
-31207
-9992
-31215
-9968
-31223
-9944
-31230
-9920
-31238
-9896
-31246
-9872
-31253
-9848
-31260
-9824
-31268
-9800
-31276
-9776
-31283
-9752
-31290
-9728
-31298
-9704
-31305
-9680
-31313
-9656
-31320
-9632
-31328
-9608
-31335
-9584
-31342
-9560
-31350
-9536
-31357
-9512
-31364
-9488
-31372
-9464
-31379
-9440
-31386
-9416
-31393
-9392
-31400
-9368
-31408
-9344
-31415
-9319
-31422
-9295
-31429
-9271
-31436
-9247
-31443
-9223
-31450
-9199
-31457
-9175
-31464
-9151
-31471
-9126
-31478
-9102
-31485
-9078
-31492
-9054
-31499
-9030
-31506
-9006
-31513
-8982
-31520
-8957
-31527
-8933
-31534
-8909
-31540
-8885
-31547
-8861
-31554
-8836
-31561
-8812
-31568
-8788
-31574
-8764
-31581
-8740
-31588
-8715
-31594
-8691
-31601
-8667
-31608
-8643
-31614
-8618
-31621
-8594
-31627
-8570
-31634
-8546
-31640
-8521
-31647
-8497
-31654
-8473
-31660
-8448
-31666
-8424
-31673
-8400
-31679
-8376
-31686
-8351
-31692
-8327
-31699
-8303
-31705
-8278
-31711
-8254
-31718
-8230
-31724
-8206
-31730
-8181
-31736
-8157
-31743
-8132
-31749
-8108
-31755
-8084
-31761
-8059
-31768
-8035
-31774
-8011
-31780
-7986
-31786
-7962
-31792
-7938
-31798
-7913
-31804
-7889
-31810
-7864
-31816
-7840
-31822
-7816
-31828
-7791
-31834
-7767
-31840
-7742
-31846
-7718
-31852
-7694
-31858
-7669
-31864
-7645
-31870
-7620
-31875
-7596
-31881
-7571
-31887
-7547
-31893
-7522
-31899
-7498
-31904
-7473
-31910
-7449
-31916
-7424
-31921
-7400
-31927
-7376
-31933
-7351
-31938
-7326
-31944
-7302
-31950
-7278
-31955
-7253
-31961
-7228
-31966
-7204
-31972
-7180
-31977
-7155
-31983
-7130
-31988
-7106
-31994
-7081
-31999
-7057
-32004
-7032
-32010
-7008
-32015
-6983
-32020
-6959
-32026
-6934
-32031
-6910
-32036
-6885
-32042
-6860
-32047
-6836
-32052
-6811
-32058
-6787
-32063
-6762
-32068
-6737
-32073
-6713
-32078
-6688
-32083
-6664
-32088
-6639
-32093
-6614
-32098
-6590
-32104
-6565
-32108
-6540
-32114
-6516
-32118
-6491
-32124
-6467
-32128
-6442
-32133
-6417
-32138
-6393
-32143
-6368
-32148
-6343
-32153
-6319
-32158
-6294
-32163
-6269
-32167
-6245
-32172
-6220
-32177
-6195
-32182
-6171
-32186
-6146
-32191
-6121
-32196
-6097
-32200
-6072
-32205
-6047
-32210
-6022
-32214
-5998
-32219
-5973
-32224
-5948
-32228
-5924
-32233
-5899
-32237
-5874
-32242
-5850
-32246
-5825
-32250
-5800
-32255
-5775
-32259
-5750
-32264
-5726
-32268
-5701
-32272
-5676
-32277
-5652
-32281
-5627
-32286
-5602
-32290
-5577
-32294
-5552
-32298
-5528
-32302
-5503
-32307
-5478
-32311
-5453
-32315
-5429
-32319
-5404
-32323
-5379
-32328
-5354
-32332
-5329
-32336
-5305
-32340
-5280
-32344
-5255
-32348
-5230
-32352
-5205
-32356
-5181
-32360
-5156
-32364
-5131
-32368
-5106
-32372
-5081
-32376
-5056
-32379
-5032
-32383
-5007
-32387
-4982
-32391
-4957
-32395
-4932
-32398
-4907
-32402
-4883
-32406
-4858
-32410
-4833
-32413
-4808
-32417
-4783
-32421
-4758
-32424
-4733
-32428
-4708
-32432
-4684
-32435
-4659
-32439
-4634
-32442
-4609
-32446
-4584
-32449
-4559
-32453
-4534
-32456
-4510
-32460
-4485
-32463
-4460
-32466
-4435
-32470
-4410
-32473
-4385
-32476
-4360
-32480
-4335
-32483
-4310
-32486
-4285
-32490
-4260
-32493
-4236
-32496
-4211
-32500
-4186
-32503
-4161
-32506
-4136
-32509
-4111
-32512
-4086
-32515
-4061
-32518
-4036
-32522
-4011
-32525
-3986
-32528
-3961
-32531
-3936
-32534
-3911
-32537
-3886
-32540
-3861
-32543
-3836
-32546
-3812
-32548
-3786
-32551
-3762
-32554
-3737
-32557
-3712
-32560
-3687
-32563
-3662
-32566
-3637
-32568
-3612
-32571
-3587
-32574
-3562
-32576
-3537
-32579
-3512
-32582
-3487
-32584
-3462
-32587
-3437
-32590
-3412
-32592
-3387
-32595
-3362
-32598
-3337
-32600
-3312
-32603
-3287
-32605
-3262
-32608
-3237
-32610
-3212
-32613
-3187
-32615
-3162
-32618
-3137
-32620
-3112
-32622
-3087
-32625
-3062
-32627
-3037
-32629
-3012
-32632
-2987
-32634
-2962
-32636
-2936
-32638
-2912
-32640
-2886
-32643
-2861
-32645
-2836
-32647
-2811
-32649
-2786
-32651
-2761
-32654
-2736
-32656
-2711
-32658
-2686
-32660
-2661
-32662
-2636
-32664
-2611
-32666
-2586
-32668
-2561
-32670
-2536
-32672
-2511
-32674
-2486
-32675
-2461
-32677
-2436
-32679
-2410
-32681
-2385
-32683
-2360
-32685
-2335
-32686
-2310
-32688
-2285
-32690
-2260
-32692
-2235
-32693
-2210
-32695
-2185
-32697
-2160
-32698
-2135
-32700
-2110
-32702
-2084
-32703
-2060
-32705
-2034
-32706
-2009
-32708
-1984
-32709
-1959
-32711
-1934
-32712
-1909
-32714
-1884
-32715
-1859
-32717
-1834
-32718
-1809
-32719
-1784
-32721
-1758
-32722
-1733
-32723
-1708
-32725
-1683
-32726
-1658
-32727
-1633
-32728
-1608
-32730
-1583
-32731
-1558
-32732
-1532
-32733
-1507
-32734
-1482
-32736
-1457
-32737
-1432
-32738
-1407
-32739
-1382
-32740
-1357
-32741
-1332
-32742
-1306
-32743
-1281
-32744
-1256
-32745
-1231
-32746
-1206
-32747
-1181
-32748
-1156
-32748
-1131
-32749
-1106
-32750
-1080
-32751
-1055
-32752
-1030
-32752
-1005
-32753
-980
-32754
-955
-32755
-930
-32756
-905
-32756
-880
-32757
-854
-32758
-829
-32758
-804
-32759
-779
-32759
-754
-32760
-729
-32760
-704
-32761
-678
-32761
-653
-32762
-628
-32762
-603
-32763
-578
-32763
-553
-32764
-528
-32764
-503
-32764
-478
-32765
-452
-32765
-427
-32766
-402
-32766
-377
-32766
-352
-32766
-327
-32766
-302
-32767
-276
-32767
-251
-32767
-226
-32767
-201
-32768
-176
-32768
-151
-32768
-126
-32768
-100
-32768
-75
-32768
-50
-32768
-25
