16383
0
16383
-25
16383
-50
16383
-75
16383
-100
16383
-126
16383
-151
16383
-176
16383
-201
16382
-226
16382
-251
16382
-276
16381
-302
16381
-327
16380
-352
16380
-377
16379
-402
16378
-427
16378
-452
16377
-477
16376
-502
16375
-528
16375
-553
16374
-578
16373
-603
16372
-628
16371
-653
16370
-678
16369
-704
16368
-728
16367
-754
16365
-779
16364
-804
16363
-829
16362
-854
16360
-879
16359
-904
16358
-929
16356
-954
16355
-980
16353
-1005
16352
-1030
16350
-1055
16348
-1080
16347
-1105
16345
-1130
16343
-1155
16341
-1180
16340
-1205
16338
-1230
16336
-1255
16334
-1280
16332
-1306
16330
-1330
16328
-1356
16326
-1381
16324
-1406
16321
-1431
16319
-1456
16317
-1481
16315
-1506
16312
-1531
16310
-1556
16308
-1581
16305
-1606
16302
-1631
16300
-1656
16298
-1681
16295
-1706
16292
-1731
16290
-1756
16287
-1781
16284
-1806
16281
-1831
16278
-1856
16276
-1881
16273
-1906
16270
-1931
16267
-1956
16264
-1981
16261
-2006
16258
-2030
16254
-2055
16251
-2080
16248
-2105
16245
-2130
16242
-2155
16238
-2180
16235
-2205
16232
-2230
16228
-2255
16225
-2280
16221
-2304
16218
-2329
16214
-2354
16210
-2379
16207
-2404
16203
-2429
16199
-2454
16195
-2478
16192
-2503
16188
-2528
16184
-2553
16180
-2578
16176
-2603
16172
-2628
16168
-2652
16164
-2677
16160
-2702
16156
-2727
16151
-2752
16147
-2776
16143
-2801
16138
-2826
16134
-2850
16130
-2875
16125
-2900
16121
-2925
16116
-2949
16112
-2974
16107
-2999
16102
-3024
16098
-3048
16093
-3073
16088
-3098
16084
-3122
16079
-3147
16074
-3172
16069
-3196
16064
-3221
16059
-3246
16054
-3270
16049
-3295
16044
-3320
16039
-3344
16034
-3369
16029
-3393
16024
-3418
16018
-3442
16013
-3467
16008
-3492
16002
-3516
15997
-3541
15991
-3565
15986
-3590
15980
-3614
15975
-3639
15969
-3663
15964
-3688
15958
-3712
15952
-3737
15946
-3761
15941
-3786
15935
-3810
15929
-3834
15923
-3859
15917
-3883
15911
-3908
15905
-3932
15899
-3956
15893
-3981
15887
-4005
15881
-4030
15874
-4054
15868
-4078
15862
-4103
15856
-4127
15849
-4151
15843
-4176
15836
-4200
15830
-4224
15824
-4248
15817
-4273
15810
-4297
15804
-4321
15797
-4346
15790
-4370
15784
-4394
15777
-4418
15770
-4442
15763
-4467
15756
-4491
15750
-4515
15743
-4539
15736
-4563
15729
-4587
15722
-4612
15714
-4636
15707
-4660
15700
-4684
15693
-4708
15686
-4732
15678
-4756
15671
-4780
15664
-4804
15656
-4828
15649
-4852
15642
-4876
15634
-4900
15626
-4924
15619
-4948
15611
-4972
15604
-4996
15596
-5020
15588
-5044
15580
-5068
15573
-5092
15565
-5115
15557
-5139
15549
-5163
15541
-5187
15533
-5211
15525
-5235
15517
-5258
15509
-5282
15501
-5306
15493
-5330
15485
-5354
15476
-5377
15468
-5401
15460
-5425
15451
-5448
15443
-5472
15435
-5496
15426
-5520
15418
-5543
15409
-5567
15401
-5590
15392
-5614
15383
-5638
15375
-5661
15366
-5685
15357
-5708
15348
-5732
15340
-5756
15331
-5779
15322
-5802
15313
-5826
15304
-5850
15295
-5873
15286
-5896
15277
-5920
15268
-5943
15259
-5967
15250
-5990
15240
-6014
15231
-6037
15222
-6060
15213
-6084
15203
-6107
15194
-6130
15184
-6154
15175
-6177
15166
-6200
15156
-6223
15146
-6247
15137
-6270
15127
-6293
15118
-6316
15108
-6339
15098
-6363
15088
-6386
15078
-6409
15069
-6432
15059
-6455
15049
-6478
15039
-6501
15029
-6524
15019
-6547
15009
-6570
14999
-6593
14988
-6616
14978
-6639
14968
-6662
14958
-6685
14948
-6708
14937
-6731
14927
-6754
14917
-6777
14906
-6800
14896
-6823
14885
-6846
14875
-6868
14864
-6891
14854
-6914
14843
-6937
14832
-6960
14822
-6982
14811
-7005
14800
-7028
14789
-7050
14778
-7073
14768
-7096
14757
-7118
14746
-7141
14735
-7164
14724
-7186
14713
-7209
14702
-7231
14691
-7254
14680
-7276
14668
-7299
14657
-7321
14646
-7344
14634
-7366
14623
-7389
14612
-7411
14600
-7434
14589
-7456
14578
-7478
14566
-7501
14555
-7523
14543
-7545
14531
-7568
14520
-7590
14508
-7612
14496
-7634
14485
-7657
14473
-7679
14461
-7701
14449
-7723
14438
-7746
14426
-7768
14414
-7790
14402
-7812
14390
-7834
14378
-7856
14366
-7878
14354
-7900
14341
-7922
14329
-7944
14317
-7966
14305
-7988
14292
-8010
14280
-8032
14268
-8054
14256
-8076
14243
-8098
14231
-8119
14218
-8141
14206
-8163
14193
-8185
14180
-8206
14168
-8228
14155
-8250
14143
-8272
14130
-8293
14117
-8315
14104
-8337
14092
-8358
14079
-8380
14066
-8401
14053
-8423
14040
-8444
14027
-8466
14014
-8488
14001
-8509
13988
-8530
13975
-8552
13962
-8573
13948
-8595
13935
-8616
13922
-8638
13909
-8659
13896
-8680
13882
-8702
13869
-8723
13856
-8744
13842
-8765
13828
-8786
13815
-8808
13802
-8829
13788
-8850
13774
-8871
13761
-8892
13747
-8914
13733
-8934
13720
-8956
13706
-8977
13692
-8998
13678
-9019
13664
-9040
13651
-9061
13637
-9082
13623
-9102
13609
-9123
13595
-9144
13581
-9165
13567
-9186
13552
-9207
13538
-9227
13524
-9248
13510
-9269
13496
-9290
13482
-9310
13467
-9331
13453
-9352
13438
-9372
13424
-9393
13410
-9413
13395
-9434
13381
-9454
13366
-9475
13352
-9496
13337
-9516
13322
-9536
13308
-9557
13293
-9577
13278
-9598
13264
-9618
13249
-9638
13234
-9659
13219
-9679
13204
-9699
13190
-9720
13175
-9740
13160
-9760
13145
-9780
13130
-9800
13115
-9820
13100
-9840
13084
-9860
13069
-9881
13054
-9901
13039
-9921
13024
-9941
13008
-9961
12993
-9980
12978
-10000
12962
-10020
12947
-10040
12932
-10060
12916
-10080
12901
-10100
12885
-10120
12870
-10139
12854
-10159
12838
-10179
12823
-10198
12807
-10218
12792
-10238
12776
-10257
12760
-10277
12744
-10296
12728
-10316
12713
-10336
12697
-10355
12681
-10374
12665
-10394
12649
-10413
12633
-10433
12617
-10452
12601
-10471
12585
-10491
12569
-10510
12553
-10529
12536
-10548
12520
-10568
12504
-10587
12488
-10606
12472
-10625
12455
-10644
12439
-10663
12422
-10682
12406
-10702
12390
-10720
12373
-10740
12357
-10758
12340
-10778
12324
-10796
12307
-10815
12290
-10834
12274
-10853
12257
-10872
12240
-10890
12224
-10909
12207
-10928
12190
-10947
12173
-10966
12156
-10984
12140
-11003
12123
-11021
12106
-11040
12089
-11058
12072
-11077
12055
-11096
12038
-11114
12021
-11132
12004
-11151
11987
-11169
11970
-11188
11952
-11206
11935
-11224
11918
-11243
11901
-11261
11883
-11279
11866
-11297
11849
-11316
11831
-11334
11814
-11352
11796
-11370
11779
-11388
11762
-11406
11744
-11424
11726
-11442
11709
-11460
11691
-11478
11674
-11496
11656
-11514
11638
-11532
11621
-11550
11603
-11567
11585
-11585
11567
-11603
11550
-11621
11532
-11638
11514
-11656
11496
-11674
11478
-11691
11460
-11709
11442
-11726
11424
-11744
11406
-11762
11388
-11779
11370
-11796
11352
-11814
11334
-11831
11316
-11849
11297
-11866
11279
-11883
11261
-11901
11243
-11918
11224
-11935
11206
-11952
11188
-11970
11169
-11987
11151
-12004
11132
-12021
11114
-12038
11096
-12055
11077
-12072
11058
-12089
11040
-12106
11021
-12123
11003
-12140
10984
-12156
10966
-12173
10947
-12190
10928
-12207
10909
-12224
10890
-12240
10872
-12257
10853
-12274
10834
-12290
10815
-12307
10796
-12324
10778
-12340
10758
-12357
10740
-12373
10720
-12390
10702
-12406
10682
-12422
10663
-12439
10644
-12455
10625
-12472
10606
-12488
10587
-12504
10568
-12520
10548
-12536
10529
-12553
10510
-12569
10491
-12585
10471
-12601
10452
-12617
10433
-12633
10413
-12649
10394
-12665
10374
-12681
10355
-12697
10336
-12713
10316
-12728
10296
-12744
10277
-12760
10257
-12776
10238
-12792
10218
-12807
10198
-12823
10179
-12838
10159
-12854
10139
-12870
10120
-12885
10100
-12901
10080
-12916
10060
-12932
10040
-12947
10020
-12962
10000
-12978
9980
-12993
9961
-13008
9941
-13024
9921
-13039
9901
-13054
9881
-13069
9860
-13084
9840
-13100
9820
-13115
9800
-13130
9780
-13145
9760
-13160
9740
-13175
9720
-13190
9699
-13204
9679
-13219
9659
-13234
9638
-13249
9618
-13264
9598
-13278
9577
-13293
9557
-13308
9536
-13322
9516
-13337
9496
-13352
9475
-13366
9454
-13381
9434
-13395
9413
-13410
9393
-13424
9372
-13438
9352
-13453
9331
-13467
9310
-13482
9290
-13496
9269
-13510
9248
-13524
9227
-13538
9207
-13552
9186
-13567
9165
-13581
9144
-13595
9123
-13609
9102
-13623
9082
-13637
9061
-13651
9040
-13664
9019
-13678
8998
-13692
8977
-13706
8956
-13720
8934
-13733
8914
-13747
8892
-13761
8871
-13774
8850
-13788
8829
-13802
8808
-13815
8786
-13828
8765
-13842
8744
-13856
8723
-13869
8702
-13882
8680
-13896
8659
-13909
8638
-13922
8616
-13935
8595
-13948
8573
-13962
8552
-13975
8530
-13988
8509
-14001
8488
-14014
8466
-14027
8444
-14040
8423
-14053
8401
-14066
8380
-14079
8358
-14092
8337
-14104
8315
-14117
8293
-14130
8272
-14143
8250
-14155
8228
-14168
8206
-14180
8185
-14193
8163
-14206
8141
-14218
8119
-14231
8098
-14243
8076
-14256
8054
-14268
8032
-14280
8010
-14292
7988
-14305
7966
-14317
7944
-14329
7922
-14341
7900
-14354
7878
-14366
7856
-14378
7834
-14390
7812
-14402
7790
-14414
7768
-14426
7746
-14438
7723
-14449
7701
-14461
7679
-14473
7657
-14485
7634
-14496
7612
-14508
7590
-14520
7568
-14531
7545
-14543
7523
-14555
7501
-14566
7478
-14578
7456
-14589
7434
-14600
7411
-14612
7389
-14623
7366
-14634
7344
-14646
7321
-14657
7299
-14668
7276
-14680
7254
-14691
7231
-14702
7209
-14713
7186
-14724
7164
-14735
7141
-14746
7118
-14757
7096
-14768
7073
-14778
7050
-14789
7028
-14800
7005
-14811
6982
-14822
6960
-14832
6937
-14843
6914
-14854
6891
-14864
6868
-14875
6846
-14885
6823
-14896
6800
-14906
6777
-14917
6754
-14927
6731
-14937
6708
-14948
6685
-14958
6662
-14968
6639
-14978
6616
-14988
6593
-14999
6570
-15009
6547
-15019
6524
-15029
6501
-15039
6478
-15049
6455
-15059
6432
-15069
6409
-15078
6386
-15088
6363
-15098
6339
-15108
6316
-15118
6293
-15127
6270
-15137
6247
-15146
6223
-15156
6200
-15166
6177
-15175
6154
-15184
6130
-15194
6107
-15203
6084
-15213
6060
-15222
6037
-15231
6014
-15240
5990
-15250
5967
-15259
5943
-15268
5920
-15277
5896
-15286
5873
-15295
5850
-15304
5826
-15313
5802
-15322
5779
-15331
5756
-15340
5732
-15348
5708
-15357
5685
-15366
5661
-15375
5638
-15383
5614
-15392
5590
-15401
5567
-15409
5543
-15418
5520
-15426
5496
-15435
5472
-15443
5448
-15451
5425
-15460
5401
-15468
5377
-15476
5354
-15485
5330
-15493
5306
-15501
5282
-15509
5258
-15517
5235
-15525
5211
-15533
5187
-15541
5163
-15549
5139
-15557
5115
-15565
5092
-15573
5068
-15580
5044
-15588
5020
-15596
4996
-15604
4972
-15611
4948
-15619
4924
-15626
4900
-15634
4876
-15642
4852
-15649
4828
-15656
4804
-15664
4780
-15671
4756
-15678
4732
-15686
4708
-15693
4684
-15700
4660
-15707
4636
-15714
4612
-15722
4587
-15729
4563
-15736
4539
-15743
4515
-15750
4491
-15756
4467
-15763
4442
-15770
4418
-15777
4394
-15784
4370
-15790
4346
-15797
4321
-15804
4297
-15810
4273
-15817
4248
-15824
4224
-15830
4200
-15836
4176
-15843
4151
-15849
4127
-15856
4103
-15862
4078
-15868
4054
-15874
4030
-15881
4005
-15887
3981
-15893
3956
-15899
3932
-15905
3908
-15911
3883
-15917
3859
-15923
3834
-15929
3810
-15935
3786
-15941
3761
-15946
3737
-15952
3712
-15958
3688
-15964
3663
-15969
3639
-15975
3614
-15980
3590
-15986
3565
-15991
3541
-15997
3516
-16002
3492
-16008
3467
-16013
3442
-16018
3418
-16024
3393
-16029
3369
-16034
3344
-16039
3320
-16044
3295
-16049
3270
-16054
3246
-16059
3221
-16064
3196
-16069
3172
-16074
3147
-16079
3122
-16084
3098
-16088
3073
-16093
3048
-16098
3024
-16102
2999
-16107
2974
-16112
2949
-16116
2925
-16121
2900
-16125
2875
-16130
2850
-16134
2826
-16138
2801
-16143
2776
-16147
2752
-16151
2727
-16156
2702
-16160
2677
-16164
2652
-16168
2628
-16172
2603
-16176
2578
-16180
2553
-16184
2528
-16188
2503
-16192
2478
-16195
2454
-16199
2429
-16203
2404
-16207
2379
-16210
2354
-16214
2329
-16218
2304
-16221
2280
-16225
2255
-16228
2230
-16232
2205
-16235
2180
-16238
2155
-16242
2130
-16245
2105
-16248
2080
-16251
2055
-16254
2030
-16258
2006
-16261
1981
-16264
1956
-16267
1931
-16270
1906
-16273
1881
-16276
1856
-16278
1831
-16281
1806
-16284
1781
-16287
1756
-16290
1731
-16292
1706
-16295
1681
-16298
1656
-16300
1631
-16302
1606
-16305
1581
-16308
1556
-16310
1531
-16312
1506
-16315
1481
-16317
1456
-16319
1431
-16321
1406
-16324
1381
-16326
1356
-16328
1330
-16330
1306
-16332
1280
-16334
1255
-16336
1230
-16338
1205
-16340
1180
-16341
1155
-16343
1130
-16345
1105
-16347
1080
-16348
1055
-16350
1030
-16352
1005
-16353
980
-16355
954
-16356
929
-16358
904
-16359
879
-16360
854
-16362
829
-16363
804
-16364
779
-16365
754
-16367
728
-16368
704
-16369
678
-16370
653
-16371
628
-16372
603
-16373
578
-16374
553
-16375
528
-16375
502
-16376
477
-16377
452
-16378
427
-16378
402
-16379
377
-16380
352
-16380
327
-16381
302
-16381
276
-16382
251
-16382
226
-16382
201
-16383
176
-16383
151
-16383
126
-16384
100
-16384
75
-16384
50
-16384
25
-16384
0
-16384
-25
-16384
-50
-16384
-75
-16384
-100
-16384
-126
-16384
-151
-16383
-176
-16383
-201
-16383
-226
-16382
-251
-16382
-276
-16382
-302
-16381
-327
-16381
-352
-16380
-377
-16380
-402
-16379
-427
-16378
-452
-16378
-477
-16377
-502
-16376
-528
-16375
-553
-16375
-578
-16374
-603
-16373
-628
-16372
-653
-16371
-678
-16370
-704
-16369
-728
-16368
-754
-16367
-779
-16365
-804
-16364
-829
-16363
-854
-16362
-879
-16360
-904
-16359
-929
-16358
-954
-16356
-980
-16355
-1005
-16353
-1030
-16352
-1055
-16350
-1080
-16348
-1105
-16347
-1130
-16345
-1155
-16343
-1180
-16341
-1205
-16340
-1230
-16338
-1255
-16336
-1280
-16334
-1306
-16332
-1330
-16330
-1356
-16328
-1381
-16326
-1406
-16324
-1431
-16321
-1456
-16319
-1481
-16317
-1506
-16315
-1531
-16312
-1556
-16310
-1581
-16308
-1606
-16305
-1631
-16302
-1656
-16300
-1681
-16298
-1706
-16295
-1731
-16292
-1756
-16290
-1781
-16287
-1806
-16284
-1831
-16281
-1856
-16278
-1881
-16276
-1906
-16273
-1931
-16270
-1956
-16267
-1981
-16264
-2006
-16261
-2030
-16258
-2055
-16254
-2080
-16251
-2105
-16248
-2130
-16245
-2155
-16242
-2180
-16238
-2205
-16235
-2230
-16232
-2255
-16228
-2280
-16225
-2304
-16221
-2329
-16218
-2354
-16214
-2379
-16210
-2404
-16207
-2429
-16203
-2454
-16199
-2478
-16195
-2503
-16192
-2528
-16188
-2553
-16184
-2578
-16180
-2603
-16176
-2628
-16172
-2652
-16168
-2677
-16164
-2702
-16160
-2727
-16156
-2752
-16151
-2776
-16147
-2801
-16143
-2826
-16138
-2850
-16134
-2875
-16130
-2900
-16125
-2925
-16121
-2949
-16116
-2974
-16112
-2999
-16107
-3024
-16102
-3048
-16098
-3073
-16093
-3098
-16088
-3122
-16084
-3147
-16079
-3172
-16074
-3196
-16069
-3221
-16064
-3246
-16059
-3270
-16054
-3295
-16049
-3320
-16044
-3344
-16039
-3369
-16034
-3393
-16029
-3418
-16024
-3442
-16018
-3467
-16013
-3492
-16008
-3516
-16002
-3541
-15997
-3565
-15991
-3590
-15986
-3614
-15980
-3639
-15975
-3663
-15969
-3688
-15964
-3712
-15958
-3737
-15952
-3761
-15946
-3786
-15941
-3810
-15935
-3834
-15929
-3859
-15923
-3883
-15917
-3908
-15911
-3932
-15905
-3956
-15899
-3981
-15893
-4005
-15887
-4030
-15881
-4054
-15874
-4078
-15868
-4103
-15862
-4127
-15856
-4151
-15849
-4176
-15843
-4200
-15836
-4224
-15830
-4248
-15824
-4273
-15817
-4297
-15810
-4321
-15804
-4346
-15797
-4370
-15790
-4394
-15784
-4418
-15777
-4442
-15770
-4467
-15763
-4491
-15756
-4515
-15750
-4539
-15743
-4563
-15736
-4587
-15729
-4612
-15722
-4636
-15714
-4660
-15707
-4684
-15700
-4708
-15693
-4732
-15686
-4756
-15678
-4780
-15671
-4804
-15664
-4828
-15656
-4852
-15649
-4876
-15642
-4900
-15634
-4924
-15626
-4948
-15619
-4972
-15611
-4996
-15604
-5020
-15596
-5044
-15588
-5068
-15580
-5092
-15573
-5115
-15565
-5139
-15557
-5163
-15549
-5187
-15541
-5211
-15533
-5235
-15525
-5258
-15517
-5282
-15509
-5306
-15501
-5330
-15493
-5354
-15485
-5377
-15476
-5401
-15468
-5425
-15460
-5448
-15451
-5472
-15443
-5496
-15435
-5520
-15426
-5543
-15418
-5567
-15409
-5590
-15401
-5614
-15392
-5638
-15383
-5661
-15375
-5685
-15366
-5708
-15357
-5732
-15348
-5756
-15340
-5779
-15331
-5802
-15322
-5826
-15313
-5850
-15304
-5873
-15295
-5896
-15286
-5920
-15277
-5943
-15268
-5967
-15259
-5990
-15250
-6014
-15240
-6037
-15231
-6060
-15222
-6084
-15213
-6107
-15203
-6130
-15194
-6154
-15184
-6177
-15175
-6200
-15166
-6223
-15156
-6247
-15146
-6270
-15137
-6293
-15127
-6316
-15118
-6339
-15108
-6363
-15098
-6386
-15088
-6409
-15078
-6432
-15069
-6455
-15059
-6478
-15049
-6501
-15039
-6524
-15029
-6547
-15019
-6570
-15009
-6593
-14999
-6616
-14988
-6639
-14978
-6662
-14968
-6685
-14958
-6708
-14948
-6731
-14937
-6754
-14927
-6777
-14917
-6800
-14906
-6823
-14896
-6846
-14885
-6868
-14875
-6891
-14864
-6914
-14854
-6937
-14843
-6960
-14832
-6982
-14822
-7005
-14811
-7028
-14800
-7050
-14789
-7073
-14778
-7096
-14768
-7118
-14757
-7141
-14746
-7164
-14735
-7186
-14724
-7209
-14713
-7231
-14702
-7254
-14691
-7276
-14680
-7299
-14668
-7321
-14657
-7344
-14646
-7366
-14634
-7389
-14623
-7411
-14612
-7434
-14600
-7456
-14589
-7478
-14578
-7501
-14566
-7523
-14555
-7545
-14543
-7568
-14531
-7590
-14520
-7612
-14508
-7634
-14496
-7657
-14485
-7679
-14473
-7701
-14461
-7723
-14449
-7746
-14438
-7768
-14426
-7790
-14414
-7812
-14402
-7834
-14390
-7856
-14378
-7878
-14366
-7900
-14354
-7922
-14341
-7944
-14329
-7966
-14317
-7988
-14305
-8010
-14292
-8032
-14280
-8054
-14268
-8076
-14256
-8098
-14243
-8119
-14231
-8141
-14218
-8163
-14206
-8185
-14193
-8206
-14180
-8228
-14168
-8250
-14155
-8272
-14143
-8293
-14130
-8315
-14117
-8337
-14104
-8358
-14092
-8380
-14079
-8401
-14066
-8423
-14053
-8444
-14040
-8466
-14027
-8488
-14014
-8509
-14001
-8530
-13988
-8552
-13975
-8573
-13962
-8595
-13948
-8616
-13935
-8638
-13922
-8659
-13909
-8680
-13896
-8702
-13882
-8723
-13869
-8744
-13856
-8765
-13842
-8786
-13828
-8808
-13815
-8829
-13802
-8850
-13788
-8871
-13774
-8892
-13761
-8914
-13747
-8934
-13733
-8956
-13720
-8977
-13706
-8998
-13692
-9019
-13678
-9040
-13664
-9061
-13651
-9082
-13637
-9102
-13623
-9123
-13609
-9144
-13595
-9165
-13581
-9186
-13567
-9207
-13552
-9227
-13538
-9248
-13524
-9269
-13510
-9290
-13496
-9310
-13482
-9331
-13467
-9352
-13453
-9372
-13438
-9393
-13424
-9413
-13410
-9434
-13395
-9454
-13381
-9475
-13366
-9496
-13352
-9516
-13337
-9536
-13322
-9557
-13308
-9577
-13293
-9598
-13278
-9618
-13264
-9638
-13249
-9659
-13234
-9679
-13219
-9699
-13204
-9720
-13190
-9740
-13175
-9760
-13160
-9780
-13145
-9800
-13130
-9820
-13115
-9840
-13100
-9860
-13084
-9881
-13069
-9901
-13054
-9921
-13039
-9941
-13024
-9961
-13008
-9980
-12993
-10000
-12978
-10020
-12962
-10040
-12947
-10060
-12932
-10080
-12916
-10100
-12901
-10120
-12885
-10139
-12870
-10159
-12854
-10179
-12838
-10198
-12823
-10218
-12807
-10238
-12792
-10257
-12776
-10277
-12760
-10296
-12744
-10316
-12728
-10336
-12713
-10355
-12697
-10374
-12681
-10394
-12665
-10413
-12649
-10433
-12633
-10452
-12617
-10471
-12601
-10491
-12585
-10510
-12569
-10529
-12553
-10548
-12536
-10568
-12520
-10587
-12504
-10606
-12488
-10625
-12472
-10644
-12455
-10663
-12439
-10682
-12422
-10702
-12406
-10720
-12390
-10740
-12373
-10758
-12357
-10778
-12340
-10796
-12324
-10815
-12307
-10834
-12290
-10853
-12274
-10872
-12257
-10890
-12240
-10909
-12224
-10928
-12207
-10947
-12190
-10966
-12173
-10984
-12156
-11003
-12140
-11021
-12123
-11040
-12106
-11058
-12089
-11077
-12072
-11096
-12055
-11114
-12038
-11132
-12021
-11151
-12004
-11169
-11987
-11188
-11970
-11206
-11952
-11224
-11935
-11243
-11918
-11261
-11901
-11279
-11883
-11297
-11866
-11316
-11849
-11334
-11831
-11352
-11814
-11370
-11796
-11388
-11779
-11406
-11762
-11424
-11744
-11442
-11726
-11460
-11709
-11478
-11691
-11496
-11674
-11514
-11656
-11532
-11638
-11550
-11621
-11567
-11603
-11585
-11585
-11603
-11567
-11621
-11550
-11638
-11532
-11656
-11514
-11674
-11496
-11691
-11478
-11709
-11460
-11726
-11442
-11744
-11424
-11762
-11406
-11779
-11388
-11796
-11370
-11814
-11352
-11831
-11334
-11849
-11316
-11866
-11297
-11883
-11279
-11901
-11261
-11918
-11243
-11935
-11224
-11952
-11206
-11970
-11188
-11987
-11169
-12004
-11151
-12021
-11132
-12038
-11114
-12055
-11096
-12072
-11077
-12089
-11058
-12106
-11040
-12123
-11021
-12140
-11003
-12156
-10984
-12173
-10966
-12190
-10947
-12207
-10928
-12224
-10909
-12240
-10890
-12257
-10872
-12274
-10853
-12290
-10834
-12307
-10815
-12324
-10796
-12340
-10778
-12357
-10758
-12373
-10740
-12390
-10720
-12406
-10702
-12422
-10682
-12439
-10663
-12455
-10644
-12472
-10625
-12488
-10606
-12504
-10587
-12520
-10568
-12536
-10548
-12553
-10529
-12569
-10510
-12585
-10491
-12601
-10471
-12617
-10452
-12633
-10433
-12649
-10413
-12665
-10394
-12681
-10374
-12697
-10355
-12713
-10336
-12728
-10316
-12744
-10296
-12760
-10277
-12776
-10257
-12792
-10238
-12807
-10218
-12823
-10198
-12838
-10179
-12854
-10159
-12870
-10139
-12885
-10120
-12901
-10100
-12916
-10080
-12932
-10060
-12947
-10040
-12962
-10020
-12978
-10000
-12993
-9980
-13008
-9961
-13024
-9941
-13039
-9921
-13054
-9901
-13069
-9881
-13084
-9860
-13100
-9840
-13115
-9820
-13130
-9800
-13145
-9780
-13160
-9760
-13175
-9740
-13190
-9720
-13204
-9699
-13219
-9679
-13234
-9659
-13249
-9638
-13264
-9618
-13278
-9598
-13293
-9577
-13308
-9557
-13322
-9536
-13337
-9516
-13352
-9496
-13366
-9475
-13381
-9454
-13395
-9434
-13410
-9413
-13424
-9393
-13438
-9372
-13453
-9352
-13467
-9331
-13482
-9310
-13496
-9290
-13510
-9269
-13524
-9248
-13538
-9227
-13552
-9207
-13567
-9186
-13581
-9165
-13595
-9144
-13609
-9123
-13623
-9102
-13637
-9082
-13651
-9061
-13664
-9040
-13678
-9019
-13692
-8998
-13706
-8977
-13720
-8956
-13733
-8934
-13747
-8914
-13761
-8892
-13774
-8871
-13788
-8850
-13802
-8829
-13815
-8808
-13828
-8786
-13842
-8765
-13856
-8744
-13869
-8723
-13882
-8702
-13896
-8680
-13909
-8659
-13922
-8638
-13935
-8616
-13948
-8595
-13962
-8573
-13975
-8552
-13988
-8530
-14001
-8509
-14014
-8488
-14027
-8466
-14040
-8444
-14053
-8423
-14066
-8401
-14079
-8380
-14092
-8358
-14104
-8337
-14117
-8315
-14130
-8293
-14143
-8272
-14155
-8250
-14168
-8228
-14180
-8206
-14193
-8185
-14206
-8163
-14218
-8141
-14231
-8119
-14243
-8098
-14256
-8076
-14268
-8054
-14280
-8032
-14292
-8010
-14305
-7988
-14317
-7966
-14329
-7944
-14341
-7922
-14354
-7900
-14366
-7878
-14378
-7856
-14390
-7834
-14402
-7812
-14414
-7790
-14426
-7768
-14438
-7746
-14449
-7723
-14461
-7701
-14473
-7679
-14485
-7657
-14496
-7634
-14508
-7612
-14520
-7590
-14531
-7568
-14543
-7545
-14555
-7523
-14566
-7501
-14578
-7478
-14589
-7456
-14600
-7434
-14612
-7411
-14623
-7389
-14634
-7366
-14646
-7344
-14657
-7321
-14668
-7299
-14680
-7276
-14691
-7254
-14702
-7231
-14713
-7209
-14724
-7186
-14735
-7164
-14746
-7141
-14757
-7118
-14768
-7096
-14778
-7073
-14789
-7050
-14800
-7028
-14811
-7005
-14822
-6982
-14832
-6960
-14843
-6937
-14854
-6914
-14864
-6891
-14875
-6868
-14885
-6846
-14896
-6823
-14906
-6800
-14917
-6777
-14927
-6754
-14937
-6731
-14948
-6708
-14958
-6685
-14968
-6662
-14978
-6639
-14988
-6616
-14999
-6593
-15009
-6570
-15019
-6547
-15029
-6524
-15039
-6501
-15049
-6478
-15059
-6455
-15069
-6432
-15078
-6409
-15088
-6386
-15098
-6363
-15108
-6339
-15118
-6316
-15127
-6293
-15137
-6270
-15146
-6247
-15156
-6223
-15166
-6200
-15175
-6177
-15184
-6154
-15194
-6130
-15203
-6107
-15213
-6084
-15222
-6060
-15231
-6037
-15240
-6014
-15250
-5990
-15259
-5967
-15268
-5943
-15277
-5920
-15286
-5896
-15295
-5873
-15304
-5850
-15313
-5826
-15322
-5802
-15331
-5779
-15340
-5756
-15348
-5732
-15357
-5708
-15366
-5685
-15375
-5661
-15383
-5638
-15392
-5614
-15401
-5590
-15409
-5567
-15418
-5543
-15426
-5520
-15435
-5496
-15443
-5472
-15451
-5448
-15460
-5425
-15468
-5401
-15476
-5377
-15485
-5354
-15493
-5330
-15501
-5306
-15509
-5282
-15517
-5258
-15525
-5235
-15533
-5211
-15541
-5187
-15549
-5163
-15557
-5139
-15565
-5115
-15573
-5092
-15580
-5068
-15588
-5044
-15596
-5020
-15604
-4996
-15611
-4972
-15619
-4948
-15626
-4924
-15634
-4900
-15642
-4876
-15649
-4852
-15656
-4828
-15664
-4804
-15671
-4780
-15678
-4756
-15686
-4732
-15693
-4708
-15700
-4684
-15707
-4660
-15714
-4636
-15722
-4612
-15729
-4587
-15736
-4563
-15743
-4539
-15750
-4515
-15756
-4491
-15763
-4467
-15770
-4442
-15777
-4418
-15784
-4394
-15790
-4370
-15797
-4346
-15804
-4321
-15810
-4297
-15817
-4273
-15824
-4248
-15830
-4224
-15836
-4200
-15843
-4176
-15849
-4151
-15856
-4127
-15862
-4103
-15868
-4078
-15874
-4054
-15881
-4030
-15887
-4005
-15893
-3981
-15899
-3956
-15905
-3932
-15911
-3908
-15917
-3883
-15923
-3859
-15929
-3834
-15935
-3810
-15941
-3786
-15946
-3761
-15952
-3737
-15958
-3712
-15964
-3688
-15969
-3663
-15975
-3639
-15980
-3614
-15986
-3590
-15991
-3565
-15997
-3541
-16002
-3516
-16008
-3492
-16013
-3467
-16018
-3442
-16024
-3418
-16029
-3393
-16034
-3369
-16039
-3344
-16044
-3320
-16049
-3295
-16054
-3270
-16059
-3246
-16064
-3221
-16069
-3196
-16074
-3172
-16079
-3147
-16084
-3122
-16088
-3098
-16093
-3073
-16098
-3048
-16102
-3024
-16107
-2999
-16112
-2974
-16116
-2949
-16121
-2925
-16125
-2900
-16130
-2875
-16134
-2850
-16138
-2826
-16143
-2801
-16147
-2776
-16151
-2752
-16156
-2727
-16160
-2702
-16164
-2677
-16168
-2652
-16172
-2628
-16176
-2603
-16180
-2578
-16184
-2553
-16188
-2528
-16192
-2503
-16195
-2478
-16199
-2454
-16203
-2429
-16207
-2404
-16210
-2379
-16214
-2354
-16218
-2329
-16221
-2304
-16225
-2280
-16228
-2255
-16232
-2230
-16235
-2205
-16238
-2180
-16242
-2155
-16245
-2130
-16248
-2105
-16251
-2080
-16254
-2055
-16258
-2030
-16261
-2006
-16264
-1981
-16267
-1956
-16270
-1931
-16273
-1906
-16276
-1881
-16278
-1856
-16281
-1831
-16284
-1806
-16287
-1781
-16290
-1756
-16292
-1731
-16295
-1706
-16298
-1681
-16300
-1656
-16302
-1631
-16305
-1606
-16308
-1581
-16310
-1556
-16312
-1531
-16315
-1506
-16317
-1481
-16319
-1456
-16321
-1431
-16324
-1406
-16326
-1381
-16328
-1356
-16330
-1330
-16332
-1306
-16334
-1280
-16336
-1255
-16338
-1230
-16340
-1205
-16341
-1180
-16343
-1155
-16345
-1130
-16347
-1105
-16348
-1080
-16350
-1055
-16352
-1030
-16353
-1005
-16355
-980
-16356
-954
-16358
-929
-16359
-904
-16360
-879
-16362
-854
-16363
-829
-16364
-804
-16365
-779
-16367
-754
-16368
-728
-16369
-704
-16370
-678
-16371
-653
-16372
-628
-16373
-603
-16374
-578
-16375
-553
-16375
-528
-16376
-502
-16377
-477
-16378
-452
-16378
-427
-16379
-402
-16380
-377
-16380
-352
-16381
-327
-16381
-302
-16382
-276
-16382
-251
-16382
-226
-16383
-201
-16383
-176
-16383
-151
-16384
-126
-16384
-100
-16384
-75
-16384
-50
-16384
-25
