8388607
0
8348214
-822227
8227423
-1636536
8027397
-2435084
7750063
-3210181
7398092
-3954362
6974873
-4660461
6484482
-5321676
5931642
-5931642
5321676
-6484482
4660461
-6974873
3954362
-7398092
3210181
-7750063
2435084
-8027397
1636536
-8227423
822227
-8348214
0
-8388608
-822227
-8348214
-1636536
-8227423
-2435084
-8027397
-3210181
-7750063
-3954362
-7398092
-4660461
-6974873
-5321676
-6484482
-5931642
-5931642
-6484482
-5321676
-6974873
-4660461
-7398092
-3954362
-7750063
-3210181
-8027397
-2435084
-8227423
-1636536
-8348214
-822227
