16777215
0
16696429
-1644455
16454846
-3273072
16054795
-4870169
15500126
-6420362
14796184
-7908725
13949745
-9320922
12968963
-10643353
11863283
-11863283
10643353
-12968963
9320922
-13949745
7908725
-14796184
6420362
-15500126
4870169
-16054795
3273072
-16454846
1644455
-16696429
0
-16777216
-1644455
-16696429
-3273072
-16454846
-4870169
-16054795
-6420362
-15500126
-7908725
-14796184
-9320922
-13949745
-10643353
-12968963
-11863283
-11863283
-12968963
-10643353
-13949745
-9320922
-14796184
-7908725
-15500126
-6420362
-16054795
-4870169
-16454846
-3273072
-16696429
-1644455
