8191
0
8182
-402
8152
-803
8103
-1202
8034
-1598
7946
-1990
7839
-2378
7713
-2760
7568
-3135
7405
-3502
7225
-3862
7026
-4212
6811
-4551
6580
-4880
6332
-5197
6070
-5501
5792
-5792
5501
-6070
5197
-6332
4880
-6580
4551
-6811
4212
-7026
3862
-7225
3502
-7405
3135
-7568
2760
-7713
2378
-7839
1990
-7946
1598
-8034
1202
-8103
803
-8152
402
-8182
0
-8192
-402
-8182
-803
-8152
-1202
-8103
-1598
-8034
-1990
-7946
-2378
-7839
-2760
-7713
-3135
-7568
-3502
-7405
-3862
-7225
-4212
-7026
-4551
-6811
-4880
-6580
-5197
-6332
-5501
-6070
-5792
-5792
-6070
-5501
-6332
-5197
-6580
-4880
-6811
-4551
-7026
-4212
-7225
-3862
-7405
-3502
-7568
-3135
-7713
-2760
-7839
-2378
-7946
-1990
-8034
-1598
-8103
-1202
-8152
-803
-8182
-402
