16383
0
16379
-402
16364
-804
16340
-1205
16305
-1606
16261
-2006
16207
-2404
16143
-2801
16069
-3196
15986
-3590
15893
-3981
15790
-4370
15678
-4756
15557
-5139
15426
-5520
15286
-5896
15137
-6270
14978
-6639
14811
-7005
14634
-7366
14449
-7723
14256
-8076
14053
-8423
13842
-8765
13623
-9102
13395
-9434
13160
-9760
12916
-10080
12665
-10394
12406
-10702
12140
-11003
11866
-11297
11585
-11585
11297
-11866
11003
-12140
10702
-12406
10394
-12665
10080
-12916
9760
-13160
9434
-13395
9102
-13623
8765
-13842
8423
-14053
8076
-14256
7723
-14449
7366
-14634
7005
-14811
6639
-14978
6270
-15137
5896
-15286
5520
-15426
5139
-15557
4756
-15678
4370
-15790
3981
-15893
3590
-15986
3196
-16069
2801
-16143
2404
-16207
2006
-16261
1606
-16305
1205
-16340
804
-16364
402
-16379
0
-16384
-402
-16379
-804
-16364
-1205
-16340
-1606
-16305
-2006
-16261
-2404
-16207
-2801
-16143
-3196
-16069
-3590
-15986
-3981
-15893
-4370
-15790
-4756
-15678
-5139
-15557
-5520
-15426
-5896
-15286
-6270
-15137
-6639
-14978
-7005
-14811
-7366
-14634
-7723
-14449
-8076
-14256
-8423
-14053
-8765
-13842
-9102
-13623
-9434
-13395
-9760
-13160
-10080
-12916
-10394
-12665
-10702
-12406
-11003
-12140
-11297
-11866
-11585
-11585
-11866
-11297
-12140
-11003
-12406
-10702
-12665
-10394
-12916
-10080
-13160
-9760
-13395
-9434
-13623
-9102
-13842
-8765
-14053
-8423
-14256
-8076
-14449
-7723
-14634
-7366
-14811
-7005
-14978
-6639
-15137
-6270
-15286
-5896
-15426
-5520
-15557
-5139
-15678
-4756
-15790
-4370
-15893
-3981
-15986
-3590
-16069
-3196
-16143
-2801
-16207
-2404
-16261
-2006
-16305
-1606
-16340
-1205
-16364
-804
-16379
-402
