131071
0
131071
-100
131071
-201
131071
-302
131071
-402
131071
-503
131070
-603
131070
-704
131070
-804
131069
-905
131068
-1005
131067
-1106
131066
-1206
131065
-1307
131064
-1407
131063
-1508
131062
-1608
131061
-1709
131060
-1809
131058
-1910
131056
-2010
131055
-2111
131053
-2212
131052
-2312
131050
-2412
131048
-2513
131046
-2614
131044
-2714
131042
-2815
131040
-2915
131037
-3016
131035
-3116
131032
-3217
131030
-3317
131027
-3418
131025
-3518
131022
-3619
131019
-3719
131016
-3820
131013
-3920
131010
-4020
131007
-4121
131004
-4222
131001
-4322
130997
-4422
130994
-4523
130990
-4623
130987
-4724
130983
-4824
130979
-4925
130976
-5025
130972
-5126
130968
-5226
130964
-5327
130960
-5427
130955
-5528
130951
-5628
130947
-5728
130942
-5829
130938
-5929
130933
-6030
130928
-6130
130924
-6230
130919
-6331
130914
-6431
130909
-6532
130904
-6632
130899
-6732
130894
-6833
130888
-6933
130883
-7034
130878
-7134
130872
-7234
130866
-7335
130861
-7435
130855
-7536
130849
-7636
130843
-7736
130838
-7837
130831
-7937
130825
-8037
130819
-8138
130813
-8238
130806
-8338
130800
-8439
130794
-8539
130787
-8639
130780
-8740
130774
-8840
130767
-8940
130760
-9040
130753
-9141
130746
-9241
130739
-9341
130731
-9442
130724
-9542
130717
-9642
130709
-9742
130702
-9843
130694
-9943
130687
-10043
130679
-10143
130671
-10244
130663
-10344
130655
-10444
130647
-10544
130639
-10644
130631
-10745
130622
-10845
130614
-10945
130606
-11045
130597
-11145
130589
-11246
130580
-11346
130571
-11446
130562
-11546
130554
-11646
130544
-11746
130536
-11846
130526
-11946
130517
-12047
130508
-12147
130498
-12247
130489
-12347
130480
-12447
130470
-12547
130460
-12647
130451
-12747
130441
-12847
130431
-12947
130421
-13047
130411
-13147
130401
-13247
130390
-13347
130380
-13447
130370
-13547
130360
-13647
130349
-13747
130338
-13847
130328
-13947
130317
-14047
130306
-14147
130295
-14247
130284
-14347
130273
-14447
130262
-14547
130251
-14647
130240
-14747
130228
-14847
130217
-14946
130206
-15046
130194
-15146
130182
-15246
130170
-15346
130159
-15446
130147
-15546
130135
-15645
130123
-15745
130111
-15845
130098
-15945
130086
-16044
130074
-16144
130062
-16244
130049
-16344
130036
-16444
130024
-16543
130011
-16643
129998
-16743
129985
-16842
129972
-16942
129959
-17042
129946
-17142
129933
-17241
129920
-17341
129906
-17440
129893
-17540
129880
-17640
129866
-17739
129852
-17839
129839
-17938
129825
-18038
129811
-18138
129797
-18237
129783
-18337
129769
-18436
129755
-18536
129740
-18635
129726
-18735
129712
-18834
129697
-18934
129683
-19033
129668
-19133
129653
-19232
129638
-19332
129624
-19431
129609
-19530
129594
-19630
129579
-19729
129563
-19829
129548
-19928
129533
-20027
129517
-20127
129502
-20226
129486
-20325
129471
-20425
129455
-20524
129439
-20623
129424
-20722
129408
-20822
129392
-20921
129375
-21020
129359
-21120
129343
-21219
129327
-21318
129310
-21417
129294
-21516
129277
-21615
129261
-21715
129244
-21814
129227
-21913
129210
-22012
129194
-22111
129176
-22210
129159
-22309
129142
-22408
129125
-22507
129108
-22606
129090
-22705
129073
-22804
129055
-22903
129038
-23002
129020
-23101
129002
-23200
128984
-23299
128967
-23398
128949
-23497
128930
-23596
128912
-23695
128894
-23794
128876
-23892
128858
-23991
128839
-24090
128821
-24189
128802
-24288
128783
-24386
128765
-24485
128746
-24584
128727
-24683
128708
-24782
128689
-24880
128670
-24979
128650
-25078
128631
-25176
128612
-25275
128592
-25374
128573
-25472
128553
-25571
128534
-25669
128514
-25768
128494
-25866
128474
-25965
128454
-26064
128434
-26162
128414
-26261
128394
-26359
128374
-26458
128354
-26556
128333
-26654
128313
-26753
128292
-26851
128272
-26950
128251
-27048
128230
-27146
128209
-27245
128188
-27343
128167
-27441
128146
-27540
128125
-27638
128104
-27736
128082
-27834
128061
-27933
128040
-28031
128018
-28129
127996
-28227
127975
-28326
127953
-28424
127931
-28522
127909
-28620
127887
-28718
127865
-28816
127843
-28914
127821
-29012
127798
-29110
127776
-29208
127754
-29306
127731
-29404
127708
-29502
127686
-29600
127663
-29698
127640
-29796
127617
-29894
127594
-29992
127571
-30090
127548
-30187
127525
-30285
127502
-30383
127478
-30481
127455
-30578
127432
-30676
127408
-30774
127384
-30872
127361
-30969
127337
-31067
127313
-31165
127289
-31262
127265
-31360
127241
-31458
127217
-31555
127193
-31653
127168
-31750
127144
-31848
127119
-31945
127095
-32043
127070
-32140
127046
-32238
127021
-32335
126996
-32433
126971
-32530
126946
-32627
126921
-32725
126896
-32822
126871
-32919
126845
-33017
126820
-33114
126795
-33211
126769
-33308
126744
-33406
126718
-33503
126692
-33600
126666
-33697
126640
-33794
126614
-33892
126588
-33989
126562
-34086
126536
-34183
126510
-34280
126484
-34377
126457
-34474
126431
-34571
126404
-34668
126378
-34765
126351
-34862
126324
-34958
126297
-35055
126270
-35152
126243
-35249
126216
-35346
126189
-35443
126162
-35540
126134
-35636
126107
-35733
126080
-35830
126052
-35926
126024
-36023
125997
-36120
125969
-36216
125941
-36313
125914
-36410
125886
-36506
125858
-36603
125829
-36699
125801
-36796
125773
-36892
125744
-36989
125716
-37085
125688
-37181
125659
-37278
125630
-37374
125602
-37470
125573
-37567
125544
-37663
125515
-37759
125486
-37856
125457
-37952
125428
-38048
125399
-38144
125370
-38240
125340
-38337
125311
-38433
125281
-38529
125252
-38625
125222
-38721
125192
-38817
125162
-38913
125132
-39009
125102
-39105
125072
-39201
125042
-39297
125012
-39393
124982
-39489
124952
-39584
124921
-39680
124891
-39776
124860
-39872
124830
-39968
124799
-40063
124768
-40159
124737
-40255
124706
-40350
124676
-40446
124644
-40542
124613
-40637
124582
-40733
124551
-40828
124519
-40924
124488
-41019
124456
-41115
124425
-41210
124393
-41306
124362
-41401
124330
-41496
124298
-41592
124266
-41687
124234
-41782
124202
-41878
124170
-41973
124138
-42068
124105
-42163
124073
-42258
124040
-42354
124008
-42449
123975
-42544
123943
-42639
123910
-42734
123877
-42829
123844
-42924
123811
-43019
123778
-43114
123745
-43209
123712
-43304
123679
-43399
123645
-43494
123612
-43588
123578
-43683
123545
-43778
123511
-43873
123478
-43967
123444
-44062
123410
-44157
123376
-44251
123342
-44346
123308
-44441
123274
-44535
123240
-44630
123206
-44724
123171
-44819
123137
-44913
123102
-45008
123068
-45102
123033
-45196
122998
-45291
122964
-45385
122929
-45479
122894
-45574
122859
-45668
122824
-45762
122789
-45856
122753
-45950
122718
-46045
122683
-46139
122647
-46233
122612
-46327
122576
-46421
122541
-46515
122505
-46609
122469
-46703
122433
-46797
122397
-46891
122361
-46984
122325
-47078
122289
-47172
122253
-47266
122217
-47360
122180
-47453
122144
-47547
122107
-47641
122071
-47734
122034
-47828
121997
-47922
121961
-48015
121924
-48109
121887
-48202
121850
-48296
121813
-48389
121776
-48482
121738
-48576
121701
-48669
121664
-48762
121626
-48856
121589
-48949
121551
-49042
121514
-49136
121476
-49229
121438
-49322
121400
-49415
121362
-49508
121324
-49601
121286
-49694
121248
-49787
121210
-49880
121172
-49973
121133
-50066
121095
-50159
121056
-50252
121018
-50345
120979
-50438
120940
-50530
120901
-50623
120863
-50716
120824
-50808
120785
-50901
120746
-50994
120706
-51086
120667
-51179
120628
-51271
120588
-51364
120549
-51456
120510
-51549
120470
-51641
120430
-51734
120391
-51826
120351
-51918
120311
-52011
120271
-52103
120231
-52195
120191
-52287
120151
-52380
120111
-52472
120070
-52564
120030
-52656
119990
-52748
119949
-52840
119909
-52932
119868
-53024
119827
-53116
119786
-53208
119746
-53300
119705
-53391
119664
-53483
119623
-53575
119582
-53667
119540
-53758
119499
-53850
119458
-53942
119416
-54033
119375
-54125
119333
-54216
119292
-54308
119250
-54399
119208
-54491
119166
-54582
119124
-54674
119082
-54765
119040
-54856
118998
-54948
118956
-55039
118914
-55130
118872
-55221
118829
-55312
118787
-55404
118744
-55495
118702
-55586
118659
-55677
118616
-55768
118574
-55859
118531
-55950
118488
-56040
118445
-56131
118402
-56222
118358
-56313
118315
-56404
118272
-56494
118228
-56585
118185
-56676
118142
-56766
118098
-56857
118054
-56948
118011
-57038
117967
-57129
117923
-57219
117879
-57310
117835
-57400
117791
-57490
117747
-57581
117703
-57671
117658
-57761
117614
-57851
117570
-57942
117525
-58032
117481
-58122
117436
-58212
117391
-58302
117347
-58392
117302
-58482
117257
-58572
117212
-58662
117167
-58752
117122
-58842
117077
-58931
117031
-59021
116986
-59111
116941
-59201
116895
-59290
116850
-59380
116804
-59470
116758
-59559
116713
-59649
116667
-59738
116621
-59828
116575
-59917
116529
-60006
116483
-60096
116437
-60185
116391
-60274
116345
-60364
116298
-60453
116252
-60542
116205
-60631
116159
-60720
116112
-60809
116066
-60898
116019
-60988
115972
-61076
115925
-61165
115878
-61254
115831
-61343
115784
-61432
115737
-61521
115690
-61610
115642
-61698
115595
-61787
115548
-61876
115500
-61964
115453
-62053
115405
-62141
115357
-62230
115310
-62318
115262
-62407
115214
-62495
115166
-62583
115118
-62672
115070
-62760
115022
-62848
114973
-62936
114925
-63024
114877
-63113
114828
-63201
114780
-63289
114731
-63377
114682
-63465
114634
-63553
114585
-63641
114536
-63728
114487
-63816
114438
-63904
114389
-63992
114340
-64080
114291
-64167
114242
-64255
114192
-64342
114143
-64430
114094
-64518
114044
-64605
113994
-64692
113945
-64780
113895
-64867
113845
-64955
113795
-65042
113746
-65129
113696
-65216
113645
-65304
113595
-65391
113545
-65478
113495
-65565
113444
-65652
113394
-65739
113344
-65826
113293
-65913
113243
-66000
113192
-66086
113141
-66173
113090
-66260
113040
-66347
112989
-66434
112938
-66520
112887
-66607
112836
-66693
112784
-66780
112733
-66866
112682
-66953
112630
-67039
112579
-67126
112527
-67212
112476
-67298
112424
-67384
112372
-67471
112321
-67557
112269
-67643
112217
-67729
112165
-67815
112113
-67901
112061
-67987
112008
-68073
111956
-68159
111904
-68245
111852
-68330
111799
-68416
111747
-68502
111694
-68588
111642
-68673
111589
-68759
111536
-68844
111483
-68930
111430
-69016
111377
-69101
111324
-69186
111271
-69272
111218
-69357
111165
-69442
111112
-69528
111058
-69613
111005
-69698
110951
-69783
110898
-69868
110844
-69953
110790
-70038
110737
-70123
110683
-70208
110629
-70293
110575
-70378
110521
-70462
110467
-70547
110413
-70632
110358
-70717
110304
-70801
110250
-70886
110196
-70970
110141
-71055
110086
-71139
110032
-71224
109977
-71308
109922
-71392
109868
-71477
109813
-71561
109758
-71645
109703
-71729
109648
-71814
109593
-71898
109538
-71982
109482
-72066
109427
-72150
109372
-72234
109316
-72317
109261
-72401
109205
-72485
109150
-72569
109094
-72652
109038
-72736
108982
-72820
108926
-72903
108870
-72987
108814
-73070
108758
-73154
108702
-73237
108646
-73320
108590
-73404
108534
-73487
108477
-73570
108421
-73653
108364
-73736
108308
-73820
108251
-73903
108194
-73986
108137
-74069
108080
-74152
108024
-74234
107967
-74317
107910
-74400
107852
-74483
107795
-74566
107738
-74648
107681
-74731
107624
-74813
107566
-74896
107509
-74978
107451
-75061
107394
-75143
107336
-75226
107278
-75308
107220
-75390
107162
-75472
107104
-75554
107046
-75637
106988
-75719
106930
-75801
106872
-75883
106814
-75965
106756
-76046
106697
-76128
106639
-76210
106580
-76292
106522
-76374
106463
-76455
106405
-76537
106346
-76619
106287
-76700
106228
-76782
106169
-76863
106110
-76944
106051
-77026
105992
-77107
105933
-77188
105874
-77270
105814
-77351
105755
-77432
105696
-77513
105636
-77594
105577
-77675
105517
-77756
105457
-77837
105398
-77918
105338
-77999
105278
-78079
105218
-78160
105158
-78241
105098
-78322
105038
-78402
104978
-78483
104918
-78563
104857
-78644
104797
-78724
104736
-78804
104676
-78885
104616
-78965
104555
-79045
104494
-79125
104434
-79205
104373
-79286
104312
-79366
104251
-79446
104190
-79525
104129
-79605
104068
-79685
104007
-79765
103946
-79845
103884
-79924
103823
-80004
103762
-80084
103700
-80163
103639
-80243
103577
-80322
103515
-80402
103454
-80481
103392
-80560
103330
-80640
103268
-80719
103206
-80798
103144
-80877
103082
-80956
103020
-81035
102958
-81114
102896
-81193
102833
-81272
102771
-81351
102708
-81430
102646
-81508
102584
-81587
102521
-81666
102458
-81744
102396
-81823
102333
-81902
102270
-81980
102207
-82058
102144
-82137
102081
-82215
102018
-82293
101955
-82372
101892
-82450
101828
-82528
101765
-82606
101702
-82684
101638
-82762
101575
-82840
101511
-82918
101447
-82996
101384
-83073
101320
-83151
101256
-83229
101192
-83306
101128
-83384
101064
-83462
101000
-83539
100936
-83616
100872
-83694
100808
-83771
100744
-83848
100679
-83926
100615
-84003
100550
-84080
100486
-84157
100421
-84234
100357
-84311
100292
-84388
100227
-84465
100162
-84542
100098
-84619
100033
-84696
99968
-84772
99902
-84849
99837
-84926
99772
-85002
99707
-85078
99642
-85155
99576
-85231
99511
-85308
99446
-85384
99380
-85460
99314
-85536
99249
-85613
99183
-85689
99117
-85765
99052
-85841
98986
-85917
98920
-85993
98854
-86068
98788
-86144
98722
-86220
98656
-86296
98589
-86371
98523
-86447
98457
-86522
98390
-86598
98324
-86673
98257
-86749
98191
-86824
98124
-86899
98058
-86975
97991
-87050
97924
-87125
97857
-87200
97790
-87275
97723
-87350
97656
-87425
97589
-87500
97522
-87575
97455
-87649
97388
-87724
97320
-87799
97253
-87873
97185
-87948
97118
-88022
97050
-88097
96983
-88171
96915
-88246
96847
-88320
96780
-88394
96712
-88468
96644
-88543
96576
-88617
96508
-88691
96440
-88765
96372
-88839
96304
-88913
96235
-88986
96167
-89060
96099
-89134
96030
-89208
95962
-89281
95894
-89355
95825
-89428
95756
-89502
95688
-89575
95619
-89649
95550
-89722
95481
-89795
95412
-89868
95343
-89942
95274
-90015
95205
-90088
95136
-90161
95067
-90234
94998
-90306
94928
-90379
94859
-90452
94790
-90525
94720
-90598
94651
-90670
94581
-90743
94512
-90815
94442
-90888
94372
-90960
94302
-91032
94232
-91105
94162
-91177
94093
-91249
94023
-91321
93952
-91394
93882
-91466
93812
-91538
93742
-91609
93672
-91681
93601
-91753
93531
-91825
93460
-91897
93390
-91968
93319
-92040
93249
-92111
93178
-92183
93107
-92254
93037
-92326
92966
-92397
92895
-92468
92824
-92540
92753
-92611
92682
-92682
92611
-92753
92540
-92824
92468
-92895
92397
-92966
92326
-93037
92254
-93107
92183
-93178
92111
-93249
92040
-93319
91968
-93390
91897
-93460
91825
-93531
91753
-93601
91681
-93672
91609
-93742
91538
-93812
91466
-93882
91394
-93952
91321
-94023
91249
-94093
91177
-94162
91105
-94232
91032
-94302
90960
-94372
90888
-94442
90815
-94512
90743
-94581
90670
-94651
90598
-94720
90525
-94790
90452
-94859
90379
-94928
90306
-94998
90234
-95067
90161
-95136
90088
-95205
90015
-95274
89942
-95343
89868
-95412
89795
-95481
89722
-95550
89649
-95619
89575
-95688
89502
-95756
89428
-95825
89355
-95894
89281
-95962
89208
-96030
89134
-96099
89060
-96167
88986
-96235
88913
-96304
88839
-96372
88765
-96440
88691
-96508
88617
-96576
88543
-96644
88468
-96712
88394
-96780
88320
-96847
88246
-96915
88171
-96983
88097
-97050
88022
-97118
87948
-97185
87873
-97253
87799
-97320
87724
-97388
87649
-97455
87575
-97522
87500
-97589
87425
-97656
87350
-97723
87275
-97790
87200
-97857
87125
-97924
87050
-97991
86975
-98058
86899
-98124
86824
-98191
86749
-98257
86673
-98324
86598
-98390
86522
-98457
86447
-98523
86371
-98589
86296
-98656
86220
-98722
86144
-98788
86068
-98854
85993
-98920
85917
-98986
85841
-99052
85765
-99117
85689
-99183
85613
-99249
85536
-99314
85460
-99380
85384
-99446
85308
-99511
85231
-99576
85155
-99642
85078
-99707
85002
-99772
84926
-99837
84849
-99902
84772
-99968
84696
-100033
84619
-100098
84542
-100162
84465
-100227
84388
-100292
84311
-100357
84234
-100421
84157
-100486
84080
-100550
84003
-100615
83926
-100679
83848
-100744
83771
-100808
83694
-100872
83616
-100936
83539
-101000
83462
-101064
83384
-101128
83306
-101192
83229
-101256
83151
-101320
83073
-101384
82996
-101447
82918
-101511
82840
-101575
82762
-101638
82684
-101702
82606
-101765
82528
-101828
82450
-101892
82372
-101955
82293
-102018
82215
-102081
82137
-102144
82058
-102207
81980
-102270
81902
-102333
81823
-102396
81744
-102458
81666
-102521
81587
-102584
81508
-102646
81430
-102708
81351
-102771
81272
-102833
81193
-102896
81114
-102958
81035
-103020
80956
-103082
80877
-103144
80798
-103206
80719
-103268
80640
-103330
80560
-103392
80481
-103454
80402
-103515
80322
-103577
80243
-103639
80163
-103700
80084
-103762
80004
-103823
79924
-103884
79845
-103946
79765
-104007
79685
-104068
79605
-104129
79525
-104190
79446
-104251
79366
-104312
79286
-104373
79205
-104434
79125
-104494
79045
-104555
78965
-104616
78885
-104676
78804
-104736
78724
-104797
78644
-104857
78563
-104918
78483
-104978
78402
-105038
78322
-105098
78241
-105158
78160
-105218
78079
-105278
77999
-105338
77918
-105398
77837
-105457
77756
-105517
77675
-105577
77594
-105636
77513
-105696
77432
-105755
77351
-105814
77270
-105874
77188
-105933
77107
-105992
77026
-106051
76944
-106110
76863
-106169
76782
-106228
76700
-106287
76619
-106346
76537
-106405
76455
-106463
76374
-106522
76292
-106580
76210
-106639
76128
-106697
76046
-106756
75965
-106814
75883
-106872
75801
-106930
75719
-106988
75637
-107046
75554
-107104
75472
-107162
75390
-107220
75308
-107278
75226
-107336
75143
-107394
75061
-107451
74978
-107509
74896
-107566
74813
-107624
74731
-107681
74648
-107738
74566
-107795
74483
-107852
74400
-107910
74317
-107967
74234
-108024
74152
-108080
74069
-108137
73986
-108194
73903
-108251
73820
-108308
73736
-108364
73653
-108421
73570
-108477
73487
-108534
73404
-108590
73320
-108646
73237
-108702
73154
-108758
73070
-108814
72987
-108870
72903
-108926
72820
-108982
72736
-109038
72652
-109094
72569
-109150
72485
-109205
72401
-109261
72317
-109316
72234
-109372
72150
-109427
72066
-109482
71982
-109538
71898
-109593
71814
-109648
71729
-109703
71645
-109758
71561
-109813
71477
-109868
71392
-109922
71308
-109977
71224
-110032
71139
-110086
71055
-110141
70970
-110196
70886
-110250
70801
-110304
70717
-110358
70632
-110413
70547
-110467
70462
-110521
70378
-110575
70293
-110629
70208
-110683
70123
-110737
70038
-110790
69953
-110844
69868
-110898
69783
-110951
69698
-111005
69613
-111058
69528
-111112
69442
-111165
69357
-111218
69272
-111271
69186
-111324
69101
-111377
69016
-111430
68930
-111483
68844
-111536
68759
-111589
68673
-111642
68588
-111694
68502
-111747
68416
-111799
68330
-111852
68245
-111904
68159
-111956
68073
-112008
67987
-112061
67901
-112113
67815
-112165
67729
-112217
67643
-112269
67557
-112321
67471
-112372
67384
-112424
67298
-112476
67212
-112527
67126
-112579
67039
-112630
66953
-112682
66866
-112733
66780
-112784
66693
-112836
66607
-112887
66520
-112938
66434
-112989
66347
-113040
66260
-113090
66173
-113141
66086
-113192
66000
-113243
65913
-113293
65826
-113344
65739
-113394
65652
-113444
65565
-113495
65478
-113545
65391
-113595
65304
-113645
65216
-113696
65129
-113746
65042
-113795
64955
-113845
64867
-113895
64780
-113945
64692
-113994
64605
-114044
64518
-114094
64430
-114143
64342
-114192
64255
-114242
64167
-114291
64080
-114340
63992
-114389
63904
-114438
63816
-114487
63728
-114536
63641
-114585
63553
-114634
63465
-114682
63377
-114731
63289
-114780
63201
-114828
63113
-114877
63024
-114925
62936
-114973
62848
-115022
62760
-115070
62672
-115118
62583
-115166
62495
-115214
62407
-115262
62318
-115310
62230
-115357
62141
-115405
62053
-115453
61964
-115500
61876
-115548
61787
-115595
61698
-115642
61610
-115690
61521
-115737
61432
-115784
61343
-115831
61254
-115878
61165
-115925
61076
-115972
60988
-116019
60898
-116066
60809
-116112
60720
-116159
60631
-116205
60542
-116252
60453
-116298
60364
-116345
60274
-116391
60185
-116437
60096
-116483
60006
-116529
59917
-116575
59828
-116621
59738
-116667
59649
-116713
59559
-116758
59470
-116804
59380
-116850
59290
-116895
59201
-116941
59111
-116986
59021
-117031
58931
-117077
58842
-117122
58752
-117167
58662
-117212
58572
-117257
58482
-117302
58392
-117347
58302
-117391
58212
-117436
58122
-117481
58032
-117525
57942
-117570
57851
-117614
57761
-117658
57671
-117703
57581
-117747
57490
-117791
57400
-117835
57310
-117879
57219
-117923
57129
-117967
57038
-118011
56948
-118054
56857
-118098
56766
-118142
56676
-118185
56585
-118228
56494
-118272
56404
-118315
56313
-118358
56222
-118402
56131
-118445
56040
-118488
55950
-118531
55859
-118574
55768
-118616
55677
-118659
55586
-118702
55495
-118744
55404
-118787
55312
-118829
55221
-118872
55130
-118914
55039
-118956
54948
-118998
54856
-119040
54765
-119082
54674
-119124
54582
-119166
54491
-119208
54399
-119250
54308
-119292
54216
-119333
54125
-119375
54033
-119416
53942
-119458
53850
-119499
53758
-119540
53667
-119582
53575
-119623
53483
-119664
53391
-119705
53300
-119746
53208
-119786
53116
-119827
53024
-119868
52932
-119909
52840
-119949
52748
-119990
52656
-120030
52564
-120070
52472
-120111
52380
-120151
52287
-120191
52195
-120231
52103
-120271
52011
-120311
51918
-120351
51826
-120391
51734
-120430
51641
-120470
51549
-120510
51456
-120549
51364
-120588
51271
-120628
51179
-120667
51086
-120706
50994
-120746
50901
-120785
50808
-120824
50716
-120863
50623
-120901
50530
-120940
50438
-120979
50345
-121018
50252
-121056
50159
-121095
50066
-121133
49973
-121172
49880
-121210
49787
-121248
49694
-121286
49601
-121324
49508
-121362
49415
-121400
49322
-121438
49229
-121476
49136
-121514
49042
-121551
48949
-121589
48856
-121626
48762
-121664
48669
-121701
48576
-121738
48482
-121776
48389
-121813
48296
-121850
48202
-121887
48109
-121924
48015
-121961
47922
-121997
47828
-122034
47734
-122071
47641
-122107
47547
-122144
47453
-122180
47360
-122217
47266
-122253
47172
-122289
47078
-122325
46984
-122361
46891
-122397
46797
-122433
46703
-122469
46609
-122505
46515
-122541
46421
-122576
46327
-122612
46233
-122647
46139
-122683
46045
-122718
45950
-122753
45856
-122789
45762
-122824
45668
-122859
45574
-122894
45479
-122929
45385
-122964
45291
-122998
45196
-123033
45102
-123068
45008
-123102
44913
-123137
44819
-123171
44724
-123206
44630
-123240
44535
-123274
44441
-123308
44346
-123342
44251
-123376
44157
-123410
44062
-123444
43967
-123478
43873
-123511
43778
-123545
43683
-123578
43588
-123612
43494
-123645
43399
-123679
43304
-123712
43209
-123745
43114
-123778
43019
-123811
42924
-123844
42829
-123877
42734
-123910
42639
-123943
42544
-123975
42449
-124008
42354
-124040
42258
-124073
42163
-124105
42068
-124138
41973
-124170
41878
-124202
41782
-124234
41687
-124266
41592
-124298
41496
-124330
41401
-124362
41306
-124393
41210
-124425
41115
-124456
41019
-124488
40924
-124519
40828
-124551
40733
-124582
40637
-124613
40542
-124644
40446
-124676
40350
-124706
40255
-124737
40159
-124768
40063
-124799
39968
-124830
39872
-124860
39776
-124891
39680
-124921
39584
-124952
39489
-124982
39393
-125012
39297
-125042
39201
-125072
39105
-125102
39009
-125132
38913
-125162
38817
-125192
38721
-125222
38625
-125252
38529
-125281
38433
-125311
38337
-125340
38240
-125370
38144
-125399
38048
-125428
37952
-125457
37856
-125486
37759
-125515
37663
-125544
37567
-125573
37470
-125602
37374
-125630
37278
-125659
37181
-125688
37085
-125716
36989
-125744
36892
-125773
36796
-125801
36699
-125829
36603
-125858
36506
-125886
36410
-125914
36313
-125941
36216
-125969
36120
-125997
36023
-126024
35926
-126052
35830
-126080
35733
-126107
35636
-126134
35540
-126162
35443
-126189
35346
-126216
35249
-126243
35152
-126270
35055
-126297
34958
-126324
34862
-126351
34765
-126378
34668
-126404
34571
-126431
34474
-126457
34377
-126484
34280
-126510
34183
-126536
34086
-126562
33989
-126588
33892
-126614
33794
-126640
33697
-126666
33600
-126692
33503
-126718
33406
-126744
33308
-126769
33211
-126795
33114
-126820
33017
-126845
32919
-126871
32822
-126896
32725
-126921
32627
-126946
32530
-126971
32433
-126996
32335
-127021
32238
-127046
32140
-127070
32043
-127095
31945
-127119
31848
-127144
31750
-127168
31653
-127193
31555
-127217
31458
-127241
31360
-127265
31262
-127289
31165
-127313
31067
-127337
30969
-127361
30872
-127384
30774
-127408
30676
-127432
30578
-127455
30481
-127478
30383
-127502
30285
-127525
30187
-127548
30090
-127571
29992
-127594
29894
-127617
29796
-127640
29698
-127663
29600
-127686
29502
-127708
29404
-127731
29306
-127754
29208
-127776
29110
-127798
29012
-127821
28914
-127843
28816
-127865
28718
-127887
28620
-127909
28522
-127931
28424
-127953
28326
-127975
28227
-127996
28129
-128018
28031
-128040
27933
-128061
27834
-128082
27736
-128104
27638
-128125
27540
-128146
27441
-128167
27343
-128188
27245
-128209
27146
-128230
27048
-128251
26950
-128272
26851
-128292
26753
-128313
26654
-128333
26556
-128354
26458
-128374
26359
-128394
26261
-128414
26162
-128434
26064
-128454
25965
-128474
25866
-128494
25768
-128514
25669
-128534
25571
-128553
25472
-128573
25374
-128592
25275
-128612
25176
-128631
25078
-128650
24979
-128670
24880
-128689
24782
-128708
24683
-128727
24584
-128746
24485
-128765
24386
-128783
24288
-128802
24189
-128821
24090
-128839
23991
-128858
23892
-128876
23794
-128894
23695
-128912
23596
-128930
23497
-128949
23398
-128967
23299
-128984
23200
-129002
23101
-129020
23002
-129038
22903
-129055
22804
-129073
22705
-129090
22606
-129108
22507
-129125
22408
-129142
22309
-129159
22210
-129176
22111
-129194
22012
-129210
21913
-129227
21814
-129244
21715
-129261
21615
-129277
21516
-129294
21417
-129310
21318
-129327
21219
-129343
21120
-129359
21020
-129375
20921
-129392
20822
-129408
20722
-129424
20623
-129439
20524
-129455
20425
-129471
20325
-129486
20226
-129502
20127
-129517
20027
-129533
19928
-129548
19829
-129563
19729
-129579
19630
-129594
19530
-129609
19431
-129624
19332
-129638
19232
-129653
19133
-129668
19033
-129683
18934
-129697
18834
-129712
18735
-129726
18635
-129740
18536
-129755
18436
-129769
18337
-129783
18237
-129797
18138
-129811
18038
-129825
17938
-129839
17839
-129852
17739
-129866
17640
-129880
17540
-129893
17440
-129906
17341
-129920
17241
-129933
17142
-129946
17042
-129959
16942
-129972
16842
-129985
16743
-129998
16643
-130011
16543
-130024
16444
-130036
16344
-130049
16244
-130062
16144
-130074
16044
-130086
15945
-130098
15845
-130111
15745
-130123
15645
-130135
15546
-130147
15446
-130159
15346
-130170
15246
-130182
15146
-130194
15046
-130206
14946
-130217
14847
-130228
14747
-130240
14647
-130251
14547
-130262
14447
-130273
14347
-130284
14247
-130295
14147
-130306
14047
-130317
13947
-130328
13847
-130338
13747
-130349
13647
-130360
13547
-130370
13447
-130380
13347
-130390
13247
-130401
13147
-130411
13047
-130421
12947
-130431
12847
-130441
12747
-130451
12647
-130460
12547
-130470
12447
-130480
12347
-130489
12247
-130498
12147
-130508
12047
-130517
11946
-130526
11846
-130536
11746
-130544
11646
-130554
11546
-130562
11446
-130571
11346
-130580
11246
-130589
11145
-130597
11045
-130606
10945
-130614
10845
-130622
10745
-130631
10644
-130639
10544
-130647
10444
-130655
10344
-130663
10244
-130671
10143
-130679
10043
-130687
9943
-130694
9843
-130702
9742
-130709
9642
-130717
9542
-130724
9442
-130731
9341
-130739
9241
-130746
9141
-130753
9040
-130760
8940
-130767
8840
-130774
8740
-130780
8639
-130787
8539
-130794
8439
-130800
8338
-130806
8238
-130813
8138
-130819
8037
-130825
7937
-130831
7837
-130838
7736
-130843
7636
-130849
7536
-130855
7435
-130861
7335
-130866
7234
-130872
7134
-130878
7034
-130883
6933
-130888
6833
-130894
6732
-130899
6632
-130904
6532
-130909
6431
-130914
6331
-130919
6230
-130924
6130
-130928
6030
-130933
5929
-130938
5829
-130942
5728
-130947
5628
-130951
5528
-130955
5427
-130960
5327
-130964
5226
-130968
5126
-130972
5025
-130976
4925
-130979
4824
-130983
4724
-130987
4623
-130990
4523
-130994
4422
-130997
4322
-131001
4222
-131004
4121
-131007
4020
-131010
3920
-131013
3820
-131016
3719
-131019
3619
-131022
3518
-131025
3418
-131027
3317
-131030
3217
-131032
3116
-131035
3016
-131037
2915
-131040
2815
-131042
2714
-131044
2614
-131046
2513
-131048
2412
-131050
2312
-131052
2212
-131053
2111
-131055
2010
-131056
1910
-131058
1809
-131060
1709
-131061
1608
-131062
1508
-131063
1407
-131064
1307
-131065
1206
-131066
1106
-131067
1005
-131068
905
-131069
804
-131070
704
-131070
603
-131070
503
-131071
402
-131071
302
-131072
201
-131072
100
-131072
0
-131072
-100
-131072
-201
-131072
-302
-131072
-402
-131071
-503
-131071
-603
-131070
-704
-131070
-804
-131070
-905
-131069
-1005
-131068
-1106
-131067
-1206
-131066
-1307
-131065
-1407
-131064
-1508
-131063
-1608
-131062
-1709
-131061
-1809
-131060
-1910
-131058
-2010
-131056
-2111
-131055
-2212
-131053
-2312
-131052
-2412
-131050
-2513
-131048
-2614
-131046
-2714
-131044
-2815
-131042
-2915
-131040
-3016
-131037
-3116
-131035
-3217
-131032
-3317
-131030
-3418
-131027
-3518
-131025
-3619
-131022
-3719
-131019
-3820
-131016
-3920
-131013
-4020
-131010
-4121
-131007
-4222
-131004
-4322
-131001
-4422
-130997
-4523
-130994
-4623
-130990
-4724
-130987
-4824
-130983
-4925
-130979
-5025
-130976
-5126
-130972
-5226
-130968
-5327
-130964
-5427
-130960
-5528
-130955
-5628
-130951
-5728
-130947
-5829
-130942
-5929
-130938
-6030
-130933
-6130
-130928
-6230
-130924
-6331
-130919
-6431
-130914
-6532
-130909
-6632
-130904
-6732
-130899
-6833
-130894
-6933
-130888
-7034
-130883
-7134
-130878
-7234
-130872
-7335
-130866
-7435
-130861
-7536
-130855
-7636
-130849
-7736
-130843
-7837
-130838
-7937
-130831
-8037
-130825
-8138
-130819
-8238
-130813
-8338
-130806
-8439
-130800
-8539
-130794
-8639
-130787
-8740
-130780
-8840
-130774
-8940
-130767
-9040
-130760
-9141
-130753
-9241
-130746
-9341
-130739
-9442
-130731
-9542
-130724
-9642
-130717
-9742
-130709
-9843
-130702
-9943
-130694
-10043
-130687
-10143
-130679
-10244
-130671
-10344
-130663
-10444
-130655
-10544
-130647
-10644
-130639
-10745
-130631
-10845
-130622
-10945
-130614
-11045
-130606
-11145
-130597
-11246
-130589
-11346
-130580
-11446
-130571
-11546
-130562
-11646
-130554
-11746
-130544
-11846
-130536
-11946
-130526
-12047
-130517
-12147
-130508
-12247
-130498
-12347
-130489
-12447
-130480
-12547
-130470
-12647
-130460
-12747
-130451
-12847
-130441
-12947
-130431
-13047
-130421
-13147
-130411
-13247
-130401
-13347
-130390
-13447
-130380
-13547
-130370
-13647
-130360
-13747
-130349
-13847
-130338
-13947
-130328
-14047
-130317
-14147
-130306
-14247
-130295
-14347
-130284
-14447
-130273
-14547
-130262
-14647
-130251
-14747
-130240
-14847
-130228
-14946
-130217
-15046
-130206
-15146
-130194
-15246
-130182
-15346
-130170
-15446
-130159
-15546
-130147
-15645
-130135
-15745
-130123
-15845
-130111
-15945
-130098
-16044
-130086
-16144
-130074
-16244
-130062
-16344
-130049
-16444
-130036
-16543
-130024
-16643
-130011
-16743
-129998
-16842
-129985
-16942
-129972
-17042
-129959
-17142
-129946
-17241
-129933
-17341
-129920
-17440
-129906
-17540
-129893
-17640
-129880
-17739
-129866
-17839
-129852
-17938
-129839
-18038
-129825
-18138
-129811
-18237
-129797
-18337
-129783
-18436
-129769
-18536
-129755
-18635
-129740
-18735
-129726
-18834
-129712
-18934
-129697
-19033
-129683
-19133
-129668
-19232
-129653
-19332
-129638
-19431
-129624
-19530
-129609
-19630
-129594
-19729
-129579
-19829
-129563
-19928
-129548
-20027
-129533
-20127
-129517
-20226
-129502
-20325
-129486
-20425
-129471
-20524
-129455
-20623
-129439
-20722
-129424
-20822
-129408
-20921
-129392
-21020
-129375
-21120
-129359
-21219
-129343
-21318
-129327
-21417
-129310
-21516
-129294
-21615
-129277
-21715
-129261
-21814
-129244
-21913
-129227
-22012
-129210
-22111
-129194
-22210
-129176
-22309
-129159
-22408
-129142
-22507
-129125
-22606
-129108
-22705
-129090
-22804
-129073
-22903
-129055
-23002
-129038
-23101
-129020
-23200
-129002
-23299
-128984
-23398
-128967
-23497
-128949
-23596
-128930
-23695
-128912
-23794
-128894
-23892
-128876
-23991
-128858
-24090
-128839
-24189
-128821
-24288
-128802
-24386
-128783
-24485
-128765
-24584
-128746
-24683
-128727
-24782
-128708
-24880
-128689
-24979
-128670
-25078
-128650
-25176
-128631
-25275
-128612
-25374
-128592
-25472
-128573
-25571
-128553
-25669
-128534
-25768
-128514
-25866
-128494
-25965
-128474
-26064
-128454
-26162
-128434
-26261
-128414
-26359
-128394
-26458
-128374
-26556
-128354
-26654
-128333
-26753
-128313
-26851
-128292
-26950
-128272
-27048
-128251
-27146
-128230
-27245
-128209
-27343
-128188
-27441
-128167
-27540
-128146
-27638
-128125
-27736
-128104
-27834
-128082
-27933
-128061
-28031
-128040
-28129
-128018
-28227
-127996
-28326
-127975
-28424
-127953
-28522
-127931
-28620
-127909
-28718
-127887
-28816
-127865
-28914
-127843
-29012
-127821
-29110
-127798
-29208
-127776
-29306
-127754
-29404
-127731
-29502
-127708
-29600
-127686
-29698
-127663
-29796
-127640
-29894
-127617
-29992
-127594
-30090
-127571
-30187
-127548
-30285
-127525
-30383
-127502
-30481
-127478
-30578
-127455
-30676
-127432
-30774
-127408
-30872
-127384
-30969
-127361
-31067
-127337
-31165
-127313
-31262
-127289
-31360
-127265
-31458
-127241
-31555
-127217
-31653
-127193
-31750
-127168
-31848
-127144
-31945
-127119
-32043
-127095
-32140
-127070
-32238
-127046
-32335
-127021
-32433
-126996
-32530
-126971
-32627
-126946
-32725
-126921
-32822
-126896
-32919
-126871
-33017
-126845
-33114
-126820
-33211
-126795
-33308
-126769
-33406
-126744
-33503
-126718
-33600
-126692
-33697
-126666
-33794
-126640
-33892
-126614
-33989
-126588
-34086
-126562
-34183
-126536
-34280
-126510
-34377
-126484
-34474
-126457
-34571
-126431
-34668
-126404
-34765
-126378
-34862
-126351
-34958
-126324
-35055
-126297
-35152
-126270
-35249
-126243
-35346
-126216
-35443
-126189
-35540
-126162
-35636
-126134
-35733
-126107
-35830
-126080
-35926
-126052
-36023
-126024
-36120
-125997
-36216
-125969
-36313
-125941
-36410
-125914
-36506
-125886
-36603
-125858
-36699
-125829
-36796
-125801
-36892
-125773
-36989
-125744
-37085
-125716
-37181
-125688
-37278
-125659
-37374
-125630
-37470
-125602
-37567
-125573
-37663
-125544
-37759
-125515
-37856
-125486
-37952
-125457
-38048
-125428
-38144
-125399
-38240
-125370
-38337
-125340
-38433
-125311
-38529
-125281
-38625
-125252
-38721
-125222
-38817
-125192
-38913
-125162
-39009
-125132
-39105
-125102
-39201
-125072
-39297
-125042
-39393
-125012
-39489
-124982
-39584
-124952
-39680
-124921
-39776
-124891
-39872
-124860
-39968
-124830
-40063
-124799
-40159
-124768
-40255
-124737
-40350
-124706
-40446
-124676
-40542
-124644
-40637
-124613
-40733
-124582
-40828
-124551
-40924
-124519
-41019
-124488
-41115
-124456
-41210
-124425
-41306
-124393
-41401
-124362
-41496
-124330
-41592
-124298
-41687
-124266
-41782
-124234
-41878
-124202
-41973
-124170
-42068
-124138
-42163
-124105
-42258
-124073
-42354
-124040
-42449
-124008
-42544
-123975
-42639
-123943
-42734
-123910
-42829
-123877
-42924
-123844
-43019
-123811
-43114
-123778
-43209
-123745
-43304
-123712
-43399
-123679
-43494
-123645
-43588
-123612
-43683
-123578
-43778
-123545
-43873
-123511
-43967
-123478
-44062
-123444
-44157
-123410
-44251
-123376
-44346
-123342
-44441
-123308
-44535
-123274
-44630
-123240
-44724
-123206
-44819
-123171
-44913
-123137
-45008
-123102
-45102
-123068
-45196
-123033
-45291
-122998
-45385
-122964
-45479
-122929
-45574
-122894
-45668
-122859
-45762
-122824
-45856
-122789
-45950
-122753
-46045
-122718
-46139
-122683
-46233
-122647
-46327
-122612
-46421
-122576
-46515
-122541
-46609
-122505
-46703
-122469
-46797
-122433
-46891
-122397
-46984
-122361
-47078
-122325
-47172
-122289
-47266
-122253
-47360
-122217
-47453
-122180
-47547
-122144
-47641
-122107
-47734
-122071
-47828
-122034
-47922
-121997
-48015
-121961
-48109
-121924
-48202
-121887
-48296
-121850
-48389
-121813
-48482
-121776
-48576
-121738
-48669
-121701
-48762
-121664
-48856
-121626
-48949
-121589
-49042
-121551
-49136
-121514
-49229
-121476
-49322
-121438
-49415
-121400
-49508
-121362
-49601
-121324
-49694
-121286
-49787
-121248
-49880
-121210
-49973
-121172
-50066
-121133
-50159
-121095
-50252
-121056
-50345
-121018
-50438
-120979
-50530
-120940
-50623
-120901
-50716
-120863
-50808
-120824
-50901
-120785
-50994
-120746
-51086
-120706
-51179
-120667
-51271
-120628
-51364
-120588
-51456
-120549
-51549
-120510
-51641
-120470
-51734
-120430
-51826
-120391
-51918
-120351
-52011
-120311
-52103
-120271
-52195
-120231
-52287
-120191
-52380
-120151
-52472
-120111
-52564
-120070
-52656
-120030
-52748
-119990
-52840
-119949
-52932
-119909
-53024
-119868
-53116
-119827
-53208
-119786
-53300
-119746
-53391
-119705
-53483
-119664
-53575
-119623
-53667
-119582
-53758
-119540
-53850
-119499
-53942
-119458
-54033
-119416
-54125
-119375
-54216
-119333
-54308
-119292
-54399
-119250
-54491
-119208
-54582
-119166
-54674
-119124
-54765
-119082
-54856
-119040
-54948
-118998
-55039
-118956
-55130
-118914
-55221
-118872
-55312
-118829
-55404
-118787
-55495
-118744
-55586
-118702
-55677
-118659
-55768
-118616
-55859
-118574
-55950
-118531
-56040
-118488
-56131
-118445
-56222
-118402
-56313
-118358
-56404
-118315
-56494
-118272
-56585
-118228
-56676
-118185
-56766
-118142
-56857
-118098
-56948
-118054
-57038
-118011
-57129
-117967
-57219
-117923
-57310
-117879
-57400
-117835
-57490
-117791
-57581
-117747
-57671
-117703
-57761
-117658
-57851
-117614
-57942
-117570
-58032
-117525
-58122
-117481
-58212
-117436
-58302
-117391
-58392
-117347
-58482
-117302
-58572
-117257
-58662
-117212
-58752
-117167
-58842
-117122
-58931
-117077
-59021
-117031
-59111
-116986
-59201
-116941
-59290
-116895
-59380
-116850
-59470
-116804
-59559
-116758
-59649
-116713
-59738
-116667
-59828
-116621
-59917
-116575
-60006
-116529
-60096
-116483
-60185
-116437
-60274
-116391
-60364
-116345
-60453
-116298
-60542
-116252
-60631
-116205
-60720
-116159
-60809
-116112
-60898
-116066
-60988
-116019
-61076
-115972
-61165
-115925
-61254
-115878
-61343
-115831
-61432
-115784
-61521
-115737
-61610
-115690
-61698
-115642
-61787
-115595
-61876
-115548
-61964
-115500
-62053
-115453
-62141
-115405
-62230
-115357
-62318
-115310
-62407
-115262
-62495
-115214
-62583
-115166
-62672
-115118
-62760
-115070
-62848
-115022
-62936
-114973
-63024
-114925
-63113
-114877
-63201
-114828
-63289
-114780
-63377
-114731
-63465
-114682
-63553
-114634
-63641
-114585
-63728
-114536
-63816
-114487
-63904
-114438
-63992
-114389
-64080
-114340
-64167
-114291
-64255
-114242
-64342
-114192
-64430
-114143
-64518
-114094
-64605
-114044
-64692
-113994
-64780
-113945
-64867
-113895
-64955
-113845
-65042
-113795
-65129
-113746
-65216
-113696
-65304
-113645
-65391
-113595
-65478
-113545
-65565
-113495
-65652
-113444
-65739
-113394
-65826
-113344
-65913
-113293
-66000
-113243
-66086
-113192
-66173
-113141
-66260
-113090
-66347
-113040
-66434
-112989
-66520
-112938
-66607
-112887
-66693
-112836
-66780
-112784
-66866
-112733
-66953
-112682
-67039
-112630
-67126
-112579
-67212
-112527
-67298
-112476
-67384
-112424
-67471
-112372
-67557
-112321
-67643
-112269
-67729
-112217
-67815
-112165
-67901
-112113
-67987
-112061
-68073
-112008
-68159
-111956
-68245
-111904
-68330
-111852
-68416
-111799
-68502
-111747
-68588
-111694
-68673
-111642
-68759
-111589
-68844
-111536
-68930
-111483
-69016
-111430
-69101
-111377
-69186
-111324
-69272
-111271
-69357
-111218
-69442
-111165
-69528
-111112
-69613
-111058
-69698
-111005
-69783
-110951
-69868
-110898
-69953
-110844
-70038
-110790
-70123
-110737
-70208
-110683
-70293
-110629
-70378
-110575
-70462
-110521
-70547
-110467
-70632
-110413
-70717
-110358
-70801
-110304
-70886
-110250
-70970
-110196
-71055
-110141
-71139
-110086
-71224
-110032
-71308
-109977
-71392
-109922
-71477
-109868
-71561
-109813
-71645
-109758
-71729
-109703
-71814
-109648
-71898
-109593
-71982
-109538
-72066
-109482
-72150
-109427
-72234
-109372
-72317
-109316
-72401
-109261
-72485
-109205
-72569
-109150
-72652
-109094
-72736
-109038
-72820
-108982
-72903
-108926
-72987
-108870
-73070
-108814
-73154
-108758
-73237
-108702
-73320
-108646
-73404
-108590
-73487
-108534
-73570
-108477
-73653
-108421
-73736
-108364
-73820
-108308
-73903
-108251
-73986
-108194
-74069
-108137
-74152
-108080
-74234
-108024
-74317
-107967
-74400
-107910
-74483
-107852
-74566
-107795
-74648
-107738
-74731
-107681
-74813
-107624
-74896
-107566
-74978
-107509
-75061
-107451
-75143
-107394
-75226
-107336
-75308
-107278
-75390
-107220
-75472
-107162
-75554
-107104
-75637
-107046
-75719
-106988
-75801
-106930
-75883
-106872
-75965
-106814
-76046
-106756
-76128
-106697
-76210
-106639
-76292
-106580
-76374
-106522
-76455
-106463
-76537
-106405
-76619
-106346
-76700
-106287
-76782
-106228
-76863
-106169
-76944
-106110
-77026
-106051
-77107
-105992
-77188
-105933
-77270
-105874
-77351
-105814
-77432
-105755
-77513
-105696
-77594
-105636
-77675
-105577
-77756
-105517
-77837
-105457
-77918
-105398
-77999
-105338
-78079
-105278
-78160
-105218
-78241
-105158
-78322
-105098
-78402
-105038
-78483
-104978
-78563
-104918
-78644
-104857
-78724
-104797
-78804
-104736
-78885
-104676
-78965
-104616
-79045
-104555
-79125
-104494
-79205
-104434
-79286
-104373
-79366
-104312
-79446
-104251
-79525
-104190
-79605
-104129
-79685
-104068
-79765
-104007
-79845
-103946
-79924
-103884
-80004
-103823
-80084
-103762
-80163
-103700
-80243
-103639
-80322
-103577
-80402
-103515
-80481
-103454
-80560
-103392
-80640
-103330
-80719
-103268
-80798
-103206
-80877
-103144
-80956
-103082
-81035
-103020
-81114
-102958
-81193
-102896
-81272
-102833
-81351
-102771
-81430
-102708
-81508
-102646
-81587
-102584
-81666
-102521
-81744
-102458
-81823
-102396
-81902
-102333
-81980
-102270
-82058
-102207
-82137
-102144
-82215
-102081
-82293
-102018
-82372
-101955
-82450
-101892
-82528
-101828
-82606
-101765
-82684
-101702
-82762
-101638
-82840
-101575
-82918
-101511
-82996
-101447
-83073
-101384
-83151
-101320
-83229
-101256
-83306
-101192
-83384
-101128
-83462
-101064
-83539
-101000
-83616
-100936
-83694
-100872
-83771
-100808
-83848
-100744
-83926
-100679
-84003
-100615
-84080
-100550
-84157
-100486
-84234
-100421
-84311
-100357
-84388
-100292
-84465
-100227
-84542
-100162
-84619
-100098
-84696
-100033
-84772
-99968
-84849
-99902
-84926
-99837
-85002
-99772
-85078
-99707
-85155
-99642
-85231
-99576
-85308
-99511
-85384
-99446
-85460
-99380
-85536
-99314
-85613
-99249
-85689
-99183
-85765
-99117
-85841
-99052
-85917
-98986
-85993
-98920
-86068
-98854
-86144
-98788
-86220
-98722
-86296
-98656
-86371
-98589
-86447
-98523
-86522
-98457
-86598
-98390
-86673
-98324
-86749
-98257
-86824
-98191
-86899
-98124
-86975
-98058
-87050
-97991
-87125
-97924
-87200
-97857
-87275
-97790
-87350
-97723
-87425
-97656
-87500
-97589
-87575
-97522
-87649
-97455
-87724
-97388
-87799
-97320
-87873
-97253
-87948
-97185
-88022
-97118
-88097
-97050
-88171
-96983
-88246
-96915
-88320
-96847
-88394
-96780
-88468
-96712
-88543
-96644
-88617
-96576
-88691
-96508
-88765
-96440
-88839
-96372
-88913
-96304
-88986
-96235
-89060
-96167
-89134
-96099
-89208
-96030
-89281
-95962
-89355
-95894
-89428
-95825
-89502
-95756
-89575
-95688
-89649
-95619
-89722
-95550
-89795
-95481
-89868
-95412
-89942
-95343
-90015
-95274
-90088
-95205
-90161
-95136
-90234
-95067
-90306
-94998
-90379
-94928
-90452
-94859
-90525
-94790
-90598
-94720
-90670
-94651
-90743
-94581
-90815
-94512
-90888
-94442
-90960
-94372
-91032
-94302
-91105
-94232
-91177
-94162
-91249
-94093
-91321
-94023
-91394
-93952
-91466
-93882
-91538
-93812
-91609
-93742
-91681
-93672
-91753
-93601
-91825
-93531
-91897
-93460
-91968
-93390
-92040
-93319
-92111
-93249
-92183
-93178
-92254
-93107
-92326
-93037
-92397
-92966
-92468
-92895
-92540
-92824
-92611
-92753
-92682
-92682
-92753
-92611
-92824
-92540
-92895
-92468
-92966
-92397
-93037
-92326
-93107
-92254
-93178
-92183
-93249
-92111
-93319
-92040
-93390
-91968
-93460
-91897
-93531
-91825
-93601
-91753
-93672
-91681
-93742
-91609
-93812
-91538
-93882
-91466
-93952
-91394
-94023
-91321
-94093
-91249
-94162
-91177
-94232
-91105
-94302
-91032
-94372
-90960
-94442
-90888
-94512
-90815
-94581
-90743
-94651
-90670
-94720
-90598
-94790
-90525
-94859
-90452
-94928
-90379
-94998
-90306
-95067
-90234
-95136
-90161
-95205
-90088
-95274
-90015
-95343
-89942
-95412
-89868
-95481
-89795
-95550
-89722
-95619
-89649
-95688
-89575
-95756
-89502
-95825
-89428
-95894
-89355
-95962
-89281
-96030
-89208
-96099
-89134
-96167
-89060
-96235
-88986
-96304
-88913
-96372
-88839
-96440
-88765
-96508
-88691
-96576
-88617
-96644
-88543
-96712
-88468
-96780
-88394
-96847
-88320
-96915
-88246
-96983
-88171
-97050
-88097
-97118
-88022
-97185
-87948
-97253
-87873
-97320
-87799
-97388
-87724
-97455
-87649
-97522
-87575
-97589
-87500
-97656
-87425
-97723
-87350
-97790
-87275
-97857
-87200
-97924
-87125
-97991
-87050
-98058
-86975
-98124
-86899
-98191
-86824
-98257
-86749
-98324
-86673
-98390
-86598
-98457
-86522
-98523
-86447
-98589
-86371
-98656
-86296
-98722
-86220
-98788
-86144
-98854
-86068
-98920
-85993
-98986
-85917
-99052
-85841
-99117
-85765
-99183
-85689
-99249
-85613
-99314
-85536
-99380
-85460
-99446
-85384
-99511
-85308
-99576
-85231
-99642
-85155
-99707
-85078
-99772
-85002
-99837
-84926
-99902
-84849
-99968
-84772
-100033
-84696
-100098
-84619
-100162
-84542
-100227
-84465
-100292
-84388
-100357
-84311
-100421
-84234
-100486
-84157
-100550
-84080
-100615
-84003
-100679
-83926
-100744
-83848
-100808
-83771
-100872
-83694
-100936
-83616
-101000
-83539
-101064
-83462
-101128
-83384
-101192
-83306
-101256
-83229
-101320
-83151
-101384
-83073
-101447
-82996
-101511
-82918
-101575
-82840
-101638
-82762
-101702
-82684
-101765
-82606
-101828
-82528
-101892
-82450
-101955
-82372
-102018
-82293
-102081
-82215
-102144
-82137
-102207
-82058
-102270
-81980
-102333
-81902
-102396
-81823
-102458
-81744
-102521
-81666
-102584
-81587
-102646
-81508
-102708
-81430
-102771
-81351
-102833
-81272
-102896
-81193
-102958
-81114
-103020
-81035
-103082
-80956
-103144
-80877
-103206
-80798
-103268
-80719
-103330
-80640
-103392
-80560
-103454
-80481
-103515
-80402
-103577
-80322
-103639
-80243
-103700
-80163
-103762
-80084
-103823
-80004
-103884
-79924
-103946
-79845
-104007
-79765
-104068
-79685
-104129
-79605
-104190
-79525
-104251
-79446
-104312
-79366
-104373
-79286
-104434
-79205
-104494
-79125
-104555
-79045
-104616
-78965
-104676
-78885
-104736
-78804
-104797
-78724
-104857
-78644
-104918
-78563
-104978
-78483
-105038
-78402
-105098
-78322
-105158
-78241
-105218
-78160
-105278
-78079
-105338
-77999
-105398
-77918
-105457
-77837
-105517
-77756
-105577
-77675
-105636
-77594
-105696
-77513
-105755
-77432
-105814
-77351
-105874
-77270
-105933
-77188
-105992
-77107
-106051
-77026
-106110
-76944
-106169
-76863
-106228
-76782
-106287
-76700
-106346
-76619
-106405
-76537
-106463
-76455
-106522
-76374
-106580
-76292
-106639
-76210
-106697
-76128
-106756
-76046
-106814
-75965
-106872
-75883
-106930
-75801
-106988
-75719
-107046
-75637
-107104
-75554
-107162
-75472
-107220
-75390
-107278
-75308
-107336
-75226
-107394
-75143
-107451
-75061
-107509
-74978
-107566
-74896
-107624
-74813
-107681
-74731
-107738
-74648
-107795
-74566
-107852
-74483
-107910
-74400
-107967
-74317
-108024
-74234
-108080
-74152
-108137
-74069
-108194
-73986
-108251
-73903
-108308
-73820
-108364
-73736
-108421
-73653
-108477
-73570
-108534
-73487
-108590
-73404
-108646
-73320
-108702
-73237
-108758
-73154
-108814
-73070
-108870
-72987
-108926
-72903
-108982
-72820
-109038
-72736
-109094
-72652
-109150
-72569
-109205
-72485
-109261
-72401
-109316
-72317
-109372
-72234
-109427
-72150
-109482
-72066
-109538
-71982
-109593
-71898
-109648
-71814
-109703
-71729
-109758
-71645
-109813
-71561
-109868
-71477
-109922
-71392
-109977
-71308
-110032
-71224
-110086
-71139
-110141
-71055
-110196
-70970
-110250
-70886
-110304
-70801
-110358
-70717
-110413
-70632
-110467
-70547
-110521
-70462
-110575
-70378
-110629
-70293
-110683
-70208
-110737
-70123
-110790
-70038
-110844
-69953
-110898
-69868
-110951
-69783
-111005
-69698
-111058
-69613
-111112
-69528
-111165
-69442
-111218
-69357
-111271
-69272
-111324
-69186
-111377
-69101
-111430
-69016
-111483
-68930
-111536
-68844
-111589
-68759
-111642
-68673
-111694
-68588
-111747
-68502
-111799
-68416
-111852
-68330
-111904
-68245
-111956
-68159
-112008
-68073
-112061
-67987
-112113
-67901
-112165
-67815
-112217
-67729
-112269
-67643
-112321
-67557
-112372
-67471
-112424
-67384
-112476
-67298
-112527
-67212
-112579
-67126
-112630
-67039
-112682
-66953
-112733
-66866
-112784
-66780
-112836
-66693
-112887
-66607
-112938
-66520
-112989
-66434
-113040
-66347
-113090
-66260
-113141
-66173
-113192
-66086
-113243
-66000
-113293
-65913
-113344
-65826
-113394
-65739
-113444
-65652
-113495
-65565
-113545
-65478
-113595
-65391
-113645
-65304
-113696
-65216
-113746
-65129
-113795
-65042
-113845
-64955
-113895
-64867
-113945
-64780
-113994
-64692
-114044
-64605
-114094
-64518
-114143
-64430
-114192
-64342
-114242
-64255
-114291
-64167
-114340
-64080
-114389
-63992
-114438
-63904
-114487
-63816
-114536
-63728
-114585
-63641
-114634
-63553
-114682
-63465
-114731
-63377
-114780
-63289
-114828
-63201
-114877
-63113
-114925
-63024
-114973
-62936
-115022
-62848
-115070
-62760
-115118
-62672
-115166
-62583
-115214
-62495
-115262
-62407
-115310
-62318
-115357
-62230
-115405
-62141
-115453
-62053
-115500
-61964
-115548
-61876
-115595
-61787
-115642
-61698
-115690
-61610
-115737
-61521
-115784
-61432
-115831
-61343
-115878
-61254
-115925
-61165
-115972
-61076
-116019
-60988
-116066
-60898
-116112
-60809
-116159
-60720
-116205
-60631
-116252
-60542
-116298
-60453
-116345
-60364
-116391
-60274
-116437
-60185
-116483
-60096
-116529
-60006
-116575
-59917
-116621
-59828
-116667
-59738
-116713
-59649
-116758
-59559
-116804
-59470
-116850
-59380
-116895
-59290
-116941
-59201
-116986
-59111
-117031
-59021
-117077
-58931
-117122
-58842
-117167
-58752
-117212
-58662
-117257
-58572
-117302
-58482
-117347
-58392
-117391
-58302
-117436
-58212
-117481
-58122
-117525
-58032
-117570
-57942
-117614
-57851
-117658
-57761
-117703
-57671
-117747
-57581
-117791
-57490
-117835
-57400
-117879
-57310
-117923
-57219
-117967
-57129
-118011
-57038
-118054
-56948
-118098
-56857
-118142
-56766
-118185
-56676
-118228
-56585
-118272
-56494
-118315
-56404
-118358
-56313
-118402
-56222
-118445
-56131
-118488
-56040
-118531
-55950
-118574
-55859
-118616
-55768
-118659
-55677
-118702
-55586
-118744
-55495
-118787
-55404
-118829
-55312
-118872
-55221
-118914
-55130
-118956
-55039
-118998
-54948
-119040
-54856
-119082
-54765
-119124
-54674
-119166
-54582
-119208
-54491
-119250
-54399
-119292
-54308
-119333
-54216
-119375
-54125
-119416
-54033
-119458
-53942
-119499
-53850
-119540
-53758
-119582
-53667
-119623
-53575
-119664
-53483
-119705
-53391
-119746
-53300
-119786
-53208
-119827
-53116
-119868
-53024
-119909
-52932
-119949
-52840
-119990
-52748
-120030
-52656
-120070
-52564
-120111
-52472
-120151
-52380
-120191
-52287
-120231
-52195
-120271
-52103
-120311
-52011
-120351
-51918
-120391
-51826
-120430
-51734
-120470
-51641
-120510
-51549
-120549
-51456
-120588
-51364
-120628
-51271
-120667
-51179
-120706
-51086
-120746
-50994
-120785
-50901
-120824
-50808
-120863
-50716
-120901
-50623
-120940
-50530
-120979
-50438
-121018
-50345
-121056
-50252
-121095
-50159
-121133
-50066
-121172
-49973
-121210
-49880
-121248
-49787
-121286
-49694
-121324
-49601
-121362
-49508
-121400
-49415
-121438
-49322
-121476
-49229
-121514
-49136
-121551
-49042
-121589
-48949
-121626
-48856
-121664
-48762
-121701
-48669
-121738
-48576
-121776
-48482
-121813
-48389
-121850
-48296
-121887
-48202
-121924
-48109
-121961
-48015
-121997
-47922
-122034
-47828
-122071
-47734
-122107
-47641
-122144
-47547
-122180
-47453
-122217
-47360
-122253
-47266
-122289
-47172
-122325
-47078
-122361
-46984
-122397
-46891
-122433
-46797
-122469
-46703
-122505
-46609
-122541
-46515
-122576
-46421
-122612
-46327
-122647
-46233
-122683
-46139
-122718
-46045
-122753
-45950
-122789
-45856
-122824
-45762
-122859
-45668
-122894
-45574
-122929
-45479
-122964
-45385
-122998
-45291
-123033
-45196
-123068
-45102
-123102
-45008
-123137
-44913
-123171
-44819
-123206
-44724
-123240
-44630
-123274
-44535
-123308
-44441
-123342
-44346
-123376
-44251
-123410
-44157
-123444
-44062
-123478
-43967
-123511
-43873
-123545
-43778
-123578
-43683
-123612
-43588
-123645
-43494
-123679
-43399
-123712
-43304
-123745
-43209
-123778
-43114
-123811
-43019
-123844
-42924
-123877
-42829
-123910
-42734
-123943
-42639
-123975
-42544
-124008
-42449
-124040
-42354
-124073
-42258
-124105
-42163
-124138
-42068
-124170
-41973
-124202
-41878
-124234
-41782
-124266
-41687
-124298
-41592
-124330
-41496
-124362
-41401
-124393
-41306
-124425
-41210
-124456
-41115
-124488
-41019
-124519
-40924
-124551
-40828
-124582
-40733
-124613
-40637
-124644
-40542
-124676
-40446
-124706
-40350
-124737
-40255
-124768
-40159
-124799
-40063
-124830
-39968
-124860
-39872
-124891
-39776
-124921
-39680
-124952
-39584
-124982
-39489
-125012
-39393
-125042
-39297
-125072
-39201
-125102
-39105
-125132
-39009
-125162
-38913
-125192
-38817
-125222
-38721
-125252
-38625
-125281
-38529
-125311
-38433
-125340
-38337
-125370
-38240
-125399
-38144
-125428
-38048
-125457
-37952
-125486
-37856
-125515
-37759
-125544
-37663
-125573
-37567
-125602
-37470
-125630
-37374
-125659
-37278
-125688
-37181
-125716
-37085
-125744
-36989
-125773
-36892
-125801
-36796
-125829
-36699
-125858
-36603
-125886
-36506
-125914
-36410
-125941
-36313
-125969
-36216
-125997
-36120
-126024
-36023
-126052
-35926
-126080
-35830
-126107
-35733
-126134
-35636
-126162
-35540
-126189
-35443
-126216
-35346
-126243
-35249
-126270
-35152
-126297
-35055
-126324
-34958
-126351
-34862
-126378
-34765
-126404
-34668
-126431
-34571
-126457
-34474
-126484
-34377
-126510
-34280
-126536
-34183
-126562
-34086
-126588
-33989
-126614
-33892
-126640
-33794
-126666
-33697
-126692
-33600
-126718
-33503
-126744
-33406
-126769
-33308
-126795
-33211
-126820
-33114
-126845
-33017
-126871
-32919
-126896
-32822
-126921
-32725
-126946
-32627
-126971
-32530
-126996
-32433
-127021
-32335
-127046
-32238
-127070
-32140
-127095
-32043
-127119
-31945
-127144
-31848
-127168
-31750
-127193
-31653
-127217
-31555
-127241
-31458
-127265
-31360
-127289
-31262
-127313
-31165
-127337
-31067
-127361
-30969
-127384
-30872
-127408
-30774
-127432
-30676
-127455
-30578
-127478
-30481
-127502
-30383
-127525
-30285
-127548
-30187
-127571
-30090
-127594
-29992
-127617
-29894
-127640
-29796
-127663
-29698
-127686
-29600
-127708
-29502
-127731
-29404
-127754
-29306
-127776
-29208
-127798
-29110
-127821
-29012
-127843
-28914
-127865
-28816
-127887
-28718
-127909
-28620
-127931
-28522
-127953
-28424
-127975
-28326
-127996
-28227
-128018
-28129
-128040
-28031
-128061
-27933
-128082
-27834
-128104
-27736
-128125
-27638
-128146
-27540
-128167
-27441
-128188
-27343
-128209
-27245
-128230
-27146
-128251
-27048
-128272
-26950
-128292
-26851
-128313
-26753
-128333
-26654
-128354
-26556
-128374
-26458
-128394
-26359
-128414
-26261
-128434
-26162
-128454
-26064
-128474
-25965
-128494
-25866
-128514
-25768
-128534
-25669
-128553
-25571
-128573
-25472
-128592
-25374
-128612
-25275
-128631
-25176
-128650
-25078
-128670
-24979
-128689
-24880
-128708
-24782
-128727
-24683
-128746
-24584
-128765
-24485
-128783
-24386
-128802
-24288
-128821
-24189
-128839
-24090
-128858
-23991
-128876
-23892
-128894
-23794
-128912
-23695
-128930
-23596
-128949
-23497
-128967
-23398
-128984
-23299
-129002
-23200
-129020
-23101
-129038
-23002
-129055
-22903
-129073
-22804
-129090
-22705
-129108
-22606
-129125
-22507
-129142
-22408
-129159
-22309
-129176
-22210
-129194
-22111
-129210
-22012
-129227
-21913
-129244
-21814
-129261
-21715
-129277
-21615
-129294
-21516
-129310
-21417
-129327
-21318
-129343
-21219
-129359
-21120
-129375
-21020
-129392
-20921
-129408
-20822
-129424
-20722
-129439
-20623
-129455
-20524
-129471
-20425
-129486
-20325
-129502
-20226
-129517
-20127
-129533
-20027
-129548
-19928
-129563
-19829
-129579
-19729
-129594
-19630
-129609
-19530
-129624
-19431
-129638
-19332
-129653
-19232
-129668
-19133
-129683
-19033
-129697
-18934
-129712
-18834
-129726
-18735
-129740
-18635
-129755
-18536
-129769
-18436
-129783
-18337
-129797
-18237
-129811
-18138
-129825
-18038
-129839
-17938
-129852
-17839
-129866
-17739
-129880
-17640
-129893
-17540
-129906
-17440
-129920
-17341
-129933
-17241
-129946
-17142
-129959
-17042
-129972
-16942
-129985
-16842
-129998
-16743
-130011
-16643
-130024
-16543
-130036
-16444
-130049
-16344
-130062
-16244
-130074
-16144
-130086
-16044
-130098
-15945
-130111
-15845
-130123
-15745
-130135
-15645
-130147
-15546
-130159
-15446
-130170
-15346
-130182
-15246
-130194
-15146
-130206
-15046
-130217
-14946
-130228
-14847
-130240
-14747
-130251
-14647
-130262
-14547
-130273
-14447
-130284
-14347
-130295
-14247
-130306
-14147
-130317
-14047
-130328
-13947
-130338
-13847
-130349
-13747
-130360
-13647
-130370
-13547
-130380
-13447
-130390
-13347
-130401
-13247
-130411
-13147
-130421
-13047
-130431
-12947
-130441
-12847
-130451
-12747
-130460
-12647
-130470
-12547
-130480
-12447
-130489
-12347
-130498
-12247
-130508
-12147
-130517
-12047
-130526
-11946
-130536
-11846
-130544
-11746
-130554
-11646
-130562
-11546
-130571
-11446
-130580
-11346
-130589
-11246
-130597
-11145
-130606
-11045
-130614
-10945
-130622
-10845
-130631
-10745
-130639
-10644
-130647
-10544
-130655
-10444
-130663
-10344
-130671
-10244
-130679
-10143
-130687
-10043
-130694
-9943
-130702
-9843
-130709
-9742
-130717
-9642
-130724
-9542
-130731
-9442
-130739
-9341
-130746
-9241
-130753
-9141
-130760
-9040
-130767
-8940
-130774
-8840
-130780
-8740
-130787
-8639
-130794
-8539
-130800
-8439
-130806
-8338
-130813
-8238
-130819
-8138
-130825
-8037
-130831
-7937
-130838
-7837
-130843
-7736
-130849
-7636
-130855
-7536
-130861
-7435
-130866
-7335
-130872
-7234
-130878
-7134
-130883
-7034
-130888
-6933
-130894
-6833
-130899
-6732
-130904
-6632
-130909
-6532
-130914
-6431
-130919
-6331
-130924
-6230
-130928
-6130
-130933
-6030
-130938
-5929
-130942
-5829
-130947
-5728
-130951
-5628
-130955
-5528
-130960
-5427
-130964
-5327
-130968
-5226
-130972
-5126
-130976
-5025
-130979
-4925
-130983
-4824
-130987
-4724
-130990
-4623
-130994
-4523
-130997
-4422
-131001
-4322
-131004
-4222
-131007
-4121
-131010
-4020
-131013
-3920
-131016
-3820
-131019
-3719
-131022
-3619
-131025
-3518
-131027
-3418
-131030
-3317
-131032
-3217
-131035
-3116
-131037
-3016
-131040
-2915
-131042
-2815
-131044
-2714
-131046
-2614
-131048
-2513
-131050
-2412
-131052
-2312
-131053
-2212
-131055
-2111
-131056
-2010
-131058
-1910
-131060
-1809
-131061
-1709
-131062
-1608
-131063
-1508
-131064
-1407
-131065
-1307
-131066
-1206
-131067
-1106
-131068
-1005
-131069
-905
-131070
-804
-131070
-704
-131070
-603
-131071
-503
-131071
-402
-131072
-302
-131072
-201
-131072
-100
