2047
0
2047
-3
2047
-6
2047
-9
2047
-12
2047
-16
2047
-19
2047
-22
2047
-25
2047
-28
2047
-31
2047
-34
2047
-38
2047
-41
2047
-44
2047
-47
2047
-50
2047
-53
2047
-56
2047
-60
2047
-63
2047
-66
2047
-69
2047
-72
2046
-75
2046
-78
2046
-82
2046
-85
2046
-88
2046
-91
2046
-94
2046
-97
2046
-100
2045
-104
2045
-107
2045
-110
2045
-113
2045
-116
2044
-119
2044
-122
2044
-126
2044
-129
2044
-132
2044
-135
2043
-138
2043
-141
2043
-144
2043
-148
2042
-151
2042
-154
2042
-157
2042
-160
2041
-163
2041
-166
2041
-169
2041
-172
2040
-176
2040
-179
2040
-182
2040
-185
2039
-188
2039
-191
2039
-194
2038
-198
2038
-201
2038
-204
2038
-207
2037
-210
2037
-213
2036
-216
2036
-219
2036
-222
2036
-226
2035
-229
2035
-232
2034
-235
2034
-238
2034
-241
2033
-244
2033
-248
2032
-251
2032
-254
2032
-257
2031
-260
2031
-263
2030
-266
2030
-269
2030
-272
2029
-276
2029
-279
2028
-282
2028
-285
2028
-288
2027
-291
2027
-294
2026
-297
2026
-300
2025
-304
2025
-307
2024
-310
2024
-313
2023
-316
2023
-319
2022
-322
2022
-325
2021
-328
2021
-332
2020
-335
2020
-338
2019
-341
2019
-344
2018
-347
2018
-350
2017
-353
2017
-356
2016
-359
2016
-362
2015
-366
2014
-369
2014
-372
2013
-375
2013
-378
2012
-381
2012
-384
2011
-387
2010
-390
2010
-393
2009
-396
2009
-400
2008
-403
2007
-406
2007
-409
2006
-412
2006
-415
2005
-418
2004
-421
2004
-424
2003
-427
2002
-430
2002
-433
2001
-436
2000
-440
2000
-442
1999
-446
1998
-449
1998
-452
1997
-455
1996
-458
1995
-461
1995
-464
1994
-467
1993
-470
1992
-473
1992
-476
1991
-479
1990
-482
1990
-485
1989
-488
1988
-492
1987
-494
1986
-498
1986
-501
1985
-504
1984
-507
1984
-510
1983
-513
1982
-516
1981
-519
1980
-522
1980
-525
1979
-528
1978
-531
1977
-534
1976
-537
1975
-540
1975
-543
1974
-546
1973
-549
1972
-552
1971
-555
1970
-558
1970
-561
1969
-564
1968
-567
1967
-570
1966
-573
1965
-576
1964
-579
1963
-582
1962
-585
1962
-588
1961
-591
1960
-594
1959
-598
1958
-600
1957
-604
1956
-606
1955
-610
1954
-612
1953
-616
1952
-618
1951
-622
1950
-624
1950
-627
1948
-630
1948
-633
1946
-636
1946
-639
1945
-642
1944
-645
1943
-648
1942
-651
1941
-654
1940
-657
1939
-660
1938
-663
1936
-666
1936
-669
1934
-672
1934
-675
1932
-678
1931
-681
1930
-684
1929
-687
1928
-690
1927
-693
1926
-696
1925
-699
1924
-702
1923
-705
1922
-708
1921
-710
1920
-714
1918
-716
1917
-719
1916
-722
1915
-725
1914
-728
1913
-731
1912
-734
1911
-737
1910
-740
1908
-743
1907
-746
1906
-749
1905
-752
1904
-754
1903
-758
1902
-760
1900
-763
1899
-766
1898
-769
1897
-772
1896
-775
1894
-778
1893
-781
1892
-784
1891
-787
1890
-790
1888
-792
1887
-795
1886
-798
1885
-801
1884
-804
1882
-807
1881
-810
1880
-813
1878
-816
1877
-818
1876
-821
1875
-824
1874
-827
1872
-830
1871
-833
1870
-836
1868
-838
1867
-841
1866
-844
1864
-847
1863
-850
1862
-853
1861
-856
1859
-858
1858
-861
1857
-864
1855
-867
1854
-870
1853
-873
1851
-876
1850
-878
1849
-881
1847
-884
1846
-887
1844
-890
1843
-893
1842
-895
1840
-898
1839
-901
1838
-904
1836
-907
1835
-910
1834
-912
1832
-915
1831
-918
1829
-921
1828
-924
1826
-926
1825
-929
1824
-932
1822
-935
1821
-938
1819
-940
1818
-943
1816
-946
1815
-949
1814
-952
1812
-954
1810
-957
1809
-960
1808
-963
1806
-965
1805
-968
1803
-971
1802
-974
1800
-976
1799
-979
1797
-982
1796
-985
1794
-988
1793
-990
1791
-993
1790
-996
1788
-998
1786
-1001
1785
-1004
1783
-1007
1782
-1009
1780
-1012
1779
-1015
1777
-1018
1776
-1020
1774
-1023
1772
-1026
1771
-1028
1769
-1031
1768
-1034
1766
-1037
1765
-1039
1763
-1042
1761
-1045
1760
-1047
1758
-1050
1757
-1053
1755
-1056
1753
-1058
1752
-1061
1750
-1064
1748
-1066
1747
-1069
1745
-1072
1744
-1074
1742
-1077
1740
-1080
1738
-1082
1737
-1085
1735
-1088
1734
-1090
1732
-1093
1730
-1096
1728
-1098
1727
-1101
1725
-1104
1724
-1106
1722
-1109
1720
-1112
1718
-1114
1717
-1117
1715
-1119
1713
-1122
1712
-1125
1710
-1127
1708
-1130
1706
-1132
1704
-1135
1703
-1138
1701
-1140
1699
-1143
1698
-1146
1696
-1148
1694
-1151
1692
-1153
1690
-1156
1689
-1158
1687
-1161
1685
-1164
1683
-1166
1682
-1169
1680
-1172
1678
-1174
1676
-1177
1674
-1179
1672
-1182
1671
-1184
1669
-1187
1667
-1190
1665
-1192
1663
-1194
1662
-1197
1660
-1200
1658
-1202
1656
-1205
1654
-1207
1652
-1210
1650
-1212
1649
-1215
1647
-1217
1645
-1220
1643
-1222
1641
-1225
1639
-1228
1637
-1230
1636
-1232
1634
-1235
1632
-1238
1630
-1240
1628
-1242
1626
-1245
1624
-1248
1622
-1250
1620
-1252
1618
-1255
1616
-1258
1614
-1260
1612
-1262
1611
-1265
1609
-1267
1607
-1270
1605
-1272
1603
-1275
1601
-1277
1599
-1280
1597
-1282
1595
-1284
1593
-1287
1591
-1289
1589
-1292
1587
-1294
1585
-1297
1583
-1299
1581
-1302
1579
-1304
1577
-1306
1575
-1309
1573
-1311
1571
-1314
1569
-1316
1567
-1318
1565
-1321
1563
-1323
1561
-1326
1559
-1328
1557
-1330
1555
-1333
1553
-1335
1551
-1338
1549
-1340
1547
-1342
1544
-1345
1542
-1347
1540
-1350
1538
-1352
1536
-1354
1534
-1357
1532
-1359
1530
-1361
1528
-1364
1526
-1366
1524
-1368
1522
-1371
1520
-1373
1517
-1375
1515
-1378
1513
-1380
1511
-1382
1509
-1385
1507
-1387
1505
-1389
1502
-1392
1500
-1394
1498
-1396
1496
-1398
1494
-1401
1492
-1403
1490
-1405
1488
-1408
1485
-1410
1483
-1412
1481
-1414
1479
-1417
1477
-1419
1474
-1421
1472
-1424
1470
-1426
1468
-1428
1466
-1430
1464
-1432
1461
-1435
1459
-1437
1457
-1439
1455
-1441
1452
-1444
1450
-1446
1448
-1448
1446
-1450
1444
-1452
1441
-1455
1439
-1457
1437
-1459
1435
-1461
1432
-1464
1430
-1466
1428
-1468
1426
-1470
1424
-1472
1421
-1474
1419
-1477
1417
-1479
1414
-1481
1412
-1483
1410
-1485
1408
-1488
1405
-1490
1403
-1492
1401
-1494
1398
-1496
1396
-1498
1394
-1500
1392
-1502
1389
-1505
1387
-1507
1385
-1509
1382
-1511
1380
-1513
1378
-1515
1375
-1517
1373
-1520
1371
-1522
1368
-1524
1366
-1526
1364
-1528
1361
-1530
1359
-1532
1357
-1534
1354
-1536
1352
-1538
1350
-1540
1347
-1542
1345
-1544
1342
-1547
1340
-1549
1338
-1551
1335
-1553
1333
-1555
1330
-1557
1328
-1559
1326
-1561
1323
-1563
1321
-1565
1318
-1567
1316
-1569
1314
-1571
1311
-1573
1309
-1575
1306
-1577
1304
-1579
1302
-1581
1299
-1583
1297
-1585
1294
-1587
1292
-1589
1289
-1591
1287
-1593
1284
-1595
1282
-1597
1280
-1599
1277
-1601
1275
-1603
1272
-1605
1270
-1607
1267
-1609
1265
-1611
1262
-1612
1260
-1614
1258
-1616
1255
-1618
1252
-1620
1250
-1622
1248
-1624
1245
-1626
1242
-1628
1240
-1630
1238
-1632
1235
-1634
1232
-1636
1230
-1637
1228
-1639
1225
-1641
1222
-1643
1220
-1645
1217
-1647
1215
-1649
1212
-1650
1210
-1652
1207
-1654
1205
-1656
1202
-1658
1200
-1660
1197
-1662
1194
-1663
1192
-1665
1190
-1667
1187
-1669
1184
-1671
1182
-1672
1179
-1674
1177
-1676
1174
-1678
1172
-1680
1169
-1682
1166
-1683
1164
-1685
1161
-1687
1158
-1689
1156
-1690
1153
-1692
1151
-1694
1148
-1696
1146
-1698
1143
-1699
1140
-1701
1138
-1703
1135
-1704
1132
-1706
1130
-1708
1127
-1710
1125
-1712
1122
-1713
1119
-1715
1117
-1717
1114
-1718
1112
-1720
1109
-1722
1106
-1724
1104
-1725
1101
-1727
1098
-1728
1096
-1730
1093
-1732
1090
-1734
1088
-1735
1085
-1737
1082
-1738
1080
-1740
1077
-1742
1074
-1744
1072
-1745
1069
-1747
1066
-1748
1064
-1750
1061
-1752
1058
-1753
1056
-1755
1053
-1757
1050
-1758
1047
-1760
1045
-1761
1042
-1763
1039
-1765
1037
-1766
1034
-1768
1031
-1769
1028
-1771
1026
-1772
1023
-1774
1020
-1776
1018
-1777
1015
-1779
1012
-1780
1009
-1782
1007
-1783
1004
-1785
1001
-1786
998
-1788
996
-1790
993
-1791
990
-1793
988
-1794
985
-1796
982
-1797
979
-1799
976
-1800
974
-1802
971
-1803
968
-1805
965
-1806
963
-1808
960
-1809
957
-1810
954
-1812
952
-1814
949
-1815
946
-1816
943
-1818
940
-1819
938
-1821
935
-1822
932
-1824
929
-1825
926
-1826
924
-1828
921
-1829
918
-1831
915
-1832
912
-1834
910
-1835
907
-1836
904
-1838
901
-1839
898
-1840
895
-1842
893
-1843
890
-1844
887
-1846
884
-1847
881
-1849
878
-1850
876
-1851
873
-1853
870
-1854
867
-1855
864
-1857
861
-1858
858
-1859
856
-1861
853
-1862
850
-1863
847
-1864
844
-1866
841
-1867
838
-1868
836
-1870
833
-1871
830
-1872
827
-1874
824
-1875
821
-1876
818
-1877
816
-1878
813
-1880
810
-1881
807
-1882
804
-1884
801
-1885
798
-1886
795
-1887
792
-1888
790
-1890
787
-1891
784
-1892
781
-1893
778
-1894
775
-1896
772
-1897
769
-1898
766
-1899
763
-1900
760
-1902
758
-1903
754
-1904
752
-1905
749
-1906
746
-1907
743
-1908
740
-1910
737
-1911
734
-1912
731
-1913
728
-1914
725
-1915
722
-1916
719
-1917
716
-1918
714
-1920
710
-1921
708
-1922
705
-1923
702
-1924
699
-1925
696
-1926
693
-1927
690
-1928
687
-1929
684
-1930
681
-1931
678
-1932
675
-1934
672
-1934
669
-1936
666
-1936
663
-1938
660
-1939
657
-1940
654
-1941
651
-1942
648
-1943
645
-1944
642
-1945
639
-1946
636
-1946
633
-1948
630
-1948
627
-1950
624
-1950
622
-1951
618
-1952
616
-1953
612
-1954
610
-1955
606
-1956
604
-1957
600
-1958
598
-1959
594
-1960
591
-1961
588
-1962
585
-1962
582
-1963
579
-1964
576
-1965
573
-1966
570
-1967
567
-1968
564
-1969
561
-1970
558
-1970
555
-1971
552
-1972
549
-1973
546
-1974
543
-1975
540
-1975
537
-1976
534
-1977
531
-1978
528
-1979
525
-1980
522
-1980
519
-1981
516
-1982
513
-1983
510
-1984
507
-1984
504
-1985
501
-1986
498
-1986
494
-1987
492
-1988
488
-1989
485
-1990
482
-1990
479
-1991
476
-1992
473
-1992
470
-1993
467
-1994
464
-1995
461
-1995
458
-1996
455
-1997
452
-1998
449
-1998
446
-1999
442
-2000
440
-2000
436
-2001
433
-2002
430
-2002
427
-2003
424
-2004
421
-2004
418
-2005
415
-2006
412
-2006
409
-2007
406
-2007
403
-2008
400
-2009
396
-2009
393
-2010
390
-2010
387
-2011
384
-2012
381
-2012
378
-2013
375
-2013
372
-2014
369
-2014
366
-2015
362
-2016
359
-2016
356
-2017
353
-2017
350
-2018
347
-2018
344
-2019
341
-2019
338
-2020
335
-2020
332
-2021
328
-2021
325
-2022
322
-2022
319
-2023
316
-2023
313
-2024
310
-2024
307
-2025
304
-2025
300
-2026
297
-2026
294
-2027
291
-2027
288
-2028
285
-2028
282
-2028
279
-2029
276
-2029
272
-2030
269
-2030
266
-2030
263
-2031
260
-2031
257
-2032
254
-2032
251
-2032
248
-2033
244
-2033
241
-2034
238
-2034
235
-2034
232
-2035
229
-2035
226
-2036
222
-2036
219
-2036
216
-2036
213
-2037
210
-2037
207
-2038
204
-2038
201
-2038
198
-2038
194
-2039
191
-2039
188
-2039
185
-2040
182
-2040
179
-2040
176
-2040
172
-2041
169
-2041
166
-2041
163
-2041
160
-2042
157
-2042
154
-2042
151
-2042
148
-2043
144
-2043
141
-2043
138
-2043
135
-2044
132
-2044
129
-2044
126
-2044
122
-2044
119
-2044
116
-2045
113
-2045
110
-2045
107
-2045
104
-2045
100
-2046
97
-2046
94
-2046
91
-2046
88
-2046
85
-2046
82
-2046
78
-2046
75
-2046
72
-2047
69
-2047
66
-2047
63
-2047
60
-2047
56
-2047
53
-2047
50
-2047
47
-2047
44
-2048
41
-2048
38
-2048
34
-2048
31
-2048
28
-2048
25
-2048
22
-2048
19
-2048
16
-2048
12
-2048
9
-2048
6
-2048
3
-2048
0
-2048
-3
-2048
-6
-2048
-9
-2048
-12
-2048
-16
-2048
-19
-2048
-22
-2048
-25
-2048
-28
-2048
-31
-2048
-34
-2048
-38
-2048
-41
-2048
-44
-2048
-47
-2047
-50
-2047
-53
-2047
-56
-2047
-60
-2047
-63
-2047
-66
-2047
-69
-2047
-72
-2047
-75
-2046
-78
-2046
-82
-2046
-85
-2046
-88
-2046
-91
-2046
-94
-2046
-97
-2046
-100
-2046
-104
-2045
-107
-2045
-110
-2045
-113
-2045
-116
-2045
-119
-2044
-122
-2044
-126
-2044
-129
-2044
-132
-2044
-135
-2044
-138
-2043
-141
-2043
-144
-2043
-148
-2043
-151
-2042
-154
-2042
-157
-2042
-160
-2042
-163
-2041
-166
-2041
-169
-2041
-172
-2041
-176
-2040
-179
-2040
-182
-2040
-185
-2040
-188
-2039
-191
-2039
-194
-2039
-198
-2038
-201
-2038
-204
-2038
-207
-2038
-210
-2037
-213
-2037
-216
-2036
-219
-2036
-222
-2036
-226
-2036
-229
-2035
-232
-2035
-235
-2034
-238
-2034
-241
-2034
-244
-2033
-248
-2033
-251
-2032
-254
-2032
-257
-2032
-260
-2031
-263
-2031
-266
-2030
-269
-2030
-272
-2030
-276
-2029
-279
-2029
-282
-2028
-285
-2028
-288
-2028
-291
-2027
-294
-2027
-297
-2026
-300
-2026
-304
-2025
-307
-2025
-310
-2024
-313
-2024
-316
-2023
-319
-2023
-322
-2022
-325
-2022
-328
-2021
-332
-2021
-335
-2020
-338
-2020
-341
-2019
-344
-2019
-347
-2018
-350
-2018
-353
-2017
-356
-2017
-359
-2016
-362
-2016
-366
-2015
-369
-2014
-372
-2014
-375
-2013
-378
-2013
-381
-2012
-384
-2012
-387
-2011
-390
-2010
-393
-2010
-396
-2009
-400
-2009
-403
-2008
-406
-2007
-409
-2007
-412
-2006
-415
-2006
-418
-2005
-421
-2004
-424
-2004
-427
-2003
-430
-2002
-433
-2002
-436
-2001
-440
-2000
-442
-2000
-446
-1999
-449
-1998
-452
-1998
-455
-1997
-458
-1996
-461
-1995
-464
-1995
-467
-1994
-470
-1993
-473
-1992
-476
-1992
-479
-1991
-482
-1990
-485
-1990
-488
-1989
-492
-1988
-494
-1987
-498
-1986
-501
-1986
-504
-1985
-507
-1984
-510
-1984
-513
-1983
-516
-1982
-519
-1981
-522
-1980
-525
-1980
-528
-1979
-531
-1978
-534
-1977
-537
-1976
-540
-1975
-543
-1975
-546
-1974
-549
-1973
-552
-1972
-555
-1971
-558
-1970
-561
-1970
-564
-1969
-567
-1968
-570
-1967
-573
-1966
-576
-1965
-579
-1964
-582
-1963
-585
-1962
-588
-1962
-591
-1961
-594
-1960
-598
-1959
-600
-1958
-604
-1957
-606
-1956
-610
-1955
-612
-1954
-616
-1953
-618
-1952
-622
-1951
-624
-1950
-627
-1950
-630
-1948
-633
-1948
-636
-1946
-639
-1946
-642
-1945
-645
-1944
-648
-1943
-651
-1942
-654
-1941
-657
-1940
-660
-1939
-663
-1938
-666
-1936
-669
-1936
-672
-1934
-675
-1934
-678
-1932
-681
-1931
-684
-1930
-687
-1929
-690
-1928
-693
-1927
-696
-1926
-699
-1925
-702
-1924
-705
-1923
-708
-1922
-710
-1921
-714
-1920
-716
-1918
-719
-1917
-722
-1916
-725
-1915
-728
-1914
-731
-1913
-734
-1912
-737
-1911
-740
-1910
-743
-1908
-746
-1907
-749
-1906
-752
-1905
-754
-1904
-758
-1903
-760
-1902
-763
-1900
-766
-1899
-769
-1898
-772
-1897
-775
-1896
-778
-1894
-781
-1893
-784
-1892
-787
-1891
-790
-1890
-792
-1888
-795
-1887
-798
-1886
-801
-1885
-804
-1884
-807
-1882
-810
-1881
-813
-1880
-816
-1878
-818
-1877
-821
-1876
-824
-1875
-827
-1874
-830
-1872
-833
-1871
-836
-1870
-838
-1868
-841
-1867
-844
-1866
-847
-1864
-850
-1863
-853
-1862
-856
-1861
-858
-1859
-861
-1858
-864
-1857
-867
-1855
-870
-1854
-873
-1853
-876
-1851
-878
-1850
-881
-1849
-884
-1847
-887
-1846
-890
-1844
-893
-1843
-895
-1842
-898
-1840
-901
-1839
-904
-1838
-907
-1836
-910
-1835
-912
-1834
-915
-1832
-918
-1831
-921
-1829
-924
-1828
-926
-1826
-929
-1825
-932
-1824
-935
-1822
-938
-1821
-940
-1819
-943
-1818
-946
-1816
-949
-1815
-952
-1814
-954
-1812
-957
-1810
-960
-1809
-963
-1808
-965
-1806
-968
-1805
-971
-1803
-974
-1802
-976
-1800
-979
-1799
-982
-1797
-985
-1796
-988
-1794
-990
-1793
-993
-1791
-996
-1790
-998
-1788
-1001
-1786
-1004
-1785
-1007
-1783
-1009
-1782
-1012
-1780
-1015
-1779
-1018
-1777
-1020
-1776
-1023
-1774
-1026
-1772
-1028
-1771
-1031
-1769
-1034
-1768
-1037
-1766
-1039
-1765
-1042
-1763
-1045
-1761
-1047
-1760
-1050
-1758
-1053
-1757
-1056
-1755
-1058
-1753
-1061
-1752
-1064
-1750
-1066
-1748
-1069
-1747
-1072
-1745
-1074
-1744
-1077
-1742
-1080
-1740
-1082
-1738
-1085
-1737
-1088
-1735
-1090
-1734
-1093
-1732
-1096
-1730
-1098
-1728
-1101
-1727
-1104
-1725
-1106
-1724
-1109
-1722
-1112
-1720
-1114
-1718
-1117
-1717
-1119
-1715
-1122
-1713
-1125
-1712
-1127
-1710
-1130
-1708
-1132
-1706
-1135
-1704
-1138
-1703
-1140
-1701
-1143
-1699
-1146
-1698
-1148
-1696
-1151
-1694
-1153
-1692
-1156
-1690
-1158
-1689
-1161
-1687
-1164
-1685
-1166
-1683
-1169
-1682
-1172
-1680
-1174
-1678
-1177
-1676
-1179
-1674
-1182
-1672
-1184
-1671
-1187
-1669
-1190
-1667
-1192
-1665
-1194
-1663
-1197
-1662
-1200
-1660
-1202
-1658
-1205
-1656
-1207
-1654
-1210
-1652
-1212
-1650
-1215
-1649
-1217
-1647
-1220
-1645
-1222
-1643
-1225
-1641
-1228
-1639
-1230
-1637
-1232
-1636
-1235
-1634
-1238
-1632
-1240
-1630
-1242
-1628
-1245
-1626
-1248
-1624
-1250
-1622
-1252
-1620
-1255
-1618
-1258
-1616
-1260
-1614
-1262
-1612
-1265
-1611
-1267
-1609
-1270
-1607
-1272
-1605
-1275
-1603
-1277
-1601
-1280
-1599
-1282
-1597
-1284
-1595
-1287
-1593
-1289
-1591
-1292
-1589
-1294
-1587
-1297
-1585
-1299
-1583
-1302
-1581
-1304
-1579
-1306
-1577
-1309
-1575
-1311
-1573
-1314
-1571
-1316
-1569
-1318
-1567
-1321
-1565
-1323
-1563
-1326
-1561
-1328
-1559
-1330
-1557
-1333
-1555
-1335
-1553
-1338
-1551
-1340
-1549
-1342
-1547
-1345
-1544
-1347
-1542
-1350
-1540
-1352
-1538
-1354
-1536
-1357
-1534
-1359
-1532
-1361
-1530
-1364
-1528
-1366
-1526
-1368
-1524
-1371
-1522
-1373
-1520
-1375
-1517
-1378
-1515
-1380
-1513
-1382
-1511
-1385
-1509
-1387
-1507
-1389
-1505
-1392
-1502
-1394
-1500
-1396
-1498
-1398
-1496
-1401
-1494
-1403
-1492
-1405
-1490
-1408
-1488
-1410
-1485
-1412
-1483
-1414
-1481
-1417
-1479
-1419
-1477
-1421
-1474
-1424
-1472
-1426
-1470
-1428
-1468
-1430
-1466
-1432
-1464
-1435
-1461
-1437
-1459
-1439
-1457
-1441
-1455
-1444
-1452
-1446
-1450
-1448
-1448
-1450
-1446
-1452
-1444
-1455
-1441
-1457
-1439
-1459
-1437
-1461
-1435
-1464
-1432
-1466
-1430
-1468
-1428
-1470
-1426
-1472
-1424
-1474
-1421
-1477
-1419
-1479
-1417
-1481
-1414
-1483
-1412
-1485
-1410
-1488
-1408
-1490
-1405
-1492
-1403
-1494
-1401
-1496
-1398
-1498
-1396
-1500
-1394
-1502
-1392
-1505
-1389
-1507
-1387
-1509
-1385
-1511
-1382
-1513
-1380
-1515
-1378
-1517
-1375
-1520
-1373
-1522
-1371
-1524
-1368
-1526
-1366
-1528
-1364
-1530
-1361
-1532
-1359
-1534
-1357
-1536
-1354
-1538
-1352
-1540
-1350
-1542
-1347
-1544
-1345
-1547
-1342
-1549
-1340
-1551
-1338
-1553
-1335
-1555
-1333
-1557
-1330
-1559
-1328
-1561
-1326
-1563
-1323
-1565
-1321
-1567
-1318
-1569
-1316
-1571
-1314
-1573
-1311
-1575
-1309
-1577
-1306
-1579
-1304
-1581
-1302
-1583
-1299
-1585
-1297
-1587
-1294
-1589
-1292
-1591
-1289
-1593
-1287
-1595
-1284
-1597
-1282
-1599
-1280
-1601
-1277
-1603
-1275
-1605
-1272
-1607
-1270
-1609
-1267
-1611
-1265
-1612
-1262
-1614
-1260
-1616
-1258
-1618
-1255
-1620
-1252
-1622
-1250
-1624
-1248
-1626
-1245
-1628
-1242
-1630
-1240
-1632
-1238
-1634
-1235
-1636
-1232
-1637
-1230
-1639
-1228
-1641
-1225
-1643
-1222
-1645
-1220
-1647
-1217
-1649
-1215
-1650
-1212
-1652
-1210
-1654
-1207
-1656
-1205
-1658
-1202
-1660
-1200
-1662
-1197
-1663
-1194
-1665
-1192
-1667
-1190
-1669
-1187
-1671
-1184
-1672
-1182
-1674
-1179
-1676
-1177
-1678
-1174
-1680
-1172
-1682
-1169
-1683
-1166
-1685
-1164
-1687
-1161
-1689
-1158
-1690
-1156
-1692
-1153
-1694
-1151
-1696
-1148
-1698
-1146
-1699
-1143
-1701
-1140
-1703
-1138
-1704
-1135
-1706
-1132
-1708
-1130
-1710
-1127
-1712
-1125
-1713
-1122
-1715
-1119
-1717
-1117
-1718
-1114
-1720
-1112
-1722
-1109
-1724
-1106
-1725
-1104
-1727
-1101
-1728
-1098
-1730
-1096
-1732
-1093
-1734
-1090
-1735
-1088
-1737
-1085
-1738
-1082
-1740
-1080
-1742
-1077
-1744
-1074
-1745
-1072
-1747
-1069
-1748
-1066
-1750
-1064
-1752
-1061
-1753
-1058
-1755
-1056
-1757
-1053
-1758
-1050
-1760
-1047
-1761
-1045
-1763
-1042
-1765
-1039
-1766
-1037
-1768
-1034
-1769
-1031
-1771
-1028
-1772
-1026
-1774
-1023
-1776
-1020
-1777
-1018
-1779
-1015
-1780
-1012
-1782
-1009
-1783
-1007
-1785
-1004
-1786
-1001
-1788
-998
-1790
-996
-1791
-993
-1793
-990
-1794
-988
-1796
-985
-1797
-982
-1799
-979
-1800
-976
-1802
-974
-1803
-971
-1805
-968
-1806
-965
-1808
-963
-1809
-960
-1810
-957
-1812
-954
-1814
-952
-1815
-949
-1816
-946
-1818
-943
-1819
-940
-1821
-938
-1822
-935
-1824
-932
-1825
-929
-1826
-926
-1828
-924
-1829
-921
-1831
-918
-1832
-915
-1834
-912
-1835
-910
-1836
-907
-1838
-904
-1839
-901
-1840
-898
-1842
-895
-1843
-893
-1844
-890
-1846
-887
-1847
-884
-1849
-881
-1850
-878
-1851
-876
-1853
-873
-1854
-870
-1855
-867
-1857
-864
-1858
-861
-1859
-858
-1861
-856
-1862
-853
-1863
-850
-1864
-847
-1866
-844
-1867
-841
-1868
-838
-1870
-836
-1871
-833
-1872
-830
-1874
-827
-1875
-824
-1876
-821
-1877
-818
-1878
-816
-1880
-813
-1881
-810
-1882
-807
-1884
-804
-1885
-801
-1886
-798
-1887
-795
-1888
-792
-1890
-790
-1891
-787
-1892
-784
-1893
-781
-1894
-778
-1896
-775
-1897
-772
-1898
-769
-1899
-766
-1900
-763
-1902
-760
-1903
-758
-1904
-754
-1905
-752
-1906
-749
-1907
-746
-1908
-743
-1910
-740
-1911
-737
-1912
-734
-1913
-731
-1914
-728
-1915
-725
-1916
-722
-1917
-719
-1918
-716
-1920
-714
-1921
-710
-1922
-708
-1923
-705
-1924
-702
-1925
-699
-1926
-696
-1927
-693
-1928
-690
-1929
-687
-1930
-684
-1931
-681
-1932
-678
-1934
-675
-1934
-672
-1936
-669
-1936
-666
-1938
-663
-1939
-660
-1940
-657
-1941
-654
-1942
-651
-1943
-648
-1944
-645
-1945
-642
-1946
-639
-1946
-636
-1948
-633
-1948
-630
-1950
-627
-1950
-624
-1951
-622
-1952
-618
-1953
-616
-1954
-612
-1955
-610
-1956
-606
-1957
-604
-1958
-600
-1959
-598
-1960
-594
-1961
-591
-1962
-588
-1962
-585
-1963
-582
-1964
-579
-1965
-576
-1966
-573
-1967
-570
-1968
-567
-1969
-564
-1970
-561
-1970
-558
-1971
-555
-1972
-552
-1973
-549
-1974
-546
-1975
-543
-1975
-540
-1976
-537
-1977
-534
-1978
-531
-1979
-528
-1980
-525
-1980
-522
-1981
-519
-1982
-516
-1983
-513
-1984
-510
-1984
-507
-1985
-504
-1986
-501
-1986
-498
-1987
-494
-1988
-492
-1989
-488
-1990
-485
-1990
-482
-1991
-479
-1992
-476
-1992
-473
-1993
-470
-1994
-467
-1995
-464
-1995
-461
-1996
-458
-1997
-455
-1998
-452
-1998
-449
-1999
-446
-2000
-442
-2000
-440
-2001
-436
-2002
-433
-2002
-430
-2003
-427
-2004
-424
-2004
-421
-2005
-418
-2006
-415
-2006
-412
-2007
-409
-2007
-406
-2008
-403
-2009
-400
-2009
-396
-2010
-393
-2010
-390
-2011
-387
-2012
-384
-2012
-381
-2013
-378
-2013
-375
-2014
-372
-2014
-369
-2015
-366
-2016
-362
-2016
-359
-2017
-356
-2017
-353
-2018
-350
-2018
-347
-2019
-344
-2019
-341
-2020
-338
-2020
-335
-2021
-332
-2021
-328
-2022
-325
-2022
-322
-2023
-319
-2023
-316
-2024
-313
-2024
-310
-2025
-307
-2025
-304
-2026
-300
-2026
-297
-2027
-294
-2027
-291
-2028
-288
-2028
-285
-2028
-282
-2029
-279
-2029
-276
-2030
-272
-2030
-269
-2030
-266
-2031
-263
-2031
-260
-2032
-257
-2032
-254
-2032
-251
-2033
-248
-2033
-244
-2034
-241
-2034
-238
-2034
-235
-2035
-232
-2035
-229
-2036
-226
-2036
-222
-2036
-219
-2036
-216
-2037
-213
-2037
-210
-2038
-207
-2038
-204
-2038
-201
-2038
-198
-2039
-194
-2039
-191
-2039
-188
-2040
-185
-2040
-182
-2040
-179
-2040
-176
-2041
-172
-2041
-169
-2041
-166
-2041
-163
-2042
-160
-2042
-157
-2042
-154
-2042
-151
-2043
-148
-2043
-144
-2043
-141
-2043
-138
-2044
-135
-2044
-132
-2044
-129
-2044
-126
-2044
-122
-2044
-119
-2045
-116
-2045
-113
-2045
-110
-2045
-107
-2045
-104
-2046
-100
-2046
-97
-2046
-94
-2046
-91
-2046
-88
-2046
-85
-2046
-82
-2046
-78
-2046
-75
-2047
-72
-2047
-69
-2047
-66
-2047
-63
-2047
-60
-2047
-56
-2047
-53
-2047
-50
-2047
-47
-2048
-44
-2048
-41
-2048
-38
-2048
-34
-2048
-31
-2048
-28
-2048
-25
-2048
-22
-2048
-19
-2048
-16
-2048
-12
-2048
-9
-2048
-6
-2048
-3
