65535
0
65535
-201
65535
-402
65533
-603
65531
-804
65528
-1005
65525
-1206
65521
-1407
65516
-1608
65511
-1809
65505
-2010
65499
-2211
65492
-2412
65484
-2613
65476
-2814
65466
-3015
65457
-3216
65447
-3416
65436
-3617
65425
-3818
65413
-4019
65400
-4219
65387
-4420
65373
-4620
65358
-4821
65343
-5022
65328
-5222
65311
-5422
65294
-5623
65277
-5823
65258
-6023
65240
-6224
65220
-6424
65200
-6624
65180
-6824
65158
-7024
65137
-7224
65114
-7423
65091
-7623
65067
-7823
65043
-8022
65018
-8222
64993
-8421
64966
-8620
64940
-8820
64912
-9019
64884
-9218
64856
-9417
64827
-9616
64797
-9815
64766
-10014
64735
-10212
64704
-10411
64672
-10609
64639
-10808
64605
-11006
64571
-11204
64536
-11402
64501
-11600
64465
-11798
64429
-11996
64392
-12193
64354
-12391
64316
-12588
64277
-12785
64237
-12982
64197
-13180
64156
-13376
64115
-13573
64073
-13770
64030
-13966
63987
-14163
63944
-14359
63899
-14555
63854
-14751
63809
-14947
63762
-15142
63716
-15338
63668
-15534
63620
-15729
63572
-15924
63523
-16119
63473
-16314
63423
-16508
63372
-16703
63320
-16897
63268
-17091
63215
-17285
63162
-17479
63108
-17673
63054
-17866
62998
-18060
62943
-18253
62886
-18446
62830
-18639
62772
-18832
62714
-19024
62655
-19216
62596
-19408
62536
-19600
62476
-19792
62415
-19984
62353
-20175
62291
-20366
62228
-20557
62165
-20748
62101
-20939
62036
-21129
61971
-21320
61906
-21510
61839
-21699
61772
-21889
61705
-22078
61637
-22268
61568
-22456
61499
-22645
61429
-22834
61359
-23022
61288
-23210
61217
-23398
61144
-23586
61072
-23774
60999
-23961
60925
-24148
60850
-24335
60776
-24521
60700
-24708
60624
-24894
60547
-25080
60470
-25265
60392
-25450
60314
-25636
60235
-25821
60156
-26005
60075
-26190
59995
-26374
59914
-26558
59832
-26742
59750
-26925
59667
-27108
59583
-27291
59499
-27474
59415
-27656
59330
-27838
59244
-28020
59158
-28202
59071
-28383
58983
-28564
58896
-28745
58807
-28926
58718
-29106
58628
-29286
58538
-29466
58448
-29645
58356
-29824
58265
-30003
58172
-30182
58079
-30360
57986
-30538
57892
-30716
57798
-30893
57702
-31071
57607
-31248
57511
-31424
57414
-31600
57317
-31776
57219
-31952
57121
-32127
57022
-32302
56923
-32477
56823
-32652
56722
-32826
56621
-33000
56520
-33173
56418
-33347
56315
-33520
56212
-33692
56108
-33864
56004
-34036
55900
-34208
55794
-34380
55689
-34550
55582
-34721
55476
-34892
55368
-35062
55260
-35231
55152
-35401
55043
-35570
54934
-35738
54824
-35907
54714
-36075
54603
-36242
54491
-36410
54379
-36577
54267
-36744
54154
-36910
54040
-37076
53926
-37241
53812
-37407
53697
-37572
53581
-37736
53465
-37900
53349
-38064
53232
-38228
53114
-38391
52996
-38554
52878
-38716
52758
-38878
52639
-39040
52519
-39201
52398
-39362
52277
-39522
52156
-39683
52034
-39842
51911
-40002
51788
-40161
51665
-40320
51541
-40478
51417
-40636
51292
-40794
51166
-40951
51040
-41108
50914
-41264
50787
-41420
50660
-41576
50532
-41731
50404
-41886
50275
-42040
50146
-42194
50016
-42348
49886
-42501
49756
-42654
49624
-42806
49493
-42958
49361
-43110
49228
-43261
49095
-43412
48962
-43562
48828
-43712
48694
-43862
48559
-44011
48424
-44160
48288
-44308
48152
-44456
48015
-44604
47878
-44751
47741
-44898
47603
-45044
47464
-45190
47325
-45335
47186
-45480
47046
-45625
46906
-45769
46765
-45912
46624
-46056
46483
-46198
46341
-46341
46198
-46483
46056
-46624
45912
-46765
45769
-46906
45625
-47046
45480
-47186
45335
-47325
45190
-47464
45044
-47603
44898
-47741
44751
-47878
44604
-48015
44456
-48152
44308
-48288
44160
-48424
44011
-48559
43862
-48694
43712
-48828
43562
-48962
43412
-49095
43261
-49228
43110
-49361
42958
-49493
42806
-49624
42654
-49756
42501
-49886
42348
-50016
42194
-50146
42040
-50275
41886
-50404
41731
-50532
41576
-50660
41420
-50787
41264
-50914
41108
-51040
40951
-51166
40794
-51292
40636
-51417
40478
-51541
40320
-51665
40161
-51788
40002
-51911
39842
-52034
39683
-52156
39522
-52277
39362
-52398
39201
-52519
39040
-52639
38878
-52758
38716
-52878
38554
-52996
38391
-53114
38228
-53232
38064
-53349
37900
-53465
37736
-53581
37572
-53697
37407
-53812
37241
-53926
37076
-54040
36910
-54154
36744
-54267
36577
-54379
36410
-54491
36242
-54603
36075
-54714
35907
-54824
35738
-54934
35570
-55043
35401
-55152
35231
-55260
35062
-55368
34892
-55476
34721
-55582
34550
-55689
34380
-55794
34208
-55900
34036
-56004
33864
-56108
33692
-56212
33520
-56315
33347
-56418
33173
-56520
33000
-56621
32826
-56722
32652
-56823
32477
-56923
32302
-57022
32127
-57121
31952
-57219
31776
-57317
31600
-57414
31424
-57511
31248
-57607
31071
-57702
30893
-57798
30716
-57892
30538
-57986
30360
-58079
30182
-58172
30003
-58265
29824
-58356
29645
-58448
29466
-58538
29286
-58628
29106
-58718
28926
-58807
28745
-58896
28564
-58983
28383
-59071
28202
-59158
28020
-59244
27838
-59330
27656
-59415
27474
-59499
27291
-59583
27108
-59667
26925
-59750
26742
-59832
26558
-59914
26374
-59995
26190
-60075
26005
-60156
25821
-60235
25636
-60314
25450
-60392
25265
-60470
25080
-60547
24894
-60624
24708
-60700
24521
-60776
24335
-60850
24148
-60925
23961
-60999
23774
-61072
23586
-61144
23398
-61217
23210
-61288
23022
-61359
22834
-61429
22645
-61499
22456
-61568
22268
-61637
22078
-61705
21889
-61772
21699
-61839
21510
-61906
21320
-61971
21129
-62036
20939
-62101
20748
-62165
20557
-62228
20366
-62291
20175
-62353
19984
-62415
19792
-62476
19600
-62536
19408
-62596
19216
-62655
19024
-62714
18832
-62772
18639
-62830
18446
-62886
18253
-62943
18060
-62998
17866
-63054
17673
-63108
17479
-63162
17285
-63215
17091
-63268
16897
-63320
16703
-63372
16508
-63423
16314
-63473
16119
-63523
15924
-63572
15729
-63620
15534
-63668
15338
-63716
15142
-63762
14947
-63809
14751
-63854
14555
-63899
14359
-63944
14163
-63987
13966
-64030
13770
-64073
13573
-64115
13376
-64156
13180
-64197
12982
-64237
12785
-64277
12588
-64316
12391
-64354
12193
-64392
11996
-64429
11798
-64465
11600
-64501
11402
-64536
11204
-64571
11006
-64605
10808
-64639
10609
-64672
10411
-64704
10212
-64735
10014
-64766
9815
-64797
9616
-64827
9417
-64856
9218
-64884
9019
-64912
8820
-64940
8620
-64966
8421
-64993
8222
-65018
8022
-65043
7823
-65067
7623
-65091
7423
-65114
7224
-65137
7024
-65158
6824
-65180
6624
-65200
6424
-65220
6224
-65240
6023
-65258
5823
-65277
5623
-65294
5422
-65311
5222
-65328
5022
-65343
4821
-65358
4620
-65373
4420
-65387
4219
-65400
4019
-65413
3818
-65425
3617
-65436
3416
-65447
3216
-65457
3015
-65466
2814
-65476
2613
-65484
2412
-65492
2211
-65499
2010
-65505
1809
-65511
1608
-65516
1407
-65521
1206
-65525
1005
-65528
804
-65531
603
-65533
402
-65535
201
-65536
0
-65536
-201
-65536
-402
-65535
-603
-65533
-804
-65531
-1005
-65528
-1206
-65525
-1407
-65521
-1608
-65516
-1809
-65511
-2010
-65505
-2211
-65499
-2412
-65492
-2613
-65484
-2814
-65476
-3015
-65466
-3216
-65457
-3416
-65447
-3617
-65436
-3818
-65425
-4019
-65413
-4219
-65400
-4420
-65387
-4620
-65373
-4821
-65358
-5022
-65343
-5222
-65328
-5422
-65311
-5623
-65294
-5823
-65277
-6023
-65258
-6224
-65240
-6424
-65220
-6624
-65200
-6824
-65180
-7024
-65158
-7224
-65137
-7423
-65114
-7623
-65091
-7823
-65067
-8022
-65043
-8222
-65018
-8421
-64993
-8620
-64966
-8820
-64940
-9019
-64912
-9218
-64884
-9417
-64856
-9616
-64827
-9815
-64797
-10014
-64766
-10212
-64735
-10411
-64704
-10609
-64672
-10808
-64639
-11006
-64605
-11204
-64571
-11402
-64536
-11600
-64501
-11798
-64465
-11996
-64429
-12193
-64392
-12391
-64354
-12588
-64316
-12785
-64277
-12982
-64237
-13180
-64197
-13376
-64156
-13573
-64115
-13770
-64073
-13966
-64030
-14163
-63987
-14359
-63944
-14555
-63899
-14751
-63854
-14947
-63809
-15142
-63762
-15338
-63716
-15534
-63668
-15729
-63620
-15924
-63572
-16119
-63523
-16314
-63473
-16508
-63423
-16703
-63372
-16897
-63320
-17091
-63268
-17285
-63215
-17479
-63162
-17673
-63108
-17866
-63054
-18060
-62998
-18253
-62943
-18446
-62886
-18639
-62830
-18832
-62772
-19024
-62714
-19216
-62655
-19408
-62596
-19600
-62536
-19792
-62476
-19984
-62415
-20175
-62353
-20366
-62291
-20557
-62228
-20748
-62165
-20939
-62101
-21129
-62036
-21320
-61971
-21510
-61906
-21699
-61839
-21889
-61772
-22078
-61705
-22268
-61637
-22456
-61568
-22645
-61499
-22834
-61429
-23022
-61359
-23210
-61288
-23398
-61217
-23586
-61144
-23774
-61072
-23961
-60999
-24148
-60925
-24335
-60850
-24521
-60776
-24708
-60700
-24894
-60624
-25080
-60547
-25265
-60470
-25450
-60392
-25636
-60314
-25821
-60235
-26005
-60156
-26190
-60075
-26374
-59995
-26558
-59914
-26742
-59832
-26925
-59750
-27108
-59667
-27291
-59583
-27474
-59499
-27656
-59415
-27838
-59330
-28020
-59244
-28202
-59158
-28383
-59071
-28564
-58983
-28745
-58896
-28926
-58807
-29106
-58718
-29286
-58628
-29466
-58538
-29645
-58448
-29824
-58356
-30003
-58265
-30182
-58172
-30360
-58079
-30538
-57986
-30716
-57892
-30893
-57798
-31071
-57702
-31248
-57607
-31424
-57511
-31600
-57414
-31776
-57317
-31952
-57219
-32127
-57121
-32302
-57022
-32477
-56923
-32652
-56823
-32826
-56722
-33000
-56621
-33173
-56520
-33347
-56418
-33520
-56315
-33692
-56212
-33864
-56108
-34036
-56004
-34208
-55900
-34380
-55794
-34550
-55689
-34721
-55582
-34892
-55476
-35062
-55368
-35231
-55260
-35401
-55152
-35570
-55043
-35738
-54934
-35907
-54824
-36075
-54714
-36242
-54603
-36410
-54491
-36577
-54379
-36744
-54267
-36910
-54154
-37076
-54040
-37241
-53926
-37407
-53812
-37572
-53697
-37736
-53581
-37900
-53465
-38064
-53349
-38228
-53232
-38391
-53114
-38554
-52996
-38716
-52878
-38878
-52758
-39040
-52639
-39201
-52519
-39362
-52398
-39522
-52277
-39683
-52156
-39842
-52034
-40002
-51911
-40161
-51788
-40320
-51665
-40478
-51541
-40636
-51417
-40794
-51292
-40951
-51166
-41108
-51040
-41264
-50914
-41420
-50787
-41576
-50660
-41731
-50532
-41886
-50404
-42040
-50275
-42194
-50146
-42348
-50016
-42501
-49886
-42654
-49756
-42806
-49624
-42958
-49493
-43110
-49361
-43261
-49228
-43412
-49095
-43562
-48962
-43712
-48828
-43862
-48694
-44011
-48559
-44160
-48424
-44308
-48288
-44456
-48152
-44604
-48015
-44751
-47878
-44898
-47741
-45044
-47603
-45190
-47464
-45335
-47325
-45480
-47186
-45625
-47046
-45769
-46906
-45912
-46765
-46056
-46624
-46198
-46483
-46341
-46341
-46483
-46198
-46624
-46056
-46765
-45912
-46906
-45769
-47046
-45625
-47186
-45480
-47325
-45335
-47464
-45190
-47603
-45044
-47741
-44898
-47878
-44751
-48015
-44604
-48152
-44456
-48288
-44308
-48424
-44160
-48559
-44011
-48694
-43862
-48828
-43712
-48962
-43562
-49095
-43412
-49228
-43261
-49361
-43110
-49493
-42958
-49624
-42806
-49756
-42654
-49886
-42501
-50016
-42348
-50146
-42194
-50275
-42040
-50404
-41886
-50532
-41731
-50660
-41576
-50787
-41420
-50914
-41264
-51040
-41108
-51166
-40951
-51292
-40794
-51417
-40636
-51541
-40478
-51665
-40320
-51788
-40161
-51911
-40002
-52034
-39842
-52156
-39683
-52277
-39522
-52398
-39362
-52519
-39201
-52639
-39040
-52758
-38878
-52878
-38716
-52996
-38554
-53114
-38391
-53232
-38228
-53349
-38064
-53465
-37900
-53581
-37736
-53697
-37572
-53812
-37407
-53926
-37241
-54040
-37076
-54154
-36910
-54267
-36744
-54379
-36577
-54491
-36410
-54603
-36242
-54714
-36075
-54824
-35907
-54934
-35738
-55043
-35570
-55152
-35401
-55260
-35231
-55368
-35062
-55476
-34892
-55582
-34721
-55689
-34550
-55794
-34380
-55900
-34208
-56004
-34036
-56108
-33864
-56212
-33692
-56315
-33520
-56418
-33347
-56520
-33173
-56621
-33000
-56722
-32826
-56823
-32652
-56923
-32477
-57022
-32302
-57121
-32127
-57219
-31952
-57317
-31776
-57414
-31600
-57511
-31424
-57607
-31248
-57702
-31071
-57798
-30893
-57892
-30716
-57986
-30538
-58079
-30360
-58172
-30182
-58265
-30003
-58356
-29824
-58448
-29645
-58538
-29466
-58628
-29286
-58718
-29106
-58807
-28926
-58896
-28745
-58983
-28564
-59071
-28383
-59158
-28202
-59244
-28020
-59330
-27838
-59415
-27656
-59499
-27474
-59583
-27291
-59667
-27108
-59750
-26925
-59832
-26742
-59914
-26558
-59995
-26374
-60075
-26190
-60156
-26005
-60235
-25821
-60314
-25636
-60392
-25450
-60470
-25265
-60547
-25080
-60624
-24894
-60700
-24708
-60776
-24521
-60850
-24335
-60925
-24148
-60999
-23961
-61072
-23774
-61144
-23586
-61217
-23398
-61288
-23210
-61359
-23022
-61429
-22834
-61499
-22645
-61568
-22456
-61637
-22268
-61705
-22078
-61772
-21889
-61839
-21699
-61906
-21510
-61971
-21320
-62036
-21129
-62101
-20939
-62165
-20748
-62228
-20557
-62291
-20366
-62353
-20175
-62415
-19984
-62476
-19792
-62536
-19600
-62596
-19408
-62655
-19216
-62714
-19024
-62772
-18832
-62830
-18639
-62886
-18446
-62943
-18253
-62998
-18060
-63054
-17866
-63108
-17673
-63162
-17479
-63215
-17285
-63268
-17091
-63320
-16897
-63372
-16703
-63423
-16508
-63473
-16314
-63523
-16119
-63572
-15924
-63620
-15729
-63668
-15534
-63716
-15338
-63762
-15142
-63809
-14947
-63854
-14751
-63899
-14555
-63944
-14359
-63987
-14163
-64030
-13966
-64073
-13770
-64115
-13573
-64156
-13376
-64197
-13180
-64237
-12982
-64277
-12785
-64316
-12588
-64354
-12391
-64392
-12193
-64429
-11996
-64465
-11798
-64501
-11600
-64536
-11402
-64571
-11204
-64605
-11006
-64639
-10808
-64672
-10609
-64704
-10411
-64735
-10212
-64766
-10014
-64797
-9815
-64827
-9616
-64856
-9417
-64884
-9218
-64912
-9019
-64940
-8820
-64966
-8620
-64993
-8421
-65018
-8222
-65043
-8022
-65067
-7823
-65091
-7623
-65114
-7423
-65137
-7224
-65158
-7024
-65180
-6824
-65200
-6624
-65220
-6424
-65240
-6224
-65258
-6023
-65277
-5823
-65294
-5623
-65311
-5422
-65328
-5222
-65343
-5022
-65358
-4821
-65373
-4620
-65387
-4420
-65400
-4219
-65413
-4019
-65425
-3818
-65436
-3617
-65447
-3416
-65457
-3216
-65466
-3015
-65476
-2814
-65484
-2613
-65492
-2412
-65499
-2211
-65505
-2010
-65511
-1809
-65516
-1608
-65521
-1407
-65525
-1206
-65528
-1005
-65531
-804
-65533
-603
-65535
-402
-65536
-201
