1048575
0
1048571
-3217
1048556
-6434
1048532
-9651
1048497
-12868
1048453
-16084
1048398
-19301
1048334
-22517
1048260
-25733
1048176
-28949
1048082
-32165
1047979
-35380
1047865
-38595
1047742
-41810
1047609
-45024
1047466
-48238
1047313
-51451
1047150
-54664
1046978
-57876
1046795
-61088
1046603
-64299
1046400
-67510
1046188
-70720
1045966
-73929
1045735
-77138
1045493
-80346
1045242
-83553
1044980
-86759
1044709
-89965
1044428
-93170
1044138
-96374
1043837
-99576
1043527
-102778
1043206
-105979
1042876
-109179
1042537
-112378
1042187
-115576
1041828
-118773
1041458
-121969
1041079
-125163
1040690
-128357
1040292
-131549
1039883
-134740
1039465
-137930
1039037
-141118
1038599
-144305
1038151
-147491
1037694
-150675
1037227
-153858
1036750
-157039
1036263
-160219
1035767
-163398
1035260
-166575
1034745
-169750
1034219
-172924
1033684
-176096
1033138
-179266
1032584
-182435
1032019
-185602
1031445
-188768
1030861
-191931
1030267
-195093
1029664
-198253
1029051
-201411
1028428
-204567
1027795
-207721
1027153
-210873
1026502
-214024
1025840
-217172
1025169
-220318
1024488
-223462
1023798
-226604
1023098
-229744
1022388
-232882
1021669
-236018
1020940
-239151
1020201
-242282
1019453
-245411
1018696
-248537
1017928
-251661
1017151
-254783
1016365
-257902
1015569
-261020
1014763
-264134
1013948
-267246
1013124
-270356
1012289
-273462
1011446
-276567
1010592
-279668
1009730
-282768
1008857
-285864
1007976
-288958
1007084
-292049
1006184
-295137
1005273
-298223
1004354
-301306
1003425
-304386
1002486
-307462
1001538
-310537
1000581
-313608
999614
-316676
998638
-319741
997652
-322804
996657
-325863
995652
-328919
994639
-331972
993616
-335022
992583
-338069
991541
-341112
990490
-344153
989429
-347190
988360
-350224
987280
-353254
986192
-356282
985094
-359306
983987
-362326
982871
-365343
981746
-368357
980611
-371367
979467
-374374
978314
-377377
977151
-380377
975980
-383373
974799
-386365
973609
-389354
972410
-392339
971202
-395321
969984
-398299
968758
-401273
967522
-404243
966278
-407209
965024
-410172
963761
-413130
962489
-416085
961208
-419036
959918
-421983
958618
-424926
957310
-427865
955993
-430800
954667
-433731
953332
-436658
951988
-439581
950634
-442499
949272
-445414
947901
-448324
946522
-451230
945133
-454132
943735
-457029
942328
-459922
940913
-462811
939489
-465696
938056
-468576
936614
-471452
935163
-474323
933703
-477190
932235
-480052
930758
-482910
929272
-485763
927777
-488612
926274
-491456
924761
-494295
923241
-497130
921711
-499960
920173
-502786
918626
-505606
917070
-508422
915506
-511233
913934
-514040
912352
-516841
910762
-519638
909164
-522430
907557
-525216
905941
-527998
904317
-530775
902684
-533547
901043
-536314
899394
-539076
897736
-541832
896069
-544584
894394
-547331
892710
-550072
891019
-552808
889319
-555539
887610
-558265
885893
-560986
884168
-563701
882434
-566411
880692
-569115
878942
-571815
877184
-574508
875417
-577197
873642
-579880
871859
-582558
870068
-585230
868268
-587896
866460
-590557
864644
-593213
862820
-595863
860988
-598507
859148
-601146
857300
-603779
855443
-606406
853579
-609028
851706
-611643
849826
-614254
847937
-616858
846041
-619456
844136
-622049
842224
-624636
840304
-627217
838376
-629792
836439
-632361
834495
-634924
832544
-637482
830584
-640033
828616
-642578
826641
-645117
824658
-647650
822667
-650177
820669
-652698
818662
-655213
816648
-657721
814626
-660224
812597
-662720
810560
-665210
808516
-667693
806463
-670170
804403
-672642
802336
-675106
800261
-677565
798178
-680017
796088
-682462
793991
-684901
791886
-687334
789774
-689760
787654
-692180
785526
-694593
783392
-697000
781250
-699400
779100
-701794
776944
-704180
774780
-706561
772608
-708934
770430
-711302
768244
-713662
766050
-716015
763850
-718362
761643
-720702
759428
-723036
757206
-725362
754977
-727682
752741
-729995
750498
-732300
748248
-734600
745991
-736892
743726
-739177
741455
-741455
739177
-743726
736892
-745991
734600
-748248
732300
-750498
729995
-752741
727682
-754977
725362
-757206
723036
-759428
720702
-761643
718362
-763850
716015
-766050
713662
-768244
711302
-770430
708934
-772608
706561
-774780
704180
-776944
701794
-779100
699400
-781250
697000
-783392
694593
-785526
692180
-787654
689760
-789774
687334
-791886
684901
-793991
682462
-796088
680017
-798178
677565
-800261
675106
-802336
672642
-804403
670170
-806463
667693
-808516
665210
-810560
662720
-812597
660224
-814626
657721
-816648
655213
-818662
652698
-820669
650177
-822667
647650
-824658
645117
-826641
642578
-828616
640033
-830584
637482
-832544
634924
-834495
632361
-836439
629792
-838376
627217
-840304
624636
-842224
622049
-844136
619456
-846041
616858
-847937
614254
-849826
611643
-851706
609028
-853579
606406
-855443
603779
-857300
601146
-859148
598507
-860988
595863
-862820
593213
-864644
590557
-866460
587896
-868268
585230
-870068
582558
-871859
579880
-873642
577197
-875417
574508
-877184
571815
-878942
569115
-880692
566411
-882434
563701
-884168
560986
-885893
558265
-887610
555539
-889319
552808
-891019
550072
-892710
547331
-894394
544584
-896069
541832
-897736
539076
-899394
536314
-901043
533547
-902684
530775
-904317
527998
-905941
525216
-907557
522430
-909164
519638
-910762
516841
-912352
514040
-913934
511233
-915506
508422
-917070
505606
-918626
502786
-920173
499960
-921711
497130
-923241
494295
-924761
491456
-926274
488612
-927777
485763
-929272
482910
-930758
480052
-932235
477190
-933703
474323
-935163
471452
-936614
468576
-938056
465696
-939489
462811
-940913
459922
-942328
457029
-943735
454132
-945133
451230
-946522
448324
-947901
445414
-949272
442499
-950634
439581
-951988
436658
-953332
433731
-954667
430800
-955993
427865
-957310
424926
-958618
421983
-959918
419036
-961208
416085
-962489
413130
-963761
410172
-965024
407209
-966278
404243
-967522
401273
-968758
398299
-969984
395321
-971202
392339
-972410
389354
-973609
386365
-974799
383373
-975980
380377
-977151
377377
-978314
374374
-979467
371367
-980611
368357
-981746
365343
-982871
362326
-983987
359306
-985094
356282
-986192
353254
-987280
350224
-988360
347190
-989429
344153
-990490
341112
-991541
338069
-992583
335022
-993616
331972
-994639
328919
-995652
325863
-996657
322804
-997652
319741
-998638
316676
-999614
313608
-1000581
310537
-1001538
307462
-1002486
304386
-1003425
301306
-1004354
298223
-1005273
295137
-1006184
292049
-1007084
288958
-1007976
285864
-1008857
282768
-1009730
279668
-1010592
276567
-1011446
273462
-1012289
270356
-1013124
267246
-1013948
264134
-1014763
261020
-1015569
257902
-1016365
254783
-1017151
251661
-1017928
248537
-1018696
245411
-1019453
242282
-1020201
239151
-1020940
236018
-1021669
232882
-1022388
229744
-1023098
226604
-1023798
223462
-1024488
220318
-1025169
217172
-1025840
214024
-1026502
210873
-1027153
207721
-1027795
204567
-1028428
201411
-1029051
198253
-1029664
195093
-1030267
191931
-1030861
188768
-1031445
185602
-1032019
182435
-1032584
179266
-1033138
176096
-1033684
172924
-1034219
169750
-1034745
166575
-1035260
163398
-1035767
160219
-1036263
157039
-1036750
153858
-1037227
150675
-1037694
147491
-1038151
144305
-1038599
141118
-1039037
137930
-1039465
134740
-1039883
131549
-1040292
128357
-1040690
125163
-1041079
121969
-1041458
118773
-1041828
115576
-1042187
112378
-1042537
109179
-1042876
105979
-1043206
102778
-1043527
99576
-1043837
96374
-1044138
93170
-1044428
89965
-1044709
86759
-1044980
83553
-1045242
80346
-1045493
77138
-1045735
73929
-1045966
70720
-1046188
67510
-1046400
64299
-1046603
61088
-1046795
57876
-1046978
54664
-1047150
51451
-1047313
48238
-1047466
45024
-1047609
41810
-1047742
38595
-1047865
35380
-1047979
32165
-1048082
28949
-1048176
25733
-1048260
22517
-1048334
19301
-1048398
16084
-1048453
12868
-1048497
9651
-1048532
6434
-1048556
3217
-1048571
0
-1048576
-3217
-1048571
-6434
-1048556
-9651
-1048532
-12868
-1048497
-16084
-1048453
-19301
-1048398
-22517
-1048334
-25733
-1048260
-28949
-1048176
-32165
-1048082
-35380
-1047979
-38595
-1047865
-41810
-1047742
-45024
-1047609
-48238
-1047466
-51451
-1047313
-54664
-1047150
-57876
-1046978
-61088
-1046795
-64299
-1046603
-67510
-1046400
-70720
-1046188
-73929
-1045966
-77138
-1045735
-80346
-1045493
-83553
-1045242
-86759
-1044980
-89965
-1044709
-93170
-1044428
-96374
-1044138
-99576
-1043837
-102778
-1043527
-105979
-1043206
-109179
-1042876
-112378
-1042537
-115576
-1042187
-118773
-1041828
-121969
-1041458
-125163
-1041079
-128357
-1040690
-131549
-1040292
-134740
-1039883
-137930
-1039465
-141118
-1039037
-144305
-1038599
-147491
-1038151
-150675
-1037694
-153858
-1037227
-157039
-1036750
-160219
-1036263
-163398
-1035767
-166575
-1035260
-169750
-1034745
-172924
-1034219
-176096
-1033684
-179266
-1033138
-182435
-1032584
-185602
-1032019
-188768
-1031445
-191931
-1030861
-195093
-1030267
-198253
-1029664
-201411
-1029051
-204567
-1028428
-207721
-1027795
-210873
-1027153
-214024
-1026502
-217172
-1025840
-220318
-1025169
-223462
-1024488
-226604
-1023798
-229744
-1023098
-232882
-1022388
-236018
-1021669
-239151
-1020940
-242282
-1020201
-245411
-1019453
-248537
-1018696
-251661
-1017928
-254783
-1017151
-257902
-1016365
-261020
-1015569
-264134
-1014763
-267246
-1013948
-270356
-1013124
-273462
-1012289
-276567
-1011446
-279668
-1010592
-282768
-1009730
-285864
-1008857
-288958
-1007976
-292049
-1007084
-295137
-1006184
-298223
-1005273
-301306
-1004354
-304386
-1003425
-307462
-1002486
-310537
-1001538
-313608
-1000581
-316676
-999614
-319741
-998638
-322804
-997652
-325863
-996657
-328919
-995652
-331972
-994639
-335022
-993616
-338069
-992583
-341112
-991541
-344153
-990490
-347190
-989429
-350224
-988360
-353254
-987280
-356282
-986192
-359306
-985094
-362326
-983987
-365343
-982871
-368357
-981746
-371367
-980611
-374374
-979467
-377377
-978314
-380377
-977151
-383373
-975980
-386365
-974799
-389354
-973609
-392339
-972410
-395321
-971202
-398299
-969984
-401273
-968758
-404243
-967522
-407209
-966278
-410172
-965024
-413130
-963761
-416085
-962489
-419036
-961208
-421983
-959918
-424926
-958618
-427865
-957310
-430800
-955993
-433731
-954667
-436658
-953332
-439581
-951988
-442499
-950634
-445414
-949272
-448324
-947901
-451230
-946522
-454132
-945133
-457029
-943735
-459922
-942328
-462811
-940913
-465696
-939489
-468576
-938056
-471452
-936614
-474323
-935163
-477190
-933703
-480052
-932235
-482910
-930758
-485763
-929272
-488612
-927777
-491456
-926274
-494295
-924761
-497130
-923241
-499960
-921711
-502786
-920173
-505606
-918626
-508422
-917070
-511233
-915506
-514040
-913934
-516841
-912352
-519638
-910762
-522430
-909164
-525216
-907557
-527998
-905941
-530775
-904317
-533547
-902684
-536314
-901043
-539076
-899394
-541832
-897736
-544584
-896069
-547331
-894394
-550072
-892710
-552808
-891019
-555539
-889319
-558265
-887610
-560986
-885893
-563701
-884168
-566411
-882434
-569115
-880692
-571815
-878942
-574508
-877184
-577197
-875417
-579880
-873642
-582558
-871859
-585230
-870068
-587896
-868268
-590557
-866460
-593213
-864644
-595863
-862820
-598507
-860988
-601146
-859148
-603779
-857300
-606406
-855443
-609028
-853579
-611643
-851706
-614254
-849826
-616858
-847937
-619456
-846041
-622049
-844136
-624636
-842224
-627217
-840304
-629792
-838376
-632361
-836439
-634924
-834495
-637482
-832544
-640033
-830584
-642578
-828616
-645117
-826641
-647650
-824658
-650177
-822667
-652698
-820669
-655213
-818662
-657721
-816648
-660224
-814626
-662720
-812597
-665210
-810560
-667693
-808516
-670170
-806463
-672642
-804403
-675106
-802336
-677565
-800261
-680017
-798178
-682462
-796088
-684901
-793991
-687334
-791886
-689760
-789774
-692180
-787654
-694593
-785526
-697000
-783392
-699400
-781250
-701794
-779100
-704180
-776944
-706561
-774780
-708934
-772608
-711302
-770430
-713662
-768244
-716015
-766050
-718362
-763850
-720702
-761643
-723036
-759428
-725362
-757206
-727682
-754977
-729995
-752741
-732300
-750498
-734600
-748248
-736892
-745991
-739177
-743726
-741455
-741455
-743726
-739177
-745991
-736892
-748248
-734600
-750498
-732300
-752741
-729995
-754977
-727682
-757206
-725362
-759428
-723036
-761643
-720702
-763850
-718362
-766050
-716015
-768244
-713662
-770430
-711302
-772608
-708934
-774780
-706561
-776944
-704180
-779100
-701794
-781250
-699400
-783392
-697000
-785526
-694593
-787654
-692180
-789774
-689760
-791886
-687334
-793991
-684901
-796088
-682462
-798178
-680017
-800261
-677565
-802336
-675106
-804403
-672642
-806463
-670170
-808516
-667693
-810560
-665210
-812597
-662720
-814626
-660224
-816648
-657721
-818662
-655213
-820669
-652698
-822667
-650177
-824658
-647650
-826641
-645117
-828616
-642578
-830584
-640033
-832544
-637482
-834495
-634924
-836439
-632361
-838376
-629792
-840304
-627217
-842224
-624636
-844136
-622049
-846041
-619456
-847937
-616858
-849826
-614254
-851706
-611643
-853579
-609028
-855443
-606406
-857300
-603779
-859148
-601146
-860988
-598507
-862820
-595863
-864644
-593213
-866460
-590557
-868268
-587896
-870068
-585230
-871859
-582558
-873642
-579880
-875417
-577197
-877184
-574508
-878942
-571815
-880692
-569115
-882434
-566411
-884168
-563701
-885893
-560986
-887610
-558265
-889319
-555539
-891019
-552808
-892710
-550072
-894394
-547331
-896069
-544584
-897736
-541832
-899394
-539076
-901043
-536314
-902684
-533547
-904317
-530775
-905941
-527998
-907557
-525216
-909164
-522430
-910762
-519638
-912352
-516841
-913934
-514040
-915506
-511233
-917070
-508422
-918626
-505606
-920173
-502786
-921711
-499960
-923241
-497130
-924761
-494295
-926274
-491456
-927777
-488612
-929272
-485763
-930758
-482910
-932235
-480052
-933703
-477190
-935163
-474323
-936614
-471452
-938056
-468576
-939489
-465696
-940913
-462811
-942328
-459922
-943735
-457029
-945133
-454132
-946522
-451230
-947901
-448324
-949272
-445414
-950634
-442499
-951988
-439581
-953332
-436658
-954667
-433731
-955993
-430800
-957310
-427865
-958618
-424926
-959918
-421983
-961208
-419036
-962489
-416085
-963761
-413130
-965024
-410172
-966278
-407209
-967522
-404243
-968758
-401273
-969984
-398299
-971202
-395321
-972410
-392339
-973609
-389354
-974799
-386365
-975980
-383373
-977151
-380377
-978314
-377377
-979467
-374374
-980611
-371367
-981746
-368357
-982871
-365343
-983987
-362326
-985094
-359306
-986192
-356282
-987280
-353254
-988360
-350224
-989429
-347190
-990490
-344153
-991541
-341112
-992583
-338069
-993616
-335022
-994639
-331972
-995652
-328919
-996657
-325863
-997652
-322804
-998638
-319741
-999614
-316676
-1000581
-313608
-1001538
-310537
-1002486
-307462
-1003425
-304386
-1004354
-301306
-1005273
-298223
-1006184
-295137
-1007084
-292049
-1007976
-288958
-1008857
-285864
-1009730
-282768
-1010592
-279668
-1011446
-276567
-1012289
-273462
-1013124
-270356
-1013948
-267246
-1014763
-264134
-1015569
-261020
-1016365
-257902
-1017151
-254783
-1017928
-251661
-1018696
-248537
-1019453
-245411
-1020201
-242282
-1020940
-239151
-1021669
-236018
-1022388
-232882
-1023098
-229744
-1023798
-226604
-1024488
-223462
-1025169
-220318
-1025840
-217172
-1026502
-214024
-1027153
-210873
-1027795
-207721
-1028428
-204567
-1029051
-201411
-1029664
-198253
-1030267
-195093
-1030861
-191931
-1031445
-188768
-1032019
-185602
-1032584
-182435
-1033138
-179266
-1033684
-176096
-1034219
-172924
-1034745
-169750
-1035260
-166575
-1035767
-163398
-1036263
-160219
-1036750
-157039
-1037227
-153858
-1037694
-150675
-1038151
-147491
-1038599
-144305
-1039037
-141118
-1039465
-137930
-1039883
-134740
-1040292
-131549
-1040690
-128357
-1041079
-125163
-1041458
-121969
-1041828
-118773
-1042187
-115576
-1042537
-112378
-1042876
-109179
-1043206
-105979
-1043527
-102778
-1043837
-99576
-1044138
-96374
-1044428
-93170
-1044709
-89965
-1044980
-86759
-1045242
-83553
-1045493
-80346
-1045735
-77138
-1045966
-73929
-1046188
-70720
-1046400
-67510
-1046603
-64299
-1046795
-61088
-1046978
-57876
-1047150
-54664
-1047313
-51451
-1047466
-48238
-1047609
-45024
-1047742
-41810
-1047865
-38595
-1047979
-35380
-1048082
-32165
-1048176
-28949
-1048260
-25733
-1048334
-22517
-1048398
-19301
-1048453
-16084
-1048497
-12868
-1048532
-9651
-1048556
-6434
-1048571
-3217
