8191
0
8191
-3
8191
-6
8191
-9
8191
-12
8191
-16
8191
-19
8191
-22
8191
-25
8191
-28
8191
-31
8191
-34
8191
-38
8191
-41
8191
-44
8191
-47
8191
-50
8191
-53
8191
-56
8191
-60
8191
-63
8191
-66
8191
-69
8191
-72
8191
-75
8191
-78
8191
-82
8191
-85
8191
-88
8191
-91
8191
-94
8191
-97
8191
-100
8191
-104
8191
-107
8191
-110
8191
-113
8191
-116
8191
-119
8191
-122
8191
-126
8191
-129
8191
-132
8191
-135
8191
-138
8191
-141
8191
-144
8191
-148
8190
-151
8190
-154
8190
-157
8190
-160
8190
-163
8190
-166
8190
-170
8190
-173
8190
-176
8190
-179
8190
-182
8190
-185
8190
-188
8190
-192
8190
-195
8190
-198
8190
-201
8189
-204
8189
-207
8189
-210
8189
-214
8189
-217
8189
-220
8189
-223
8189
-226
8189
-229
8189
-232
8188
-236
8188
-239
8188
-242
8188
-245
8188
-248
8188
-251
8188
-254
8188
-258
8188
-261
8188
-264
8188
-267
8188
-270
8187
-273
8187
-276
8187
-280
8187
-283
8187
-286
8187
-289
8187
-292
8187
-295
8186
-298
8186
-302
8186
-305
8186
-308
8186
-311
8186
-314
8186
-317
8186
-320
8186
-323
8185
-327
8185
-330
8185
-333
8185
-336
8185
-339
8185
-342
8185
-345
8184
-348
8184
-352
8184
-355
8184
-358
8184
-361
8184
-364
8184
-367
8184
-370
8183
-374
8183
-377
8183
-380
8183
-383
8183
-386
8183
-389
8182
-392
8182
-396
8182
-399
8182
-402
8182
-405
8182
-408
8182
-411
8182
-414
8181
-418
8181
-421
8181
-424
8181
-427
8181
-430
8180
-433
8180
-436
8180
-440
8180
-443
8180
-446
8180
-449
8180
-452
8179
-455
8179
-458
8179
-462
8179
-465
8179
-468
8178
-471
8178
-474
8178
-477
8178
-480
8178
-484
8178
-487
8177
-490
8177
-493
8177
-496
8177
-499
8176
-502
8176
-505
8176
-508
8176
-512
8176
-515
8176
-518
8175
-521
8175
-524
8175
-527
8175
-530
8174
-534
8174
-537
8174
-540
8174
-543
8174
-546
8174
-549
8173
-552
8173
-556
8173
-559
8173
-562
8172
-565
8172
-568
8172
-571
8172
-574
8172
-578
8171
-581
8171
-584
8171
-587
8171
-590
8170
-593
8170
-596
8170
-600
8170
-603
8170
-606
8169
-609
8169
-612
8169
-615
8169
-618
8168
-621
8168
-624
8168
-628
8168
-631
8167
-634
8167
-637
8167
-640
8167
-643
8166
-646
8166
-650
8166
-653
8166
-656
8165
-659
8165
-662
8165
-665
8165
-668
8164
-672
8164
-675
8164
-678
8164
-681
8163
-684
8163
-687
8163
-690
8162
-693
8162
-696
8162
-700
8162
-703
8162
-706
8161
-709
8161
-712
8161
-715
8160
-718
8160
-722
8160
-725
8160
-728
8159
-731
8159
-734
8159
-737
8158
-740
8158
-744
8158
-747
8158
-750
8157
-753
8157
-756
8157
-759
8156
-762
8156
-765
8156
-768
8156
-772
8155
-775
8155
-778
8155
-781
8154
-784
8154
-787
8154
-790
8153
-794
8153
-797
8153
-800
8152
-803
8152
-806
8152
-809
8152
-812
8151
-815
8151
-818
8151
-822
8150
-825
8150
-828
8150
-831
8149
-834
8149
-837
8149
-840
8148
-844
8148
-847
8148
-850
8147
-853
8147
-856
8147
-859
8146
-862
8146
-865
8146
-868
8145
-872
8145
-875
8145
-878
8144
-881
8144
-884
8144
-887
8143
-890
8143
-894
8143
-897
8142
-900
8142
-903
8142
-906
8141
-909
8141
-912
8141
-915
8140
-918
8140
-922
8140
-925
8139
-928
8139
-931
8138
-934
8138
-937
8138
-940
8137
-944
8137
-947
8137
-950
8136
-953
8136
-956
8136
-959
8135
-962
8135
-965
8134
-968
8134
-972
8134
-975
8133
-978
8133
-981
8133
-984
8132
-987
8132
-990
8132
-993
8131
-996
8131
-1000
8130
-1003
8130
-1006
8130
-1009
8129
-1012
8129
-1015
8128
-1018
8128
-1021
8128
-1024
8127
-1028
8127
-1031
8126
-1034
8126
-1037
8126
-1040
8125
-1043
8125
-1046
8124
-1050
8124
-1053
8124
-1056
8123
-1059
8123
-1062
8122
-1065
8122
-1068
8122
-1071
8121
-1074
8121
-1078
8120
-1081
8120
-1084
8120
-1087
8119
-1090
8119
-1093
8118
-1096
8118
-1099
8117
-1102
8117
-1106
8117
-1109
8116
-1112
8116
-1115
8115
-1118
8115
-1121
8114
-1124
8114
-1127
8114
-1130
8113
-1134
8113
-1137
8112
-1140
8112
-1143
8111
-1146
8111
-1149
8110
-1152
8110
-1155
8110
-1158
8109
-1162
8109
-1165
8108
-1168
8108
-1171
8107
-1174
8107
-1177
8106
-1180
8106
-1183
8106
-1186
8105
-1190
8105
-1193
8104
-1196
8104
-1199
8103
-1202
8103
-1205
8102
-1208
8102
-1211
8101
-1214
8101
-1218
8100
-1221
8100
-1224
8100
-1227
8099
-1230
8099
-1233
8098
-1236
8098
-1239
8097
-1242
8097
-1246
8096
-1248
8096
-1252
8095
-1255
8095
-1258
8094
-1261
8094
-1264
8093
-1267
8093
-1270
8092
-1273
8092
-1276
8091
-1280
8091
-1283
8090
-1286
8090
-1289
8089
-1292
8089
-1295
8088
-1298
8088
-1301
8087
-1304
8087
-1308
8086
-1311
8086
-1314
8085
-1317
8085
-1320
8084
-1323
8084
-1326
8083
-1329
8083
-1332
8082
-1335
8082
-1338
8081
-1342
8081
-1345
8080
-1348
8080
-1351
8079
-1354
8079
-1357
8078
-1360
8078
-1363
8077
-1366
8077
-1370
8076
-1373
8076
-1376
8075
-1379
8074
-1382
8074
-1385
8074
-1388
8073
-1391
8072
-1394
8072
-1397
8071
-1400
8071
-1404
8070
-1407
8070
-1410
8069
-1413
8069
-1416
8068
-1419
8068
-1422
8067
-1425
8066
-1428
8066
-1431
8065
-1434
8065
-1438
8064
-1441
8064
-1444
8063
-1447
8063
-1450
8062
-1453
8062
-1456
8061
-1459
8060
-1462
8060
-1465
8059
-1468
8059
-1472
8058
-1475
8058
-1478
8057
-1481
8056
-1484
8056
-1487
8055
-1490
8055
-1493
8054
-1496
8054
-1499
8053
-1502
8052
-1506
8052
-1509
8051
-1512
8051
-1515
8050
-1518
8050
-1521
8049
-1524
8048
-1527
8048
-1530
8047
-1533
8046
-1536
8046
-1540
8045
-1543
8045
-1546
8044
-1549
8044
-1552
8043
-1555
8042
-1558
8042
-1561
8041
-1564
8041
-1567
8040
-1570
8039
-1574
8039
-1576
8038
-1580
8038
-1583
8037
-1586
8036
-1589
8036
-1592
8035
-1595
8034
-1598
8034
-1601
8033
-1604
8033
-1607
8032
-1610
8032
-1614
8031
-1617
8030
-1620
8030
-1623
8029
-1626
8028
-1629
8028
-1632
8027
-1635
8026
-1638
8026
-1641
8025
-1644
8025
-1647
8024
-1650
8023
-1654
8023
-1657
8022
-1660
8021
-1663
8021
-1666
8020
-1669
8020
-1672
8019
-1675
8018
-1678
8018
-1681
8017
-1684
8016
-1687
8016
-1690
8015
-1694
8014
-1697
8014
-1700
8013
-1703
8012
-1706
8012
-1709
8011
-1712
8010
-1715
8010
-1718
8009
-1721
8008
-1724
8008
-1727
8007
-1730
8006
-1734
8006
-1736
8005
-1740
8004
-1743
8004
-1746
8003
-1749
8002
-1752
8002
-1755
8001
-1758
8000
-1761
8000
-1764
7999
-1767
7998
-1770
7998
-1773
7997
-1776
7996
-1780
7996
-1782
7995
-1786
7994
-1789
7994
-1792
7993
-1795
7992
-1798
7992
-1801
7991
-1804
7990
-1807
7989
-1810
7989
-1813
7988
-1816
7987
-1819
7987
-1822
7986
-1826
7985
-1828
7984
-1832
7984
-1835
7983
-1838
7982
-1841
7982
-1844
7981
-1847
7980
-1850
7980
-1853
7979
-1856
7978
-1859
7978
-1862
7977
-1865
7976
-1868
7975
-1871
7975
-1874
7974
-1878
7973
-1880
7972
-1884
7972
-1887
7971
-1890
7970
-1893
7970
-1896
7969
-1899
7968
-1902
7967
-1905
7967
-1908
7966
-1911
7965
-1914
7964
-1917
7964
-1920
7963
-1923
7962
-1926
7962
-1929
7961
-1932
7960
-1936
7959
-1939
7958
-1942
7958
-1945
7957
-1948
7956
-1951
7956
-1954
7955
-1957
7954
-1960
7953
-1963
7952
-1966
7952
-1969
7951
-1972
7950
-1975
7950
-1978
7949
-1981
7948
-1984
7947
-1987
7946
-1990
7946
-1994
7945
-1996
7944
-2000
7943
-2003
7943
-2006
7942
-2009
7941
-2012
7940
-2015
7940
-2018
7939
-2021
7938
-2024
7937
-2027
7936
-2030
7936
-2033
7935
-2036
7934
-2039
7933
-2042
7932
-2045
7932
-2048
7931
-2051
7930
-2054
7929
-2057
7929
-2060
7928
-2064
7927
-2066
7926
-2070
7925
-2073
7925
-2076
7924
-2079
7923
-2082
7922
-2085
7921
-2088
7921
-2091
7920
-2094
7919
-2097
7918
-2100
7917
-2103
7917
-2106
7916
-2109
7915
-2112
7914
-2115
7913
-2118
7912
-2121
7912
-2124
7911
-2127
7910
-2130
7909
-2133
7908
-2136
7908
-2139
7907
-2142
7906
-2146
7905
-2148
7904
-2152
7904
-2154
7903
-2158
7902
-2161
7901
-2164
7900
-2167
7899
-2170
7898
-2173
7898
-2176
7897
-2179
7896
-2182
7895
-2185
7894
-2188
7894
-2191
7893
-2194
7892
-2197
7891
-2200
7890
-2203
7889
-2206
7888
-2209
7888
-2212
7887
-2215
7886
-2218
7885
-2221
7884
-2224
7883
-2227
7882
-2230
7882
-2233
7881
-2236
7880
-2239
7879
-2242
7878
-2245
7877
-2248
7876
-2251
7876
-2254
7875
-2257
7874
-2260
7873
-2264
7872
-2266
7871
-2270
7870
-2272
7870
-2276
7869
-2278
7868
-2282
7867
-2285
7866
-2288
7865
-2291
7864
-2294
7863
-2297
7862
-2300
7862
-2303
7861
-2306
7860
-2309
7859
-2312
7858
-2315
7857
-2318
7856
-2321
7855
-2324
7854
-2327
7854
-2330
7853
-2333
7852
-2336
7851
-2339
7850
-2342
7849
-2345
7848
-2348
7847
-2351
7846
-2354
7846
-2357
7845
-2360
7844
-2363
7843
-2366
7842
-2369
7841
-2372
7840
-2375
7839
-2378
7838
-2381
7837
-2384
7836
-2387
7836
-2390
7835
-2393
7834
-2396
7833
-2399
7832
-2402
7831
-2405
7830
-2408
7829
-2411
7828
-2414
7827
-2417
7826
-2420
7825
-2423
7824
-2426
7824
-2429
7823
-2432
7822
-2435
7821
-2438
7820
-2441
7819
-2444
7818
-2447
7817
-2450
7816
-2453
7815
-2456
7814
-2459
7813
-2462
7812
-2465
7811
-2468
7810
-2471
7809
-2474
7808
-2477
7808
-2480
7807
-2483
7806
-2486
7805
-2489
7804
-2492
7803
-2495
7802
-2498
7801
-2501
7800
-2504
7799
-2507
7798
-2510
7797
-2513
7796
-2516
7795
-2519
7794
-2522
7793
-2525
7792
-2528
7791
-2531
7790
-2534
7789
-2537
7788
-2540
7787
-2543
7786
-2546
7785
-2549
7784
-2552
7783
-2555
7782
-2558
7781
-2561
7780
-2564
7780
-2567
7778
-2570
7778
-2573
7776
-2576
7776
-2579
7774
-2582
7774
-2584
7772
-2588
7772
-2590
7770
-2594
7770
-2596
7768
-2599
7768
-2602
7767
-2605
7766
-2608
7765
-2611
7764
-2614
7762
-2617
7762
-2620
7760
-2623
7760
-2626
7758
-2629
7758
-2632
7756
-2635
7756
-2638
7754
-2641
7754
-2644
7752
-2647
7752
-2650
7750
-2653
7749
-2656
7748
-2659
7747
-2662
7746
-2665
7745
-2668
7744
-2671
7743
-2674
7742
-2677
7741
-2680
7740
-2683
7739
-2686
7738
-2689
7737
-2692
7736
-2695
7735
-2698
7734
-2700
7733
-2704
7732
-2706
7731
-2709
7730
-2712
7729
-2715
7728
-2718
7727
-2721
7726
-2724
7725
-2727
7724
-2730
7722
-2733
7722
-2736
7720
-2739
7719
-2742
7718
-2745
7717
-2748
7716
-2751
7715
-2754
7714
-2757
7713
-2760
7712
-2763
7711
-2766
7710
-2769
7709
-2772
7708
-2774
7707
-2778
7706
-2780
7705
-2783
7704
-2786
7702
-2789
7701
-2792
7700
-2795
7699
-2798
7698
-2801
7697
-2804
7696
-2807
7695
-2810
7694
-2813
7693
-2816
7692
-2819
7691
-2822
7690
-2825
7688
-2828
7687
-2831
7686
-2834
7685
-2836
7684
-2840
7683
-2842
7682
-2845
7681
-2848
7680
-2851
7679
-2854
7678
-2857
7676
-2860
7675
-2863
7674
-2866
7673
-2869
7672
-2872
7671
-2875
7670
-2878
7669
-2881
7668
-2884
7666
-2886
7665
-2890
7664
-2892
7663
-2895
7662
-2898
7661
-2901
7660
-2904
7659
-2907
7658
-2910
7656
-2913
7655
-2916
7654
-2919
7653
-2922
7652
-2925
7651
-2928
7650
-2931
7649
-2934
7648
-2936
7646
-2939
7645
-2942
7644
-2945
7643
-2948
7642
-2951
7641
-2954
7640
-2957
7638
-2960
7637
-2963
7636
-2966
7635
-2969
7634
-2972
7633
-2974
7632
-2978
7630
-2980
7629
-2983
7628
-2986
7627
-2989
7626
-2992
7625
-2995
7624
-2998
7622
-3001
7621
-3004
7620
-3007
7619
-3010
7618
-3013
7617
-3016
7616
-3018
7614
-3021
7613
-3024
7612
-3027
7611
-3030
7610
-3033
7609
-3036
7607
-3039
7606
-3042
7605
-3045
7604
-3048
7603
-3050
7602
-3053
7600
-3056
7599
-3059
7598
-3062
7597
-3065
7596
-3068
7594
-3071
7593
-3074
7592
-3077
7591
-3080
7590
-3082
7589
-3086
7588
-3088
7586
-3091
7585
-3094
7584
-3097
7583
-3100
7582
-3103
7580
-3106
7579
-3109
7578
-3112
7577
-3114
7576
-3118
7574
-3120
7573
-3123
7572
-3126
7571
-3129
7570
-3132
7568
-3135
7567
-3138
7566
-3141
7565
-3144
7564
-3146
7562
-3149
7561
-3152
7560
-3155
7559
-3158
7558
-3161
7556
-3164
7555
-3167
7554
-3170
7553
-3173
7551
-3176
7550
-3178
7549
-3181
7548
-3184
7546
-3187
7545
-3190
7544
-3193
7543
-3196
7542
-3199
7540
-3202
7539
-3204
7538
-3207
7537
-3210
7536
-3213
7534
-3216
7533
-3219
7532
-3222
7530
-3225
7529
-3228
7528
-3230
7527
-3233
7526
-3236
7524
-3239
7523
-3242
7522
-3245
7521
-3248
7519
-3251
7518
-3254
7517
-3256
7516
-3259
7514
-3262
7513
-3265
7512
-3268
7511
-3271
7509
-3274
7508
-3276
7507
-3279
7506
-3282
7504
-3285
7503
-3288
7502
-3291
7500
-3294
7499
-3297
7498
-3300
7497
-3302
7496
-3305
7494
-3308
7493
-3311
7492
-3314
7490
-3317
7489
-3320
7488
-3322
7487
-3325
7485
-3328
7484
-3331
7483
-3334
7482
-3337
7480
-3340
7479
-3343
7478
-3346
7476
-3348
7475
-3351
7474
-3354
7472
-3357
7471
-3360
7470
-3363
7469
-3366
7467
-3368
7466
-3371
7465
-3374
7464
-3377
7462
-3380
7461
-3383
7460
-3386
7458
-3388
7457
-3391
7456
-3394
7454
-3397
7453
-3400
7452
-3403
7450
-3406
7449
-3408
7448
-3411
7446
-3414
7445
-3417
7444
-3420
7443
-3423
7441
-3426
7440
-3428
7439
-3431
7437
-3434
7436
-3437
7435
-3440
7433
-3443
7432
-3446
7431
-3448
7429
-3451
7428
-3454
7427
-3457
7426
-3460
7424
-3463
7423
-3466
7422
-3468
7420
-3471
7419
-3474
7418
-3477
7416
-3480
7415
-3483
7414
-3485
7412
-3488
7411
-3491
7410
-3494
7408
-3497
7407
-3500
7405
-3502
7404
-3505
7403
-3508
7401
-3511
7400
-3514
7399
-3517
7397
-3520
7396
-3522
7395
-3525
7393
-3528
7392
-3531
7391
-3534
7389
-3536
7388
-3539
7386
-3542
7385
-3545
7384
-3548
7382
-3551
7381
-3554
7380
-3556
7378
-3559
7377
-3562
7376
-3565
7374
-3568
7373
-3570
7372
-3573
7370
-3576
7369
-3579
7367
-3582
7366
-3585
7365
-3587
7363
-3590
7362
-3593
7360
-3596
7359
-3599
7358
-3602
7356
-3604
7355
-3607
7354
-3610
7352
-3613
7351
-3616
7349
-3618
7348
-3621
7347
-3624
7345
-3627
7344
-3630
7342
-3632
7341
-3635
7340
-3638
7338
-3641
7337
-3644
7336
-3647
7334
-3650
7333
-3652
7331
-3655
7330
-3658
7328
-3661
7327
-3664
7326
-3666
7324
-3669
7323
-3672
7322
-3675
7320
-3678
7319
-3680
7317
-3683
7316
-3686
7314
-3689
7313
-3692
7312
-3694
7310
-3697
7309
-3700
7307
-3703
7306
-3706
7304
-3708
7303
-3711
7302
-3714
7300
-3717
7299
-3720
7297
-3722
7296
-3725
7294
-3728
7293
-3731
7292
-3734
7290
-3736
7289
-3739
7287
-3742
7286
-3745
7284
-3748
7283
-3750
7282
-3753
7280
-3756
7279
-3759
7277
-3762
7276
-3764
7274
-3767
7273
-3770
7272
-3773
7270
-3776
7269
-3778
7267
-3781
7266
-3784
7264
-3787
7263
-3789
7261
-3792
7260
-3795
7258
-3798
7257
-3800
7256
-3803
7254
-3806
7253
-3809
7251
-3812
7250
-3814
7248
-3817
7247
-3820
7245
-3823
7244
-3826
7242
-3828
7241
-3831
7239
-3834
7238
-3837
7236
-3839
7235
-3842
7234
-3845
7232
-3848
7230
-3850
7229
-3853
7228
-3856
7226
-3859
7225
-3862
7223
-3864
7222
-3867
7220
-3870
7219
-3873
7217
-3876
7216
-3878
7214
-3881
7213
-3884
7211
-3886
7210
-3889
7208
-3892
7207
-3895
7205
-3898
7204
-3900
7202
-3903
7201
-3906
7199
-3909
7198
-3911
7196
-3914
7195
-3917
7193
-3920
7192
-3922
7190
-3925
7189
-3928
7187
-3931
7186
-3934
7184
-3936
7183
-3939
7181
-3942
7180
-3944
7178
-3947
7177
-3950
7175
-3953
7174
-3956
7172
-3958
7171
-3961
7169
-3964
7168
-3966
7166
-3969
7164
-3972
7163
-3975
7162
-3978
7160
-3980
7158
-3983
7157
-3986
7155
-3988
7154
-3991
7152
-3994
7151
-3997
7149
-3999
7148
-4002
7146
-4005
7145
-4008
7143
-4010
7142
-4013
7140
-4016
7138
-4019
7137
-4021
7135
-4024
7134
-4027
7132
-4030
7131
-4032
7129
-4035
7128
-4038
7126
-4040
7125
-4043
7123
-4046
7122
-4049
7120
-4051
7118
-4054
7117
-4057
7115
-4060
7114
-4062
7112
-4065
7111
-4068
7109
-4070
7108
-4073
7106
-4076
7104
-4079
7103
-4081
7101
-4084
7100
-4087
7098
-4090
7096
-4092
7095
-4095
7093
-4098
7092
-4100
7090
-4103
7089
-4106
7087
-4109
7086
-4111
7084
-4114
7082
-4117
7081
-4120
7079
-4122
7078
-4125
7076
-4128
7074
-4130
7073
-4133
7071
-4136
7070
-4138
7068
-4141
7066
-4144
7065
-4147
7063
-4149
7062
-4152
7060
-4155
7058
-4158
7057
-4160
7055
-4163
7054
-4166
7052
-4168
7050
-4171
7049
-4174
7047
-4176
7046
-4179
7044
-4182
7042
-4184
7041
-4187
7039
-4190
7038
-4193
7036
-4195
7034
-4198
7033
-4201
7031
-4203
7030
-4206
7028
-4209
7026
-4212
7025
-4214
7023
-4217
7022
-4220
7020
-4222
7018
-4225
7017
-4228
7015
-4230
7014
-4233
7012
-4236
7010
-4238
7009
-4241
7007
-4244
7005
-4246
7004
-4249
7002
-4252
7000
-4254
6999
-4257
6997
-4260
6996
-4262
6994
-4265
6992
-4268
6991
-4271
6989
-4273
6987
-4276
6986
-4279
6984
-4281
6982
-4284
6981
-4287
6979
-4289
6978
-4292
6976
-4295
6974
-4297
6973
-4300
6971
-4303
6969
-4305
6968
-4308
6966
-4311
6964
-4313
6963
-4316
6961
-4319
6959
-4321
6958
-4324
6956
-4327
6954
-4329
6953
-4332
6951
-4335
6949
-4337
6948
-4340
6946
-4343
6944
-4345
6943
-4348
6941
-4351
6939
-4353
6938
-4356
6936
-4359
6934
-4361
6933
-4364
6931
-4367
6929
-4369
6928
-4372
6926
-4375
6924
-4377
6923
-4380
6921
-4383
6919
-4385
6918
-4388
6916
-4391
6914
-4393
6912
-4396
6911
-4398
6909
-4401
6908
-4404
6906
-4406
6904
-4409
6902
-4412
6901
-4414
6899
-4417
6897
-4420
6896
-4422
6894
-4425
6892
-4428
6890
-4430
6889
-4433
6887
-4436
6886
-4438
6884
-4441
6882
-4444
6880
-4446
6879
-4449
6877
-4451
6875
-4454
6874
-4457
6872
-4459
6870
-4462
6868
-4465
6867
-4467
6865
-4470
6863
-4472
6862
-4475
6860
-4478
6858
-4480
6856
-4483
6855
-4486
6853
-4488
6851
-4491
6850
-4494
6848
-4496
6846
-4499
6844
-4501
6843
-4504
6841
-4507
6839
-4509
6837
-4512
6836
-4514
6834
-4517
6832
-4520
6830
-4522
6829
-4525
6827
-4528
6825
-4530
6824
-4533
6822
-4536
6820
-4538
6818
-4541
6817
-4543
6815
-4546
6813
-4548
6811
-4551
6810
-4554
6808
-4556
6806
-4559
6804
-4562
6803
-4564
6801
-4567
6799
-4569
6797
-4572
6796
-4575
6794
-4577
6792
-4580
6790
-4582
6788
-4585
6787
-4588
6785
-4590
6783
-4593
6782
-4596
6780
-4598
6778
-4601
6776
-4603
6774
-4606
6773
-4608
6771
-4611
6769
-4614
6767
-4616
6766
-4619
6764
-4622
6762
-4624
6760
-4627
6758
-4629
6757
-4632
6755
-4634
6753
-4637
6751
-4640
6750
-4642
6748
-4645
6746
-4647
6744
-4650
6742
-4652
6741
-4655
6739
-4658
6737
-4660
6735
-4663
6734
-4666
6732
-4668
6730
-4671
6728
-4673
6726
-4676
6725
-4678
6723
-4681
6721
-4684
6719
-4686
6717
-4689
6716
-4691
6714
-4694
6712
-4696
6710
-4699
6708
-4702
6707
-4704
6705
-4707
6703
-4709
6701
-4712
6699
-4714
6698
-4717
6696
-4720
6694
-4722
6692
-4725
6690
-4727
6688
-4730
6687
-4732
6685
-4735
6683
-4738
6681
-4740
6680
-4743
6678
-4745
6676
-4748
6674
-4750
6672
-4753
6670
-4755
6668
-4758
6667
-4760
6665
-4763
6663
-4766
6661
-4768
6659
-4771
6658
-4773
6656
-4776
6654
-4778
6652
-4781
6650
-4784
6648
-4786
6646
-4789
6645
-4791
6643
-4794
6641
-4796
6639
-4799
6637
-4801
6636
-4804
6634
-4806
6632
-4809
6630
-4812
6628
-4814
6626
-4817
6624
-4819
6623
-4822
6621
-4824
6619
-4827
6617
-4829
6615
-4832
6613
-4834
6612
-4837
6610
-4840
6608
-4842
6606
-4844
6604
-4847
6602
-4850
6600
-4852
6598
-4855
6597
-4857
6595
-4860
6593
-4862
6591
-4865
6589
-4867
6587
-4870
6585
-4872
6584
-4875
6582
-4877
6580
-4880
6578
-4882
6576
-4885
6574
-4888
6572
-4890
6570
-4892
6569
-4895
6567
-4898
6565
-4900
6563
-4903
6561
-4905
6559
-4908
6557
-4910
6555
-4913
6554
-4915
6552
-4918
6550
-4920
6548
-4923
6546
-4925
6544
-4928
6542
-4930
6540
-4933
6538
-4935
6536
-4938
6535
-4940
6533
-4943
6531
-4945
6529
-4948
6527
-4950
6525
-4953
6523
-4955
6521
-4958
6519
-4960
6518
-4963
6516
-4965
6514
-4968
6512
-4970
6510
-4973
6508
-4975
6506
-4978
6504
-4980
6502
-4983
6500
-4985
6498
-4988
6496
-4990
6495
-4993
6493
-4995
6491
-4998
6489
-5000
6487
-5003
6485
-5005
6483
-5008
6481
-5010
6479
-5013
6477
-5015
6475
-5018
6474
-5020
6472
-5022
6470
-5025
6468
-5028
6466
-5030
6464
-5032
6462
-5035
6460
-5038
6458
-5040
6456
-5042
6454
-5045
6452
-5047
6450
-5050
6448
-5052
6446
-5055
6444
-5057
6443
-5060
6441
-5062
6439
-5065
6437
-5067
6435
-5070
6433
-5072
6431
-5074
6429
-5077
6427
-5080
6425
-5082
6423
-5084
6421
-5087
6419
-5089
6417
-5092
6415
-5094
6413
-5097
6411
-5099
6410
-5102
6408
-5104
6406
-5106
6404
-5109
6402
-5111
6400
-5114
6398
-5116
6396
-5119
6394
-5121
6392
-5124
6390
-5126
6388
-5129
6386
-5131
6384
-5134
6382
-5136
6380
-5138
6378
-5141
6376
-5143
6374
-5146
6372
-5148
6370
-5151
6368
-5153
6366
-5156
6364
-5158
6362
-5160
6360
-5163
6358
-5165
6356
-5168
6354
-5170
6352
-5173
6350
-5175
6348
-5177
6346
-5180
6344
-5182
6342
-5185
6340
-5187
6338
-5190
6336
-5192
6334
-5194
6332
-5197
6330
-5199
6328
-5202
6326
-5204
6324
-5207
6322
-5209
6320
-5212
6318
-5214
6316
-5216
6314
-5219
6312
-5221
6310
-5224
6308
-5226
6306
-5228
6304
-5231
6302
-5233
6300
-5236
6298
-5238
6296
-5240
6294
-5243
6292
-5245
6290
-5248
6288
-5250
6286
-5252
6284
-5255
6282
-5257
6280
-5260
6278
-5262
6276
-5265
6274
-5267
6272
-5269
6270
-5272
6268
-5274
6266
-5277
6264
-5279
6262
-5281
6260
-5284
6258
-5286
6256
-5289
6254
-5291
6252
-5293
6250
-5296
6248
-5298
6246
-5301
6244
-5303
6242
-5305
6240
-5308
6238
-5310
6236
-5313
6234
-5315
6232
-5317
6230
-5320
6228
-5322
6226
-5324
6224
-5327
6221
-5329
6219
-5332
6217
-5334
6215
-5336
6213
-5339
6211
-5341
6209
-5344
6207
-5346
6205
-5348
6203
-5351
6201
-5353
6199
-5356
6197
-5358
6195
-5360
6193
-5363
6191
-5365
6189
-5367
6186
-5370
6184
-5372
6182
-5374
6180
-5377
6178
-5379
6176
-5382
6174
-5384
6172
-5386
6170
-5389
6168
-5391
6166
-5393
6164
-5396
6162
-5398
6160
-5400
6158
-5403
6156
-5405
6154
-5408
6151
-5410
6149
-5412
6147
-5415
6145
-5417
6143
-5419
6141
-5422
6139
-5424
6137
-5426
6135
-5429
6133
-5431
6131
-5434
6128
-5436
6126
-5438
6124
-5440
6122
-5443
6120
-5445
6118
-5448
6116
-5450
6114
-5452
6112
-5455
6110
-5457
6108
-5459
6106
-5462
6104
-5464
6101
-5466
6099
-5469
6097
-5471
6095
-5473
6093
-5476
6091
-5478
6089
-5480
6087
-5483
6084
-5485
6082
-5487
6080
-5490
6078
-5492
6076
-5494
6074
-5497
6072
-5499
6070
-5501
6068
-5504
6066
-5506
6064
-5508
6061
-5511
6059
-5513
6057
-5515
6055
-5518
6053
-5520
6051
-5522
6049
-5525
6046
-5527
6044
-5529
6042
-5532
6040
-5534
6038
-5536
6036
-5538
6034
-5541
6032
-5543
6030
-5545
6027
-5548
6025
-5550
6023
-5552
6021
-5555
6019
-5557
6017
-5559
6015
-5562
6012
-5564
6010
-5566
6008
-5568
6006
-5571
6004
-5573
6002
-5575
6000
-5578
5998
-5580
5995
-5582
5993
-5585
5991
-5587
5989
-5589
5987
-5592
5985
-5594
5982
-5596
5980
-5598
5978
-5601
5976
-5603
5974
-5605
5972
-5608
5970
-5610
5968
-5612
5965
-5614
5963
-5617
5961
-5619
5959
-5621
5957
-5624
5955
-5626
5952
-5628
5950
-5630
5948
-5633
5946
-5635
5944
-5637
5942
-5640
5940
-5642
5937
-5644
5935
-5646
5933
-5649
5931
-5651
5929
-5653
5926
-5656
5924
-5658
5922
-5660
5920
-5662
5918
-5664
5916
-5667
5914
-5669
5911
-5671
5909
-5674
5907
-5676
5905
-5678
5902
-5680
5900
-5683
5898
-5685
5896
-5687
5894
-5690
5892
-5692
5890
-5694
5887
-5696
5885
-5698
5883
-5701
5881
-5703
5878
-5705
5876
-5708
5874
-5710
5872
-5712
5870
-5714
5868
-5716
5865
-5719
5863
-5721
5861
-5723
5859
-5726
5857
-5728
5854
-5730
5852
-5732
5850
-5734
5848
-5737
5846
-5739
5843
-5741
5841
-5744
5839
-5746
5837
-5748
5835
-5750
5832
-5752
5830
-5755
5828
-5757
5826
-5759
5824
-5761
5821
-5764
5819
-5766
5817
-5768
5815
-5770
5812
-5772
5810
-5775
5808
-5777
5806
-5779
5804
-5782
5801
-5784
5799
-5786
5797
-5788
5795
-5790
5792
-5792
5790
-5795
5788
-5797
5786
-5799
5784
-5801
5782
-5804
5779
-5806
5777
-5808
5775
-5810
5772
-5812
5770
-5815
5768
-5817
5766
-5819
5764
-5821
5761
-5824
5759
-5826
5757
-5828
5755
-5830
5752
-5832
5750
-5835
5748
-5837
5746
-5839
5744
-5841
5741
-5843
5739
-5846
5737
-5848
5734
-5850
5732
-5852
5730
-5854
5728
-5857
5726
-5859
5723
-5861
5721
-5863
5719
-5865
5716
-5868
5714
-5870
5712
-5872
5710
-5874
5708
-5876
5705
-5878
5703
-5881
5701
-5883
5698
-5885
5696
-5887
5694
-5890
5692
-5892
5690
-5894
5687
-5896
5685
-5898
5683
-5900
5680
-5902
5678
-5905
5676
-5907
5674
-5909
5671
-5911
5669
-5914
5667
-5916
5664
-5918
5662
-5920
5660
-5922
5658
-5924
5656
-5926
5653
-5929
5651
-5931
5649
-5933
5646
-5935
5644
-5937
5642
-5940
5640
-5942
5637
-5944
5635
-5946
5633
-5948
5630
-5950
5628
-5952
5626
-5955
5624
-5957
5621
-5959
5619
-5961
5617
-5963
5614
-5965
5612
-5968
5610
-5970
5608
-5972
5605
-5974
5603
-5976
5601
-5978
5598
-5980
5596
-5982
5594
-5985
5592
-5987
5589
-5989
5587
-5991
5585
-5993
5582
-5995
5580
-5998
5578
-6000
5575
-6002
5573
-6004
5571
-6006
5568
-6008
5566
-6010
5564
-6012
5562
-6015
5559
-6017
5557
-6019
5555
-6021
5552
-6023
5550
-6025
5548
-6027
5545
-6030
5543
-6032
5541
-6034
5538
-6036
5536
-6038
5534
-6040
5532
-6042
5529
-6044
5527
-6046
5525
-6049
5522
-6051
5520
-6053
5518
-6055
5515
-6057
5513
-6059
5511
-6061
5508
-6064
5506
-6066
5504
-6068
5501
-6070
5499
-6072
5497
-6074
5494
-6076
5492
-6078
5490
-6080
5487
-6082
5485
-6084
5483
-6087
5480
-6089
5478
-6091
5476
-6093
5473
-6095
5471
-6097
5469
-6099
5466
-6101
5464
-6104
5462
-6106
5459
-6108
5457
-6110
5455
-6112
5452
-6114
5450
-6116
5448
-6118
5445
-6120
5443
-6122
5440
-6124
5438
-6126
5436
-6128
5434
-6131
5431
-6133
5429
-6135
5426
-6137
5424
-6139
5422
-6141
5419
-6143
5417
-6145
5415
-6147
5412
-6149
5410
-6151
5408
-6154
5405
-6156
5403
-6158
5400
-6160
5398
-6162
5396
-6164
5393
-6166
5391
-6168
5389
-6170
5386
-6172
5384
-6174
5382
-6176
5379
-6178
5377
-6180
5374
-6182
5372
-6184
5370
-6186
5367
-6189
5365
-6191
5363
-6193
5360
-6195
5358
-6197
5356
-6199
5353
-6201
5351
-6203
5348
-6205
5346
-6207
5344
-6209
5341
-6211
5339
-6213
5336
-6215
5334
-6217
5332
-6219
5329
-6221
5327
-6224
5324
-6226
5322
-6228
5320
-6230
5317
-6232
5315
-6234
5313
-6236
5310
-6238
5308
-6240
5305
-6242
5303
-6244
5301
-6246
5298
-6248
5296
-6250
5293
-6252
5291
-6254
5289
-6256
5286
-6258
5284
-6260
5281
-6262
5279
-6264
5277
-6266
5274
-6268
5272
-6270
5269
-6272
5267
-6274
5265
-6276
5262
-6278
5260
-6280
5257
-6282
5255
-6284
5252
-6286
5250
-6288
5248
-6290
5245
-6292
5243
-6294
5240
-6296
5238
-6298
5236
-6300
5233
-6302
5231
-6304
5228
-6306
5226
-6308
5224
-6310
5221
-6312
5219
-6314
5216
-6316
5214
-6318
5212
-6320
5209
-6322
5207
-6324
5204
-6326
5202
-6328
5199
-6330
5197
-6332
5194
-6334
5192
-6336
5190
-6338
5187
-6340
5185
-6342
5182
-6344
5180
-6346
5177
-6348
5175
-6350
5173
-6352
5170
-6354
5168
-6356
5165
-6358
5163
-6360
5160
-6362
5158
-6364
5156
-6366
5153
-6368
5151
-6370
5148
-6372
5146
-6374
5143
-6376
5141
-6378
5138
-6380
5136
-6382
5134
-6384
5131
-6386
5129
-6388
5126
-6390
5124
-6392
5121
-6394
5119
-6396
5116
-6398
5114
-6400
5111
-6402
5109
-6404
5106
-6406
5104
-6408
5102
-6410
5099
-6411
5097
-6413
5094
-6415
5092
-6417
5089
-6419
5087
-6421
5084
-6423
5082
-6425
5080
-6427
5077
-6429
5074
-6431
5072
-6433
5070
-6435
5067
-6437
5065
-6439
5062
-6441
5060
-6443
5057
-6444
5055
-6446
5052
-6448
5050
-6450
5047
-6452
5045
-6454
5042
-6456
5040
-6458
5038
-6460
5035
-6462
5032
-6464
5030
-6466
5028
-6468
5025
-6470
5022
-6472
5020
-6474
5018
-6475
5015
-6477
5013
-6479
5010
-6481
5008
-6483
5005
-6485
5003
-6487
5000
-6489
4998
-6491
4995
-6493
4993
-6495
4990
-6496
4988
-6498
4985
-6500
4983
-6502
4980
-6504
4978
-6506
4975
-6508
4973
-6510
4970
-6512
4968
-6514
4965
-6516
4963
-6518
4960
-6519
4958
-6521
4955
-6523
4953
-6525
4950
-6527
4948
-6529
4945
-6531
4943
-6533
4940
-6535
4938
-6536
4935
-6538
4933
-6540
4930
-6542
4928
-6544
4925
-6546
4923
-6548
4920
-6550
4918
-6552
4915
-6554
4913
-6555
4910
-6557
4908
-6559
4905
-6561
4903
-6563
4900
-6565
4898
-6567
4895
-6569
4892
-6570
4890
-6572
4888
-6574
4885
-6576
4882
-6578
4880
-6580
4877
-6582
4875
-6584
4872
-6585
4870
-6587
4867
-6589
4865
-6591
4862
-6593
4860
-6595
4857
-6597
4855
-6598
4852
-6600
4850
-6602
4847
-6604
4844
-6606
4842
-6608
4840
-6610
4837
-6612
4834
-6613
4832
-6615
4829
-6617
4827
-6619
4824
-6621
4822
-6623
4819
-6624
4817
-6626
4814
-6628
4812
-6630
4809
-6632
4806
-6634
4804
-6636
4801
-6637
4799
-6639
4796
-6641
4794
-6643
4791
-6645
4789
-6646
4786
-6648
4784
-6650
4781
-6652
4778
-6654
4776
-6656
4773
-6658
4771
-6659
4768
-6661
4766
-6663
4763
-6665
4760
-6667
4758
-6668
4755
-6670
4753
-6672
4750
-6674
4748
-6676
4745
-6678
4743
-6680
4740
-6681
4738
-6683
4735
-6685
4732
-6687
4730
-6688
4727
-6690
4725
-6692
4722
-6694
4720
-6696
4717
-6698
4714
-6699
4712
-6701
4709
-6703
4707
-6705
4704
-6707
4702
-6708
4699
-6710
4696
-6712
4694
-6714
4691
-6716
4689
-6717
4686
-6719
4684
-6721
4681
-6723
4678
-6725
4676
-6726
4673
-6728
4671
-6730
4668
-6732
4666
-6734
4663
-6735
4660
-6737
4658
-6739
4655
-6741
4652
-6742
4650
-6744
4647
-6746
4645
-6748
4642
-6750
4640
-6751
4637
-6753
4634
-6755
4632
-6757
4629
-6758
4627
-6760
4624
-6762
4622
-6764
4619
-6766
4616
-6767
4614
-6769
4611
-6771
4608
-6773
4606
-6774
4603
-6776
4601
-6778
4598
-6780
4596
-6782
4593
-6783
4590
-6785
4588
-6787
4585
-6788
4582
-6790
4580
-6792
4577
-6794
4575
-6796
4572
-6797
4569
-6799
4567
-6801
4564
-6803
4562
-6804
4559
-6806
4556
-6808
4554
-6810
4551
-6811
4548
-6813
4546
-6815
4543
-6817
4541
-6818
4538
-6820
4536
-6822
4533
-6824
4530
-6825
4528
-6827
4525
-6829
4522
-6830
4520
-6832
4517
-6834
4514
-6836
4512
-6837
4509
-6839
4507
-6841
4504
-6843
4501
-6844
4499
-6846
4496
-6848
4494
-6850
4491
-6851
4488
-6853
4486
-6855
4483
-6856
4480
-6858
4478
-6860
4475
-6862
4472
-6863
4470
-6865
4467
-6867
4465
-6868
4462
-6870
4459
-6872
4457
-6874
4454
-6875
4451
-6877
4449
-6879
4446
-6880
4444
-6882
4441
-6884
4438
-6886
4436
-6887
4433
-6889
4430
-6890
4428
-6892
4425
-6894
4422
-6896
4420
-6897
4417
-6899
4414
-6901
4412
-6902
4409
-6904
4406
-6906
4404
-6908
4401
-6909
4398
-6911
4396
-6912
4393
-6914
4391
-6916
4388
-6918
4385
-6919
4383
-6921
4380
-6923
4377
-6924
4375
-6926
4372
-6928
4369
-6929
4367
-6931
4364
-6933
4361
-6934
4359
-6936
4356
-6938
4353
-6939
4351
-6941
4348
-6943
4345
-6944
4343
-6946
4340
-6948
4337
-6949
4335
-6951
4332
-6953
4329
-6954
4327
-6956
4324
-6958
4321
-6959
4319
-6961
4316
-6963
4313
-6964
4311
-6966
4308
-6968
4305
-6969
4303
-6971
4300
-6973
4297
-6974
4295
-6976
4292
-6978
4289
-6979
4287
-6981
4284
-6982
4281
-6984
4279
-6986
4276
-6987
4273
-6989
4271
-6991
4268
-6992
4265
-6994
4262
-6996
4260
-6997
4257
-6999
4254
-7000
4252
-7002
4249
-7004
4246
-7005
4244
-7007
4241
-7009
4238
-7010
4236
-7012
4233
-7014
4230
-7015
4228
-7017
4225
-7018
4222
-7020
4220
-7022
4217
-7023
4214
-7025
4212
-7026
4209
-7028
4206
-7030
4203
-7031
4201
-7033
4198
-7034
4195
-7036
4193
-7038
4190
-7039
4187
-7041
4184
-7042
4182
-7044
4179
-7046
4176
-7047
4174
-7049
4171
-7050
4168
-7052
4166
-7054
4163
-7055
4160
-7057
4158
-7058
4155
-7060
4152
-7062
4149
-7063
4147
-7065
4144
-7066
4141
-7068
4138
-7070
4136
-7071
4133
-7073
4130
-7074
4128
-7076
4125
-7078
4122
-7079
4120
-7081
4117
-7082
4114
-7084
4111
-7086
4109
-7087
4106
-7089
4103
-7090
4100
-7092
4098
-7093
4095
-7095
4092
-7096
4090
-7098
4087
-7100
4084
-7101
4081
-7103
4079
-7104
4076
-7106
4073
-7108
4070
-7109
4068
-7111
4065
-7112
4062
-7114
4060
-7115
4057
-7117
4054
-7118
4051
-7120
4049
-7122
4046
-7123
4043
-7125
4040
-7126
4038
-7128
4035
-7129
4032
-7131
4030
-7132
4027
-7134
4024
-7135
4021
-7137
4019
-7138
4016
-7140
4013
-7142
4010
-7143
4008
-7145
4005
-7146
4002
-7148
3999
-7149
3997
-7151
3994
-7152
3991
-7154
3988
-7155
3986
-7157
3983
-7158
3980
-7160
3978
-7162
3975
-7163
3972
-7164
3969
-7166
3966
-7168
3964
-7169
3961
-7171
3958
-7172
3956
-7174
3953
-7175
3950
-7177
3947
-7178
3944
-7180
3942
-7181
3939
-7183
3936
-7184
3934
-7186
3931
-7187
3928
-7189
3925
-7190
3922
-7192
3920
-7193
3917
-7195
3914
-7196
3911
-7198
3909
-7199
3906
-7201
3903
-7202
3900
-7204
3898
-7205
3895
-7207
3892
-7208
3889
-7210
3886
-7211
3884
-7213
3881
-7214
3878
-7216
3876
-7217
3873
-7219
3870
-7220
3867
-7222
3864
-7223
3862
-7225
3859
-7226
3856
-7228
3853
-7229
3850
-7230
3848
-7232
3845
-7234
3842
-7235
3839
-7236
3837
-7238
3834
-7239
3831
-7241
3828
-7242
3826
-7244
3823
-7245
3820
-7247
3817
-7248
3814
-7250
3812
-7251
3809
-7253
3806
-7254
3803
-7256
3800
-7257
3798
-7258
3795
-7260
3792
-7261
3789
-7263
3787
-7264
3784
-7266
3781
-7267
3778
-7269
3776
-7270
3773
-7272
3770
-7273
3767
-7274
3764
-7276
3762
-7277
3759
-7279
3756
-7280
3753
-7282
3750
-7283
3748
-7284
3745
-7286
3742
-7287
3739
-7289
3736
-7290
3734
-7292
3731
-7293
3728
-7294
3725
-7296
3722
-7297
3720
-7299
3717
-7300
3714
-7302
3711
-7303
3708
-7304
3706
-7306
3703
-7307
3700
-7309
3697
-7310
3694
-7312
3692
-7313
3689
-7314
3686
-7316
3683
-7317
3680
-7319
3678
-7320
3675
-7322
3672
-7323
3669
-7324
3666
-7326
3664
-7327
3661
-7328
3658
-7330
3655
-7331
3652
-7333
3650
-7334
3647
-7336
3644
-7337
3641
-7338
3638
-7340
3635
-7341
3632
-7342
3630
-7344
3627
-7345
3624
-7347
3621
-7348
3618
-7349
3616
-7351
3613
-7352
3610
-7354
3607
-7355
3604
-7356
3602
-7358
3599
-7359
3596
-7360
3593
-7362
3590
-7363
3587
-7365
3585
-7366
3582
-7367
3579
-7369
3576
-7370
3573
-7372
3570
-7373
3568
-7374
3565
-7376
3562
-7377
3559
-7378
3556
-7380
3554
-7381
3551
-7382
3548
-7384
3545
-7385
3542
-7386
3539
-7388
3536
-7389
3534
-7391
3531
-7392
3528
-7393
3525
-7395
3522
-7396
3520
-7397
3517
-7399
3514
-7400
3511
-7401
3508
-7403
3505
-7404
3502
-7405
3500
-7407
3497
-7408
3494
-7410
3491
-7411
3488
-7412
3485
-7414
3483
-7415
3480
-7416
3477
-7418
3474
-7419
3471
-7420
3468
-7422
3466
-7423
3463
-7424
3460
-7426
3457
-7427
3454
-7428
3451
-7429
3448
-7431
3446
-7432
3443
-7433
3440
-7435
3437
-7436
3434
-7437
3431
-7439
3428
-7440
3426
-7441
3423
-7443
3420
-7444
3417
-7445
3414
-7446
3411
-7448
3408
-7449
3406
-7450
3403
-7452
3400
-7453
3397
-7454
3394
-7456
3391
-7457
3388
-7458
3386
-7460
3383
-7461
3380
-7462
3377
-7464
3374
-7465
3371
-7466
3368
-7467
3366
-7469
3363
-7470
3360
-7471
3357
-7472
3354
-7474
3351
-7475
3348
-7476
3346
-7478
3343
-7479
3340
-7480
3337
-7482
3334
-7483
3331
-7484
3328
-7485
3325
-7487
3322
-7488
3320
-7489
3317
-7490
3314
-7492
3311
-7493
3308
-7494
3305
-7496
3302
-7497
3300
-7498
3297
-7499
3294
-7500
3291
-7502
3288
-7503
3285
-7504
3282
-7506
3279
-7507
3276
-7508
3274
-7509
3271
-7511
3268
-7512
3265
-7513
3262
-7514
3259
-7516
3256
-7517
3254
-7518
3251
-7519
3248
-7521
3245
-7522
3242
-7523
3239
-7524
3236
-7526
3233
-7527
3230
-7528
3228
-7529
3225
-7530
3222
-7532
3219
-7533
3216
-7534
3213
-7536
3210
-7537
3207
-7538
3204
-7539
3202
-7540
3199
-7542
3196
-7543
3193
-7544
3190
-7545
3187
-7546
3184
-7548
3181
-7549
3178
-7550
3176
-7551
3173
-7553
3170
-7554
3167
-7555
3164
-7556
3161
-7558
3158
-7559
3155
-7560
3152
-7561
3149
-7562
3146
-7564
3144
-7565
3141
-7566
3138
-7567
3135
-7568
3132
-7570
3129
-7571
3126
-7572
3123
-7573
3120
-7574
3118
-7576
3114
-7577
3112
-7578
3109
-7579
3106
-7580
3103
-7582
3100
-7583
3097
-7584
3094
-7585
3091
-7586
3088
-7588
3086
-7589
3082
-7590
3080
-7591
3077
-7592
3074
-7593
3071
-7594
3068
-7596
3065
-7597
3062
-7598
3059
-7599
3056
-7600
3053
-7602
3050
-7603
3048
-7604
3045
-7605
3042
-7606
3039
-7607
3036
-7609
3033
-7610
3030
-7611
3027
-7612
3024
-7613
3021
-7614
3018
-7616
3016
-7617
3013
-7618
3010
-7619
3007
-7620
3004
-7621
3001
-7622
2998
-7624
2995
-7625
2992
-7626
2989
-7627
2986
-7628
2983
-7629
2980
-7630
2978
-7632
2974
-7633
2972
-7634
2969
-7635
2966
-7636
2963
-7637
2960
-7638
2957
-7640
2954
-7641
2951
-7642
2948
-7643
2945
-7644
2942
-7645
2939
-7646
2936
-7648
2934
-7649
2931
-7650
2928
-7651
2925
-7652
2922
-7653
2919
-7654
2916
-7655
2913
-7656
2910
-7658
2907
-7659
2904
-7660
2901
-7661
2898
-7662
2895
-7663
2892
-7664
2890
-7665
2886
-7666
2884
-7668
2881
-7669
2878
-7670
2875
-7671
2872
-7672
2869
-7673
2866
-7674
2863
-7675
2860
-7676
2857
-7678
2854
-7679
2851
-7680
2848
-7681
2845
-7682
2842
-7683
2840
-7684
2836
-7685
2834
-7686
2831
-7687
2828
-7688
2825
-7690
2822
-7691
2819
-7692
2816
-7693
2813
-7694
2810
-7695
2807
-7696
2804
-7697
2801
-7698
2798
-7699
2795
-7700
2792
-7701
2789
-7702
2786
-7704
2783
-7705
2780
-7706
2778
-7707
2774
-7708
2772
-7709
2769
-7710
2766
-7711
2763
-7712
2760
-7713
2757
-7714
2754
-7715
2751
-7716
2748
-7717
2745
-7718
2742
-7719
2739
-7720
2736
-7722
2733
-7722
2730
-7724
2727
-7725
2724
-7726
2721
-7727
2718
-7728
2715
-7729
2712
-7730
2709
-7731
2706
-7732
2704
-7733
2700
-7734
2698
-7735
2695
-7736
2692
-7737
2689
-7738
2686
-7739
2683
-7740
2680
-7741
2677
-7742
2674
-7743
2671
-7744
2668
-7745
2665
-7746
2662
-7747
2659
-7748
2656
-7749
2653
-7750
2650
-7752
2647
-7752
2644
-7754
2641
-7754
2638
-7756
2635
-7756
2632
-7758
2629
-7758
2626
-7760
2623
-7760
2620
-7762
2617
-7762
2614
-7764
2611
-7765
2608
-7766
2605
-7767
2602
-7768
2599
-7768
2596
-7770
2594
-7770
2590
-7772
2588
-7772
2584
-7774
2582
-7774
2579
-7776
2576
-7776
2573
-7778
2570
-7778
2567
-7780
2564
-7780
2561
-7781
2558
-7782
2555
-7783
2552
-7784
2549
-7785
2546
-7786
2543
-7787
2540
-7788
2537
-7789
2534
-7790
2531
-7791
2528
-7792
2525
-7793
2522
-7794
2519
-7795
2516
-7796
2513
-7797
2510
-7798
2507
-7799
2504
-7800
2501
-7801
2498
-7802
2495
-7803
2492
-7804
2489
-7805
2486
-7806
2483
-7807
2480
-7808
2477
-7808
2474
-7809
2471
-7810
2468
-7811
2465
-7812
2462
-7813
2459
-7814
2456
-7815
2453
-7816
2450
-7817
2447
-7818
2444
-7819
2441
-7820
2438
-7821
2435
-7822
2432
-7823
2429
-7824
2426
-7824
2423
-7825
2420
-7826
2417
-7827
2414
-7828
2411
-7829
2408
-7830
2405
-7831
2402
-7832
2399
-7833
2396
-7834
2393
-7835
2390
-7836
2387
-7836
2384
-7837
2381
-7838
2378
-7839
2375
-7840
2372
-7841
2369
-7842
2366
-7843
2363
-7844
2360
-7845
2357
-7846
2354
-7846
2351
-7847
2348
-7848
2345
-7849
2342
-7850
2339
-7851
2336
-7852
2333
-7853
2330
-7854
2327
-7854
2324
-7855
2321
-7856
2318
-7857
2315
-7858
2312
-7859
2309
-7860
2306
-7861
2303
-7862
2300
-7862
2297
-7863
2294
-7864
2291
-7865
2288
-7866
2285
-7867
2282
-7868
2278
-7869
2276
-7870
2272
-7870
2270
-7871
2266
-7872
2264
-7873
2260
-7874
2257
-7875
2254
-7876
2251
-7876
2248
-7877
2245
-7878
2242
-7879
2239
-7880
2236
-7881
2233
-7882
2230
-7882
2227
-7883
2224
-7884
2221
-7885
2218
-7886
2215
-7887
2212
-7888
2209
-7888
2206
-7889
2203
-7890
2200
-7891
2197
-7892
2194
-7893
2191
-7894
2188
-7894
2185
-7895
2182
-7896
2179
-7897
2176
-7898
2173
-7898
2170
-7899
2167
-7900
2164
-7901
2161
-7902
2158
-7903
2154
-7904
2152
-7904
2148
-7905
2146
-7906
2142
-7907
2139
-7908
2136
-7908
2133
-7909
2130
-7910
2127
-7911
2124
-7912
2121
-7912
2118
-7913
2115
-7914
2112
-7915
2109
-7916
2106
-7917
2103
-7917
2100
-7918
2097
-7919
2094
-7920
2091
-7921
2088
-7921
2085
-7922
2082
-7923
2079
-7924
2076
-7925
2073
-7925
2070
-7926
2066
-7927
2064
-7928
2060
-7929
2057
-7929
2054
-7930
2051
-7931
2048
-7932
2045
-7932
2042
-7933
2039
-7934
2036
-7935
2033
-7936
2030
-7936
2027
-7937
2024
-7938
2021
-7939
2018
-7940
2015
-7940
2012
-7941
2009
-7942
2006
-7943
2003
-7943
2000
-7944
1996
-7945
1994
-7946
1990
-7946
1987
-7947
1984
-7948
1981
-7949
1978
-7950
1975
-7950
1972
-7951
1969
-7952
1966
-7952
1963
-7953
1960
-7954
1957
-7955
1954
-7956
1951
-7956
1948
-7957
1945
-7958
1942
-7958
1939
-7959
1936
-7960
1932
-7961
1929
-7962
1926
-7962
1923
-7963
1920
-7964
1917
-7964
1914
-7965
1911
-7966
1908
-7967
1905
-7967
1902
-7968
1899
-7969
1896
-7970
1893
-7970
1890
-7971
1887
-7972
1884
-7972
1880
-7973
1878
-7974
1874
-7975
1871
-7975
1868
-7976
1865
-7977
1862
-7978
1859
-7978
1856
-7979
1853
-7980
1850
-7980
1847
-7981
1844
-7982
1841
-7982
1838
-7983
1835
-7984
1832
-7984
1828
-7985
1826
-7986
1822
-7987
1819
-7987
1816
-7988
1813
-7989
1810
-7989
1807
-7990
1804
-7991
1801
-7992
1798
-7992
1795
-7993
1792
-7994
1789
-7994
1786
-7995
1782
-7996
1780
-7996
1776
-7997
1773
-7998
1770
-7998
1767
-7999
1764
-8000
1761
-8000
1758
-8001
1755
-8002
1752
-8002
1749
-8003
1746
-8004
1743
-8004
1740
-8005
1736
-8006
1734
-8006
1730
-8007
1727
-8008
1724
-8008
1721
-8009
1718
-8010
1715
-8010
1712
-8011
1709
-8012
1706
-8012
1703
-8013
1700
-8014
1697
-8014
1694
-8015
1690
-8016
1687
-8016
1684
-8017
1681
-8018
1678
-8018
1675
-8019
1672
-8020
1669
-8020
1666
-8021
1663
-8021
1660
-8022
1657
-8023
1654
-8023
1650
-8024
1647
-8025
1644
-8025
1641
-8026
1638
-8026
1635
-8027
1632
-8028
1629
-8028
1626
-8029
1623
-8030
1620
-8030
1617
-8031
1614
-8032
1610
-8032
1607
-8033
1604
-8033
1601
-8034
1598
-8034
1595
-8035
1592
-8036
1589
-8036
1586
-8037
1583
-8038
1580
-8038
1576
-8039
1574
-8039
1570
-8040
1567
-8041
1564
-8041
1561
-8042
1558
-8042
1555
-8043
1552
-8044
1549
-8044
1546
-8045
1543
-8045
1540
-8046
1536
-8046
1533
-8047
1530
-8048
1527
-8048
1524
-8049
1521
-8050
1518
-8050
1515
-8051
1512
-8051
1509
-8052
1506
-8052
1502
-8053
1499
-8054
1496
-8054
1493
-8055
1490
-8055
1487
-8056
1484
-8056
1481
-8057
1478
-8058
1475
-8058
1472
-8059
1468
-8059
1465
-8060
1462
-8060
1459
-8061
1456
-8062
1453
-8062
1450
-8063
1447
-8063
1444
-8064
1441
-8064
1438
-8065
1434
-8065
1431
-8066
1428
-8066
1425
-8067
1422
-8068
1419
-8068
1416
-8069
1413
-8069
1410
-8070
1407
-8070
1404
-8071
1400
-8071
1397
-8072
1394
-8072
1391
-8073
1388
-8074
1385
-8074
1382
-8074
1379
-8075
1376
-8076
1373
-8076
1370
-8077
1366
-8077
1363
-8078
1360
-8078
1357
-8079
1354
-8079
1351
-8080
1348
-8080
1345
-8081
1342
-8081
1338
-8082
1335
-8082
1332
-8083
1329
-8083
1326
-8084
1323
-8084
1320
-8085
1317
-8085
1314
-8086
1311
-8086
1308
-8087
1304
-8087
1301
-8088
1298
-8088
1295
-8089
1292
-8089
1289
-8090
1286
-8090
1283
-8091
1280
-8091
1276
-8092
1273
-8092
1270
-8093
1267
-8093
1264
-8094
1261
-8094
1258
-8095
1255
-8095
1252
-8096
1248
-8096
1246
-8097
1242
-8097
1239
-8098
1236
-8098
1233
-8099
1230
-8099
1227
-8100
1224
-8100
1221
-8100
1218
-8101
1214
-8101
1211
-8102
1208
-8102
1205
-8103
1202
-8103
1199
-8104
1196
-8104
1193
-8105
1190
-8105
1186
-8106
1183
-8106
1180
-8106
1177
-8107
1174
-8107
1171
-8108
1168
-8108
1165
-8109
1162
-8109
1158
-8110
1155
-8110
1152
-8110
1149
-8111
1146
-8111
1143
-8112
1140
-8112
1137
-8113
1134
-8113
1130
-8114
1127
-8114
1124
-8114
1121
-8115
1118
-8115
1115
-8116
1112
-8116
1109
-8117
1106
-8117
1102
-8117
1099
-8118
1096
-8118
1093
-8119
1090
-8119
1087
-8120
1084
-8120
1081
-8120
1078
-8121
1074
-8121
1071
-8122
1068
-8122
1065
-8122
1062
-8123
1059
-8123
1056
-8124
1053
-8124
1050
-8124
1046
-8125
1043
-8125
1040
-8126
1037
-8126
1034
-8126
1031
-8127
1028
-8127
1024
-8128
1021
-8128
1018
-8128
1015
-8129
1012
-8129
1009
-8130
1006
-8130
1003
-8130
1000
-8131
996
-8131
993
-8132
990
-8132
987
-8132
984
-8133
981
-8133
978
-8133
975
-8134
972
-8134
968
-8134
965
-8135
962
-8135
959
-8136
956
-8136
953
-8136
950
-8137
947
-8137
944
-8137
940
-8138
937
-8138
934
-8138
931
-8139
928
-8139
925
-8140
922
-8140
918
-8140
915
-8141
912
-8141
909
-8141
906
-8142
903
-8142
900
-8142
897
-8143
894
-8143
890
-8143
887
-8144
884
-8144
881
-8144
878
-8145
875
-8145
872
-8145
868
-8146
865
-8146
862
-8146
859
-8147
856
-8147
853
-8147
850
-8148
847
-8148
844
-8148
840
-8149
837
-8149
834
-8149
831
-8150
828
-8150
825
-8150
822
-8151
818
-8151
815
-8151
812
-8152
809
-8152
806
-8152
803
-8152
800
-8153
797
-8153
794
-8153
790
-8154
787
-8154
784
-8154
781
-8155
778
-8155
775
-8155
772
-8156
768
-8156
765
-8156
762
-8156
759
-8157
756
-8157
753
-8157
750
-8158
747
-8158
744
-8158
740
-8158
737
-8159
734
-8159
731
-8159
728
-8160
725
-8160
722
-8160
718
-8160
715
-8161
712
-8161
709
-8161
706
-8162
703
-8162
700
-8162
696
-8162
693
-8162
690
-8163
687
-8163
684
-8163
681
-8164
678
-8164
675
-8164
672
-8164
668
-8165
665
-8165
662
-8165
659
-8165
656
-8166
653
-8166
650
-8166
646
-8166
643
-8167
640
-8167
637
-8167
634
-8167
631
-8168
628
-8168
624
-8168
621
-8168
618
-8169
615
-8169
612
-8169
609
-8169
606
-8170
603
-8170
600
-8170
596
-8170
593
-8170
590
-8171
587
-8171
584
-8171
581
-8171
578
-8172
574
-8172
571
-8172
568
-8172
565
-8172
562
-8173
559
-8173
556
-8173
552
-8173
549
-8174
546
-8174
543
-8174
540
-8174
537
-8174
534
-8174
530
-8175
527
-8175
524
-8175
521
-8175
518
-8176
515
-8176
512
-8176
508
-8176
505
-8176
502
-8176
499
-8177
496
-8177
493
-8177
490
-8177
487
-8178
484
-8178
480
-8178
477
-8178
474
-8178
471
-8178
468
-8179
465
-8179
462
-8179
458
-8179
455
-8179
452
-8180
449
-8180
446
-8180
443
-8180
440
-8180
436
-8180
433
-8180
430
-8181
427
-8181
424
-8181
421
-8181
418
-8181
414
-8182
411
-8182
408
-8182
405
-8182
402
-8182
399
-8182
396
-8182
392
-8182
389
-8183
386
-8183
383
-8183
380
-8183
377
-8183
374
-8183
370
-8184
367
-8184
364
-8184
361
-8184
358
-8184
355
-8184
352
-8184
348
-8184
345
-8185
342
-8185
339
-8185
336
-8185
333
-8185
330
-8185
327
-8185
323
-8186
320
-8186
317
-8186
314
-8186
311
-8186
308
-8186
305
-8186
302
-8186
298
-8186
295
-8187
292
-8187
289
-8187
286
-8187
283
-8187
280
-8187
276
-8187
273
-8187
270
-8188
267
-8188
264
-8188
261
-8188
258
-8188
254
-8188
251
-8188
248
-8188
245
-8188
242
-8188
239
-8188
236
-8188
232
-8189
229
-8189
226
-8189
223
-8189
220
-8189
217
-8189
214
-8189
210
-8189
207
-8189
204
-8189
201
-8190
198
-8190
195
-8190
192
-8190
188
-8190
185
-8190
182
-8190
179
-8190
176
-8190
173
-8190
170
-8190
166
-8190
163
-8190
160
-8190
157
-8190
154
-8190
151
-8190
148
-8191
144
-8191
141
-8191
138
-8191
135
-8191
132
-8191
129
-8191
126
-8191
122
-8191
119
-8191
116
-8191
113
-8191
110
-8191
107
-8191
104
-8191
100
-8191
97
-8191
94
-8191
91
-8191
88
-8192
85
-8192
82
-8192
78
-8192
75
-8192
72
-8192
69
-8192
66
-8192
63
-8192
60
-8192
56
-8192
53
-8192
50
-8192
47
-8192
44
-8192
41
-8192
38
-8192
34
-8192
31
-8192
28
-8192
25
-8192
22
-8192
19
-8192
16
-8192
12
-8192
9
-8192
6
-8192
3
-8192
0
-8192
-3
-8192
-6
-8192
-9
-8192
-12
-8192
-16
-8192
-19
-8192
-22
-8192
-25
-8192
-28
-8192
-31
-8192
-34
-8192
-38
-8192
-41
-8192
-44
-8192
-47
-8192
-50
-8192
-53
-8192
-56
-8192
-60
-8192
-63
-8192
-66
-8192
-69
-8192
-72
-8192
-75
-8192
-78
-8192
-82
-8192
-85
-8192
-88
-8192
-91
-8191
-94
-8191
-97
-8191
-100
-8191
-104
-8191
-107
-8191
-110
-8191
-113
-8191
-116
-8191
-119
-8191
-122
-8191
-126
-8191
-129
-8191
-132
-8191
-135
-8191
-138
-8191
-141
-8191
-144
-8191
-148
-8191
-151
-8190
-154
-8190
-157
-8190
-160
-8190
-163
-8190
-166
-8190
-170
-8190
-173
-8190
-176
-8190
-179
-8190
-182
-8190
-185
-8190
-188
-8190
-192
-8190
-195
-8190
-198
-8190
-201
-8190
-204
-8189
-207
-8189
-210
-8189
-214
-8189
-217
-8189
-220
-8189
-223
-8189
-226
-8189
-229
-8189
-232
-8189
-236
-8188
-239
-8188
-242
-8188
-245
-8188
-248
-8188
-251
-8188
-254
-8188
-258
-8188
-261
-8188
-264
-8188
-267
-8188
-270
-8188
-273
-8187
-276
-8187
-280
-8187
-283
-8187
-286
-8187
-289
-8187
-292
-8187
-295
-8187
-298
-8186
-302
-8186
-305
-8186
-308
-8186
-311
-8186
-314
-8186
-317
-8186
-320
-8186
-323
-8186
-327
-8185
-330
-8185
-333
-8185
-336
-8185
-339
-8185
-342
-8185
-345
-8185
-348
-8184
-352
-8184
-355
-8184
-358
-8184
-361
-8184
-364
-8184
-367
-8184
-370
-8184
-374
-8183
-377
-8183
-380
-8183
-383
-8183
-386
-8183
-389
-8183
-392
-8182
-396
-8182
-399
-8182
-402
-8182
-405
-8182
-408
-8182
-411
-8182
-414
-8182
-418
-8181
-421
-8181
-424
-8181
-427
-8181
-430
-8181
-433
-8180
-436
-8180
-440
-8180
-443
-8180
-446
-8180
-449
-8180
-452
-8180
-455
-8179
-458
-8179
-462
-8179
-465
-8179
-468
-8179
-471
-8178
-474
-8178
-477
-8178
-480
-8178
-484
-8178
-487
-8178
-490
-8177
-493
-8177
-496
-8177
-499
-8177
-502
-8176
-505
-8176
-508
-8176
-512
-8176
-515
-8176
-518
-8176
-521
-8175
-524
-8175
-527
-8175
-530
-8175
-534
-8174
-537
-8174
-540
-8174
-543
-8174
-546
-8174
-549
-8174
-552
-8173
-556
-8173
-559
-8173
-562
-8173
-565
-8172
-568
-8172
-571
-8172
-574
-8172
-578
-8172
-581
-8171
-584
-8171
-587
-8171
-590
-8171
-593
-8170
-596
-8170
-600
-8170
-603
-8170
-606
-8170
-609
-8169
-612
-8169
-615
-8169
-618
-8169
-621
-8168
-624
-8168
-628
-8168
-631
-8168
-634
-8167
-637
-8167
-640
-8167
-643
-8167
-646
-8166
-650
-8166
-653
-8166
-656
-8166
-659
-8165
-662
-8165
-665
-8165
-668
-8165
-672
-8164
-675
-8164
-678
-8164
-681
-8164
-684
-8163
-687
-8163
-690
-8163
-693
-8162
-696
-8162
-700
-8162
-703
-8162
-706
-8162
-709
-8161
-712
-8161
-715
-8161
-718
-8160
-722
-8160
-725
-8160
-728
-8160
-731
-8159
-734
-8159
-737
-8159
-740
-8158
-744
-8158
-747
-8158
-750
-8158
-753
-8157
-756
-8157
-759
-8157
-762
-8156
-765
-8156
-768
-8156
-772
-8156
-775
-8155
-778
-8155
-781
-8155
-784
-8154
-787
-8154
-790
-8154
-794
-8153
-797
-8153
-800
-8153
-803
-8152
-806
-8152
-809
-8152
-812
-8152
-815
-8151
-818
-8151
-822
-8151
-825
-8150
-828
-8150
-831
-8150
-834
-8149
-837
-8149
-840
-8149
-844
-8148
-847
-8148
-850
-8148
-853
-8147
-856
-8147
-859
-8147
-862
-8146
-865
-8146
-868
-8146
-872
-8145
-875
-8145
-878
-8145
-881
-8144
-884
-8144
-887
-8144
-890
-8143
-894
-8143
-897
-8143
-900
-8142
-903
-8142
-906
-8142
-909
-8141
-912
-8141
-915
-8141
-918
-8140
-922
-8140
-925
-8140
-928
-8139
-931
-8139
-934
-8138
-937
-8138
-940
-8138
-944
-8137
-947
-8137
-950
-8137
-953
-8136
-956
-8136
-959
-8136
-962
-8135
-965
-8135
-968
-8134
-972
-8134
-975
-8134
-978
-8133
-981
-8133
-984
-8133
-987
-8132
-990
-8132
-993
-8132
-996
-8131
-1000
-8131
-1003
-8130
-1006
-8130
-1009
-8130
-1012
-8129
-1015
-8129
-1018
-8128
-1021
-8128
-1024
-8128
-1028
-8127
-1031
-8127
-1034
-8126
-1037
-8126
-1040
-8126
-1043
-8125
-1046
-8125
-1050
-8124
-1053
-8124
-1056
-8124
-1059
-8123
-1062
-8123
-1065
-8122
-1068
-8122
-1071
-8122
-1074
-8121
-1078
-8121
-1081
-8120
-1084
-8120
-1087
-8120
-1090
-8119
-1093
-8119
-1096
-8118
-1099
-8118
-1102
-8117
-1106
-8117
-1109
-8117
-1112
-8116
-1115
-8116
-1118
-8115
-1121
-8115
-1124
-8114
-1127
-8114
-1130
-8114
-1134
-8113
-1137
-8113
-1140
-8112
-1143
-8112
-1146
-8111
-1149
-8111
-1152
-8110
-1155
-8110
-1158
-8110
-1162
-8109
-1165
-8109
-1168
-8108
-1171
-8108
-1174
-8107
-1177
-8107
-1180
-8106
-1183
-8106
-1186
-8106
-1190
-8105
-1193
-8105
-1196
-8104
-1199
-8104
-1202
-8103
-1205
-8103
-1208
-8102
-1211
-8102
-1214
-8101
-1218
-8101
-1221
-8100
-1224
-8100
-1227
-8100
-1230
-8099
-1233
-8099
-1236
-8098
-1239
-8098
-1242
-8097
-1246
-8097
-1248
-8096
-1252
-8096
-1255
-8095
-1258
-8095
-1261
-8094
-1264
-8094
-1267
-8093
-1270
-8093
-1273
-8092
-1276
-8092
-1280
-8091
-1283
-8091
-1286
-8090
-1289
-8090
-1292
-8089
-1295
-8089
-1298
-8088
-1301
-8088
-1304
-8087
-1308
-8087
-1311
-8086
-1314
-8086
-1317
-8085
-1320
-8085
-1323
-8084
-1326
-8084
-1329
-8083
-1332
-8083
-1335
-8082
-1338
-8082
-1342
-8081
-1345
-8081
-1348
-8080
-1351
-8080
-1354
-8079
-1357
-8079
-1360
-8078
-1363
-8078
-1366
-8077
-1370
-8077
-1373
-8076
-1376
-8076
-1379
-8075
-1382
-8074
-1385
-8074
-1388
-8074
-1391
-8073
-1394
-8072
-1397
-8072
-1400
-8071
-1404
-8071
-1407
-8070
-1410
-8070
-1413
-8069
-1416
-8069
-1419
-8068
-1422
-8068
-1425
-8067
-1428
-8066
-1431
-8066
-1434
-8065
-1438
-8065
-1441
-8064
-1444
-8064
-1447
-8063
-1450
-8063
-1453
-8062
-1456
-8062
-1459
-8061
-1462
-8060
-1465
-8060
-1468
-8059
-1472
-8059
-1475
-8058
-1478
-8058
-1481
-8057
-1484
-8056
-1487
-8056
-1490
-8055
-1493
-8055
-1496
-8054
-1499
-8054
-1502
-8053
-1506
-8052
-1509
-8052
-1512
-8051
-1515
-8051
-1518
-8050
-1521
-8050
-1524
-8049
-1527
-8048
-1530
-8048
-1533
-8047
-1536
-8046
-1540
-8046
-1543
-8045
-1546
-8045
-1549
-8044
-1552
-8044
-1555
-8043
-1558
-8042
-1561
-8042
-1564
-8041
-1567
-8041
-1570
-8040
-1574
-8039
-1576
-8039
-1580
-8038
-1583
-8038
-1586
-8037
-1589
-8036
-1592
-8036
-1595
-8035
-1598
-8034
-1601
-8034
-1604
-8033
-1607
-8033
-1610
-8032
-1614
-8032
-1617
-8031
-1620
-8030
-1623
-8030
-1626
-8029
-1629
-8028
-1632
-8028
-1635
-8027
-1638
-8026
-1641
-8026
-1644
-8025
-1647
-8025
-1650
-8024
-1654
-8023
-1657
-8023
-1660
-8022
-1663
-8021
-1666
-8021
-1669
-8020
-1672
-8020
-1675
-8019
-1678
-8018
-1681
-8018
-1684
-8017
-1687
-8016
-1690
-8016
-1694
-8015
-1697
-8014
-1700
-8014
-1703
-8013
-1706
-8012
-1709
-8012
-1712
-8011
-1715
-8010
-1718
-8010
-1721
-8009
-1724
-8008
-1727
-8008
-1730
-8007
-1734
-8006
-1736
-8006
-1740
-8005
-1743
-8004
-1746
-8004
-1749
-8003
-1752
-8002
-1755
-8002
-1758
-8001
-1761
-8000
-1764
-8000
-1767
-7999
-1770
-7998
-1773
-7998
-1776
-7997
-1780
-7996
-1782
-7996
-1786
-7995
-1789
-7994
-1792
-7994
-1795
-7993
-1798
-7992
-1801
-7992
-1804
-7991
-1807
-7990
-1810
-7989
-1813
-7989
-1816
-7988
-1819
-7987
-1822
-7987
-1826
-7986
-1828
-7985
-1832
-7984
-1835
-7984
-1838
-7983
-1841
-7982
-1844
-7982
-1847
-7981
-1850
-7980
-1853
-7980
-1856
-7979
-1859
-7978
-1862
-7978
-1865
-7977
-1868
-7976
-1871
-7975
-1874
-7975
-1878
-7974
-1880
-7973
-1884
-7972
-1887
-7972
-1890
-7971
-1893
-7970
-1896
-7970
-1899
-7969
-1902
-7968
-1905
-7967
-1908
-7967
-1911
-7966
-1914
-7965
-1917
-7964
-1920
-7964
-1923
-7963
-1926
-7962
-1929
-7962
-1932
-7961
-1936
-7960
-1939
-7959
-1942
-7958
-1945
-7958
-1948
-7957
-1951
-7956
-1954
-7956
-1957
-7955
-1960
-7954
-1963
-7953
-1966
-7952
-1969
-7952
-1972
-7951
-1975
-7950
-1978
-7950
-1981
-7949
-1984
-7948
-1987
-7947
-1990
-7946
-1994
-7946
-1996
-7945
-2000
-7944
-2003
-7943
-2006
-7943
-2009
-7942
-2012
-7941
-2015
-7940
-2018
-7940
-2021
-7939
-2024
-7938
-2027
-7937
-2030
-7936
-2033
-7936
-2036
-7935
-2039
-7934
-2042
-7933
-2045
-7932
-2048
-7932
-2051
-7931
-2054
-7930
-2057
-7929
-2060
-7929
-2064
-7928
-2066
-7927
-2070
-7926
-2073
-7925
-2076
-7925
-2079
-7924
-2082
-7923
-2085
-7922
-2088
-7921
-2091
-7921
-2094
-7920
-2097
-7919
-2100
-7918
-2103
-7917
-2106
-7917
-2109
-7916
-2112
-7915
-2115
-7914
-2118
-7913
-2121
-7912
-2124
-7912
-2127
-7911
-2130
-7910
-2133
-7909
-2136
-7908
-2139
-7908
-2142
-7907
-2146
-7906
-2148
-7905
-2152
-7904
-2154
-7904
-2158
-7903
-2161
-7902
-2164
-7901
-2167
-7900
-2170
-7899
-2173
-7898
-2176
-7898
-2179
-7897
-2182
-7896
-2185
-7895
-2188
-7894
-2191
-7894
-2194
-7893
-2197
-7892
-2200
-7891
-2203
-7890
-2206
-7889
-2209
-7888
-2212
-7888
-2215
-7887
-2218
-7886
-2221
-7885
-2224
-7884
-2227
-7883
-2230
-7882
-2233
-7882
-2236
-7881
-2239
-7880
-2242
-7879
-2245
-7878
-2248
-7877
-2251
-7876
-2254
-7876
-2257
-7875
-2260
-7874
-2264
-7873
-2266
-7872
-2270
-7871
-2272
-7870
-2276
-7870
-2278
-7869
-2282
-7868
-2285
-7867
-2288
-7866
-2291
-7865
-2294
-7864
-2297
-7863
-2300
-7862
-2303
-7862
-2306
-7861
-2309
-7860
-2312
-7859
-2315
-7858
-2318
-7857
-2321
-7856
-2324
-7855
-2327
-7854
-2330
-7854
-2333
-7853
-2336
-7852
-2339
-7851
-2342
-7850
-2345
-7849
-2348
-7848
-2351
-7847
-2354
-7846
-2357
-7846
-2360
-7845
-2363
-7844
-2366
-7843
-2369
-7842
-2372
-7841
-2375
-7840
-2378
-7839
-2381
-7838
-2384
-7837
-2387
-7836
-2390
-7836
-2393
-7835
-2396
-7834
-2399
-7833
-2402
-7832
-2405
-7831
-2408
-7830
-2411
-7829
-2414
-7828
-2417
-7827
-2420
-7826
-2423
-7825
-2426
-7824
-2429
-7824
-2432
-7823
-2435
-7822
-2438
-7821
-2441
-7820
-2444
-7819
-2447
-7818
-2450
-7817
-2453
-7816
-2456
-7815
-2459
-7814
-2462
-7813
-2465
-7812
-2468
-7811
-2471
-7810
-2474
-7809
-2477
-7808
-2480
-7808
-2483
-7807
-2486
-7806
-2489
-7805
-2492
-7804
-2495
-7803
-2498
-7802
-2501
-7801
-2504
-7800
-2507
-7799
-2510
-7798
-2513
-7797
-2516
-7796
-2519
-7795
-2522
-7794
-2525
-7793
-2528
-7792
-2531
-7791
-2534
-7790
-2537
-7789
-2540
-7788
-2543
-7787
-2546
-7786
-2549
-7785
-2552
-7784
-2555
-7783
-2558
-7782
-2561
-7781
-2564
-7780
-2567
-7780
-2570
-7778
-2573
-7778
-2576
-7776
-2579
-7776
-2582
-7774
-2584
-7774
-2588
-7772
-2590
-7772
-2594
-7770
-2596
-7770
-2599
-7768
-2602
-7768
-2605
-7767
-2608
-7766
-2611
-7765
-2614
-7764
-2617
-7762
-2620
-7762
-2623
-7760
-2626
-7760
-2629
-7758
-2632
-7758
-2635
-7756
-2638
-7756
-2641
-7754
-2644
-7754
-2647
-7752
-2650
-7752
-2653
-7750
-2656
-7749
-2659
-7748
-2662
-7747
-2665
-7746
-2668
-7745
-2671
-7744
-2674
-7743
-2677
-7742
-2680
-7741
-2683
-7740
-2686
-7739
-2689
-7738
-2692
-7737
-2695
-7736
-2698
-7735
-2700
-7734
-2704
-7733
-2706
-7732
-2709
-7731
-2712
-7730
-2715
-7729
-2718
-7728
-2721
-7727
-2724
-7726
-2727
-7725
-2730
-7724
-2733
-7722
-2736
-7722
-2739
-7720
-2742
-7719
-2745
-7718
-2748
-7717
-2751
-7716
-2754
-7715
-2757
-7714
-2760
-7713
-2763
-7712
-2766
-7711
-2769
-7710
-2772
-7709
-2774
-7708
-2778
-7707
-2780
-7706
-2783
-7705
-2786
-7704
-2789
-7702
-2792
-7701
-2795
-7700
-2798
-7699
-2801
-7698
-2804
-7697
-2807
-7696
-2810
-7695
-2813
-7694
-2816
-7693
-2819
-7692
-2822
-7691
-2825
-7690
-2828
-7688
-2831
-7687
-2834
-7686
-2836
-7685
-2840
-7684
-2842
-7683
-2845
-7682
-2848
-7681
-2851
-7680
-2854
-7679
-2857
-7678
-2860
-7676
-2863
-7675
-2866
-7674
-2869
-7673
-2872
-7672
-2875
-7671
-2878
-7670
-2881
-7669
-2884
-7668
-2886
-7666
-2890
-7665
-2892
-7664
-2895
-7663
-2898
-7662
-2901
-7661
-2904
-7660
-2907
-7659
-2910
-7658
-2913
-7656
-2916
-7655
-2919
-7654
-2922
-7653
-2925
-7652
-2928
-7651
-2931
-7650
-2934
-7649
-2936
-7648
-2939
-7646
-2942
-7645
-2945
-7644
-2948
-7643
-2951
-7642
-2954
-7641
-2957
-7640
-2960
-7638
-2963
-7637
-2966
-7636
-2969
-7635
-2972
-7634
-2974
-7633
-2978
-7632
-2980
-7630
-2983
-7629
-2986
-7628
-2989
-7627
-2992
-7626
-2995
-7625
-2998
-7624
-3001
-7622
-3004
-7621
-3007
-7620
-3010
-7619
-3013
-7618
-3016
-7617
-3018
-7616
-3021
-7614
-3024
-7613
-3027
-7612
-3030
-7611
-3033
-7610
-3036
-7609
-3039
-7607
-3042
-7606
-3045
-7605
-3048
-7604
-3050
-7603
-3053
-7602
-3056
-7600
-3059
-7599
-3062
-7598
-3065
-7597
-3068
-7596
-3071
-7594
-3074
-7593
-3077
-7592
-3080
-7591
-3082
-7590
-3086
-7589
-3088
-7588
-3091
-7586
-3094
-7585
-3097
-7584
-3100
-7583
-3103
-7582
-3106
-7580
-3109
-7579
-3112
-7578
-3114
-7577
-3118
-7576
-3120
-7574
-3123
-7573
-3126
-7572
-3129
-7571
-3132
-7570
-3135
-7568
-3138
-7567
-3141
-7566
-3144
-7565
-3146
-7564
-3149
-7562
-3152
-7561
-3155
-7560
-3158
-7559
-3161
-7558
-3164
-7556
-3167
-7555
-3170
-7554
-3173
-7553
-3176
-7551
-3178
-7550
-3181
-7549
-3184
-7548
-3187
-7546
-3190
-7545
-3193
-7544
-3196
-7543
-3199
-7542
-3202
-7540
-3204
-7539
-3207
-7538
-3210
-7537
-3213
-7536
-3216
-7534
-3219
-7533
-3222
-7532
-3225
-7530
-3228
-7529
-3230
-7528
-3233
-7527
-3236
-7526
-3239
-7524
-3242
-7523
-3245
-7522
-3248
-7521
-3251
-7519
-3254
-7518
-3256
-7517
-3259
-7516
-3262
-7514
-3265
-7513
-3268
-7512
-3271
-7511
-3274
-7509
-3276
-7508
-3279
-7507
-3282
-7506
-3285
-7504
-3288
-7503
-3291
-7502
-3294
-7500
-3297
-7499
-3300
-7498
-3302
-7497
-3305
-7496
-3308
-7494
-3311
-7493
-3314
-7492
-3317
-7490
-3320
-7489
-3322
-7488
-3325
-7487
-3328
-7485
-3331
-7484
-3334
-7483
-3337
-7482
-3340
-7480
-3343
-7479
-3346
-7478
-3348
-7476
-3351
-7475
-3354
-7474
-3357
-7472
-3360
-7471
-3363
-7470
-3366
-7469
-3368
-7467
-3371
-7466
-3374
-7465
-3377
-7464
-3380
-7462
-3383
-7461
-3386
-7460
-3388
-7458
-3391
-7457
-3394
-7456
-3397
-7454
-3400
-7453
-3403
-7452
-3406
-7450
-3408
-7449
-3411
-7448
-3414
-7446
-3417
-7445
-3420
-7444
-3423
-7443
-3426
-7441
-3428
-7440
-3431
-7439
-3434
-7437
-3437
-7436
-3440
-7435
-3443
-7433
-3446
-7432
-3448
-7431
-3451
-7429
-3454
-7428
-3457
-7427
-3460
-7426
-3463
-7424
-3466
-7423
-3468
-7422
-3471
-7420
-3474
-7419
-3477
-7418
-3480
-7416
-3483
-7415
-3485
-7414
-3488
-7412
-3491
-7411
-3494
-7410
-3497
-7408
-3500
-7407
-3502
-7405
-3505
-7404
-3508
-7403
-3511
-7401
-3514
-7400
-3517
-7399
-3520
-7397
-3522
-7396
-3525
-7395
-3528
-7393
-3531
-7392
-3534
-7391
-3536
-7389
-3539
-7388
-3542
-7386
-3545
-7385
-3548
-7384
-3551
-7382
-3554
-7381
-3556
-7380
-3559
-7378
-3562
-7377
-3565
-7376
-3568
-7374
-3570
-7373
-3573
-7372
-3576
-7370
-3579
-7369
-3582
-7367
-3585
-7366
-3587
-7365
-3590
-7363
-3593
-7362
-3596
-7360
-3599
-7359
-3602
-7358
-3604
-7356
-3607
-7355
-3610
-7354
-3613
-7352
-3616
-7351
-3618
-7349
-3621
-7348
-3624
-7347
-3627
-7345
-3630
-7344
-3632
-7342
-3635
-7341
-3638
-7340
-3641
-7338
-3644
-7337
-3647
-7336
-3650
-7334
-3652
-7333
-3655
-7331
-3658
-7330
-3661
-7328
-3664
-7327
-3666
-7326
-3669
-7324
-3672
-7323
-3675
-7322
-3678
-7320
-3680
-7319
-3683
-7317
-3686
-7316
-3689
-7314
-3692
-7313
-3694
-7312
-3697
-7310
-3700
-7309
-3703
-7307
-3706
-7306
-3708
-7304
-3711
-7303
-3714
-7302
-3717
-7300
-3720
-7299
-3722
-7297
-3725
-7296
-3728
-7294
-3731
-7293
-3734
-7292
-3736
-7290
-3739
-7289
-3742
-7287
-3745
-7286
-3748
-7284
-3750
-7283
-3753
-7282
-3756
-7280
-3759
-7279
-3762
-7277
-3764
-7276
-3767
-7274
-3770
-7273
-3773
-7272
-3776
-7270
-3778
-7269
-3781
-7267
-3784
-7266
-3787
-7264
-3789
-7263
-3792
-7261
-3795
-7260
-3798
-7258
-3800
-7257
-3803
-7256
-3806
-7254
-3809
-7253
-3812
-7251
-3814
-7250
-3817
-7248
-3820
-7247
-3823
-7245
-3826
-7244
-3828
-7242
-3831
-7241
-3834
-7239
-3837
-7238
-3839
-7236
-3842
-7235
-3845
-7234
-3848
-7232
-3850
-7230
-3853
-7229
-3856
-7228
-3859
-7226
-3862
-7225
-3864
-7223
-3867
-7222
-3870
-7220
-3873
-7219
-3876
-7217
-3878
-7216
-3881
-7214
-3884
-7213
-3886
-7211
-3889
-7210
-3892
-7208
-3895
-7207
-3898
-7205
-3900
-7204
-3903
-7202
-3906
-7201
-3909
-7199
-3911
-7198
-3914
-7196
-3917
-7195
-3920
-7193
-3922
-7192
-3925
-7190
-3928
-7189
-3931
-7187
-3934
-7186
-3936
-7184
-3939
-7183
-3942
-7181
-3944
-7180
-3947
-7178
-3950
-7177
-3953
-7175
-3956
-7174
-3958
-7172
-3961
-7171
-3964
-7169
-3966
-7168
-3969
-7166
-3972
-7164
-3975
-7163
-3978
-7162
-3980
-7160
-3983
-7158
-3986
-7157
-3988
-7155
-3991
-7154
-3994
-7152
-3997
-7151
-3999
-7149
-4002
-7148
-4005
-7146
-4008
-7145
-4010
-7143
-4013
-7142
-4016
-7140
-4019
-7138
-4021
-7137
-4024
-7135
-4027
-7134
-4030
-7132
-4032
-7131
-4035
-7129
-4038
-7128
-4040
-7126
-4043
-7125
-4046
-7123
-4049
-7122
-4051
-7120
-4054
-7118
-4057
-7117
-4060
-7115
-4062
-7114
-4065
-7112
-4068
-7111
-4070
-7109
-4073
-7108
-4076
-7106
-4079
-7104
-4081
-7103
-4084
-7101
-4087
-7100
-4090
-7098
-4092
-7096
-4095
-7095
-4098
-7093
-4100
-7092
-4103
-7090
-4106
-7089
-4109
-7087
-4111
-7086
-4114
-7084
-4117
-7082
-4120
-7081
-4122
-7079
-4125
-7078
-4128
-7076
-4130
-7074
-4133
-7073
-4136
-7071
-4138
-7070
-4141
-7068
-4144
-7066
-4147
-7065
-4149
-7063
-4152
-7062
-4155
-7060
-4158
-7058
-4160
-7057
-4163
-7055
-4166
-7054
-4168
-7052
-4171
-7050
-4174
-7049
-4176
-7047
-4179
-7046
-4182
-7044
-4184
-7042
-4187
-7041
-4190
-7039
-4193
-7038
-4195
-7036
-4198
-7034
-4201
-7033
-4203
-7031
-4206
-7030
-4209
-7028
-4212
-7026
-4214
-7025
-4217
-7023
-4220
-7022
-4222
-7020
-4225
-7018
-4228
-7017
-4230
-7015
-4233
-7014
-4236
-7012
-4238
-7010
-4241
-7009
-4244
-7007
-4246
-7005
-4249
-7004
-4252
-7002
-4254
-7000
-4257
-6999
-4260
-6997
-4262
-6996
-4265
-6994
-4268
-6992
-4271
-6991
-4273
-6989
-4276
-6987
-4279
-6986
-4281
-6984
-4284
-6982
-4287
-6981
-4289
-6979
-4292
-6978
-4295
-6976
-4297
-6974
-4300
-6973
-4303
-6971
-4305
-6969
-4308
-6968
-4311
-6966
-4313
-6964
-4316
-6963
-4319
-6961
-4321
-6959
-4324
-6958
-4327
-6956
-4329
-6954
-4332
-6953
-4335
-6951
-4337
-6949
-4340
-6948
-4343
-6946
-4345
-6944
-4348
-6943
-4351
-6941
-4353
-6939
-4356
-6938
-4359
-6936
-4361
-6934
-4364
-6933
-4367
-6931
-4369
-6929
-4372
-6928
-4375
-6926
-4377
-6924
-4380
-6923
-4383
-6921
-4385
-6919
-4388
-6918
-4391
-6916
-4393
-6914
-4396
-6912
-4398
-6911
-4401
-6909
-4404
-6908
-4406
-6906
-4409
-6904
-4412
-6902
-4414
-6901
-4417
-6899
-4420
-6897
-4422
-6896
-4425
-6894
-4428
-6892
-4430
-6890
-4433
-6889
-4436
-6887
-4438
-6886
-4441
-6884
-4444
-6882
-4446
-6880
-4449
-6879
-4451
-6877
-4454
-6875
-4457
-6874
-4459
-6872
-4462
-6870
-4465
-6868
-4467
-6867
-4470
-6865
-4472
-6863
-4475
-6862
-4478
-6860
-4480
-6858
-4483
-6856
-4486
-6855
-4488
-6853
-4491
-6851
-4494
-6850
-4496
-6848
-4499
-6846
-4501
-6844
-4504
-6843
-4507
-6841
-4509
-6839
-4512
-6837
-4514
-6836
-4517
-6834
-4520
-6832
-4522
-6830
-4525
-6829
-4528
-6827
-4530
-6825
-4533
-6824
-4536
-6822
-4538
-6820
-4541
-6818
-4543
-6817
-4546
-6815
-4548
-6813
-4551
-6811
-4554
-6810
-4556
-6808
-4559
-6806
-4562
-6804
-4564
-6803
-4567
-6801
-4569
-6799
-4572
-6797
-4575
-6796
-4577
-6794
-4580
-6792
-4582
-6790
-4585
-6788
-4588
-6787
-4590
-6785
-4593
-6783
-4596
-6782
-4598
-6780
-4601
-6778
-4603
-6776
-4606
-6774
-4608
-6773
-4611
-6771
-4614
-6769
-4616
-6767
-4619
-6766
-4622
-6764
-4624
-6762
-4627
-6760
-4629
-6758
-4632
-6757
-4634
-6755
-4637
-6753
-4640
-6751
-4642
-6750
-4645
-6748
-4647
-6746
-4650
-6744
-4652
-6742
-4655
-6741
-4658
-6739
-4660
-6737
-4663
-6735
-4666
-6734
-4668
-6732
-4671
-6730
-4673
-6728
-4676
-6726
-4678
-6725
-4681
-6723
-4684
-6721
-4686
-6719
-4689
-6717
-4691
-6716
-4694
-6714
-4696
-6712
-4699
-6710
-4702
-6708
-4704
-6707
-4707
-6705
-4709
-6703
-4712
-6701
-4714
-6699
-4717
-6698
-4720
-6696
-4722
-6694
-4725
-6692
-4727
-6690
-4730
-6688
-4732
-6687
-4735
-6685
-4738
-6683
-4740
-6681
-4743
-6680
-4745
-6678
-4748
-6676
-4750
-6674
-4753
-6672
-4755
-6670
-4758
-6668
-4760
-6667
-4763
-6665
-4766
-6663
-4768
-6661
-4771
-6659
-4773
-6658
-4776
-6656
-4778
-6654
-4781
-6652
-4784
-6650
-4786
-6648
-4789
-6646
-4791
-6645
-4794
-6643
-4796
-6641
-4799
-6639
-4801
-6637
-4804
-6636
-4806
-6634
-4809
-6632
-4812
-6630
-4814
-6628
-4817
-6626
-4819
-6624
-4822
-6623
-4824
-6621
-4827
-6619
-4829
-6617
-4832
-6615
-4834
-6613
-4837
-6612
-4840
-6610
-4842
-6608
-4844
-6606
-4847
-6604
-4850
-6602
-4852
-6600
-4855
-6598
-4857
-6597
-4860
-6595
-4862
-6593
-4865
-6591
-4867
-6589
-4870
-6587
-4872
-6585
-4875
-6584
-4877
-6582
-4880
-6580
-4882
-6578
-4885
-6576
-4888
-6574
-4890
-6572
-4892
-6570
-4895
-6569
-4898
-6567
-4900
-6565
-4903
-6563
-4905
-6561
-4908
-6559
-4910
-6557
-4913
-6555
-4915
-6554
-4918
-6552
-4920
-6550
-4923
-6548
-4925
-6546
-4928
-6544
-4930
-6542
-4933
-6540
-4935
-6538
-4938
-6536
-4940
-6535
-4943
-6533
-4945
-6531
-4948
-6529
-4950
-6527
-4953
-6525
-4955
-6523
-4958
-6521
-4960
-6519
-4963
-6518
-4965
-6516
-4968
-6514
-4970
-6512
-4973
-6510
-4975
-6508
-4978
-6506
-4980
-6504
-4983
-6502
-4985
-6500
-4988
-6498
-4990
-6496
-4993
-6495
-4995
-6493
-4998
-6491
-5000
-6489
-5003
-6487
-5005
-6485
-5008
-6483
-5010
-6481
-5013
-6479
-5015
-6477
-5018
-6475
-5020
-6474
-5022
-6472
-5025
-6470
-5028
-6468
-5030
-6466
-5032
-6464
-5035
-6462
-5038
-6460
-5040
-6458
-5042
-6456
-5045
-6454
-5047
-6452
-5050
-6450
-5052
-6448
-5055
-6446
-5057
-6444
-5060
-6443
-5062
-6441
-5065
-6439
-5067
-6437
-5070
-6435
-5072
-6433
-5074
-6431
-5077
-6429
-5080
-6427
-5082
-6425
-5084
-6423
-5087
-6421
-5089
-6419
-5092
-6417
-5094
-6415
-5097
-6413
-5099
-6411
-5102
-6410
-5104
-6408
-5106
-6406
-5109
-6404
-5111
-6402
-5114
-6400
-5116
-6398
-5119
-6396
-5121
-6394
-5124
-6392
-5126
-6390
-5129
-6388
-5131
-6386
-5134
-6384
-5136
-6382
-5138
-6380
-5141
-6378
-5143
-6376
-5146
-6374
-5148
-6372
-5151
-6370
-5153
-6368
-5156
-6366
-5158
-6364
-5160
-6362
-5163
-6360
-5165
-6358
-5168
-6356
-5170
-6354
-5173
-6352
-5175
-6350
-5177
-6348
-5180
-6346
-5182
-6344
-5185
-6342
-5187
-6340
-5190
-6338
-5192
-6336
-5194
-6334
-5197
-6332
-5199
-6330
-5202
-6328
-5204
-6326
-5207
-6324
-5209
-6322
-5212
-6320
-5214
-6318
-5216
-6316
-5219
-6314
-5221
-6312
-5224
-6310
-5226
-6308
-5228
-6306
-5231
-6304
-5233
-6302
-5236
-6300
-5238
-6298
-5240
-6296
-5243
-6294
-5245
-6292
-5248
-6290
-5250
-6288
-5252
-6286
-5255
-6284
-5257
-6282
-5260
-6280
-5262
-6278
-5265
-6276
-5267
-6274
-5269
-6272
-5272
-6270
-5274
-6268
-5277
-6266
-5279
-6264
-5281
-6262
-5284
-6260
-5286
-6258
-5289
-6256
-5291
-6254
-5293
-6252
-5296
-6250
-5298
-6248
-5301
-6246
-5303
-6244
-5305
-6242
-5308
-6240
-5310
-6238
-5313
-6236
-5315
-6234
-5317
-6232
-5320
-6230
-5322
-6228
-5324
-6226
-5327
-6224
-5329
-6221
-5332
-6219
-5334
-6217
-5336
-6215
-5339
-6213
-5341
-6211
-5344
-6209
-5346
-6207
-5348
-6205
-5351
-6203
-5353
-6201
-5356
-6199
-5358
-6197
-5360
-6195
-5363
-6193
-5365
-6191
-5367
-6189
-5370
-6186
-5372
-6184
-5374
-6182
-5377
-6180
-5379
-6178
-5382
-6176
-5384
-6174
-5386
-6172
-5389
-6170
-5391
-6168
-5393
-6166
-5396
-6164
-5398
-6162
-5400
-6160
-5403
-6158
-5405
-6156
-5408
-6154
-5410
-6151
-5412
-6149
-5415
-6147
-5417
-6145
-5419
-6143
-5422
-6141
-5424
-6139
-5426
-6137
-5429
-6135
-5431
-6133
-5434
-6131
-5436
-6128
-5438
-6126
-5440
-6124
-5443
-6122
-5445
-6120
-5448
-6118
-5450
-6116
-5452
-6114
-5455
-6112
-5457
-6110
-5459
-6108
-5462
-6106
-5464
-6104
-5466
-6101
-5469
-6099
-5471
-6097
-5473
-6095
-5476
-6093
-5478
-6091
-5480
-6089
-5483
-6087
-5485
-6084
-5487
-6082
-5490
-6080
-5492
-6078
-5494
-6076
-5497
-6074
-5499
-6072
-5501
-6070
-5504
-6068
-5506
-6066
-5508
-6064
-5511
-6061
-5513
-6059
-5515
-6057
-5518
-6055
-5520
-6053
-5522
-6051
-5525
-6049
-5527
-6046
-5529
-6044
-5532
-6042
-5534
-6040
-5536
-6038
-5538
-6036
-5541
-6034
-5543
-6032
-5545
-6030
-5548
-6027
-5550
-6025
-5552
-6023
-5555
-6021
-5557
-6019
-5559
-6017
-5562
-6015
-5564
-6012
-5566
-6010
-5568
-6008
-5571
-6006
-5573
-6004
-5575
-6002
-5578
-6000
-5580
-5998
-5582
-5995
-5585
-5993
-5587
-5991
-5589
-5989
-5592
-5987
-5594
-5985
-5596
-5982
-5598
-5980
-5601
-5978
-5603
-5976
-5605
-5974
-5608
-5972
-5610
-5970
-5612
-5968
-5614
-5965
-5617
-5963
-5619
-5961
-5621
-5959
-5624
-5957
-5626
-5955
-5628
-5952
-5630
-5950
-5633
-5948
-5635
-5946
-5637
-5944
-5640
-5942
-5642
-5940
-5644
-5937
-5646
-5935
-5649
-5933
-5651
-5931
-5653
-5929
-5656
-5926
-5658
-5924
-5660
-5922
-5662
-5920
-5664
-5918
-5667
-5916
-5669
-5914
-5671
-5911
-5674
-5909
-5676
-5907
-5678
-5905
-5680
-5902
-5683
-5900
-5685
-5898
-5687
-5896
-5690
-5894
-5692
-5892
-5694
-5890
-5696
-5887
-5698
-5885
-5701
-5883
-5703
-5881
-5705
-5878
-5708
-5876
-5710
-5874
-5712
-5872
-5714
-5870
-5716
-5868
-5719
-5865
-5721
-5863
-5723
-5861
-5726
-5859
-5728
-5857
-5730
-5854
-5732
-5852
-5734
-5850
-5737
-5848
-5739
-5846
-5741
-5843
-5744
-5841
-5746
-5839
-5748
-5837
-5750
-5835
-5752
-5832
-5755
-5830
-5757
-5828
-5759
-5826
-5761
-5824
-5764
-5821
-5766
-5819
-5768
-5817
-5770
-5815
-5772
-5812
-5775
-5810
-5777
-5808
-5779
-5806
-5782
-5804
-5784
-5801
-5786
-5799
-5788
-5797
-5790
-5795
-5792
-5792
-5795
-5790
-5797
-5788
-5799
-5786
-5801
-5784
-5804
-5782
-5806
-5779
-5808
-5777
-5810
-5775
-5812
-5772
-5815
-5770
-5817
-5768
-5819
-5766
-5821
-5764
-5824
-5761
-5826
-5759
-5828
-5757
-5830
-5755
-5832
-5752
-5835
-5750
-5837
-5748
-5839
-5746
-5841
-5744
-5843
-5741
-5846
-5739
-5848
-5737
-5850
-5734
-5852
-5732
-5854
-5730
-5857
-5728
-5859
-5726
-5861
-5723
-5863
-5721
-5865
-5719
-5868
-5716
-5870
-5714
-5872
-5712
-5874
-5710
-5876
-5708
-5878
-5705
-5881
-5703
-5883
-5701
-5885
-5698
-5887
-5696
-5890
-5694
-5892
-5692
-5894
-5690
-5896
-5687
-5898
-5685
-5900
-5683
-5902
-5680
-5905
-5678
-5907
-5676
-5909
-5674
-5911
-5671
-5914
-5669
-5916
-5667
-5918
-5664
-5920
-5662
-5922
-5660
-5924
-5658
-5926
-5656
-5929
-5653
-5931
-5651
-5933
-5649
-5935
-5646
-5937
-5644
-5940
-5642
-5942
-5640
-5944
-5637
-5946
-5635
-5948
-5633
-5950
-5630
-5952
-5628
-5955
-5626
-5957
-5624
-5959
-5621
-5961
-5619
-5963
-5617
-5965
-5614
-5968
-5612
-5970
-5610
-5972
-5608
-5974
-5605
-5976
-5603
-5978
-5601
-5980
-5598
-5982
-5596
-5985
-5594
-5987
-5592
-5989
-5589
-5991
-5587
-5993
-5585
-5995
-5582
-5998
-5580
-6000
-5578
-6002
-5575
-6004
-5573
-6006
-5571
-6008
-5568
-6010
-5566
-6012
-5564
-6015
-5562
-6017
-5559
-6019
-5557
-6021
-5555
-6023
-5552
-6025
-5550
-6027
-5548
-6030
-5545
-6032
-5543
-6034
-5541
-6036
-5538
-6038
-5536
-6040
-5534
-6042
-5532
-6044
-5529
-6046
-5527
-6049
-5525
-6051
-5522
-6053
-5520
-6055
-5518
-6057
-5515
-6059
-5513
-6061
-5511
-6064
-5508
-6066
-5506
-6068
-5504
-6070
-5501
-6072
-5499
-6074
-5497
-6076
-5494
-6078
-5492
-6080
-5490
-6082
-5487
-6084
-5485
-6087
-5483
-6089
-5480
-6091
-5478
-6093
-5476
-6095
-5473
-6097
-5471
-6099
-5469
-6101
-5466
-6104
-5464
-6106
-5462
-6108
-5459
-6110
-5457
-6112
-5455
-6114
-5452
-6116
-5450
-6118
-5448
-6120
-5445
-6122
-5443
-6124
-5440
-6126
-5438
-6128
-5436
-6131
-5434
-6133
-5431
-6135
-5429
-6137
-5426
-6139
-5424
-6141
-5422
-6143
-5419
-6145
-5417
-6147
-5415
-6149
-5412
-6151
-5410
-6154
-5408
-6156
-5405
-6158
-5403
-6160
-5400
-6162
-5398
-6164
-5396
-6166
-5393
-6168
-5391
-6170
-5389
-6172
-5386
-6174
-5384
-6176
-5382
-6178
-5379
-6180
-5377
-6182
-5374
-6184
-5372
-6186
-5370
-6189
-5367
-6191
-5365
-6193
-5363
-6195
-5360
-6197
-5358
-6199
-5356
-6201
-5353
-6203
-5351
-6205
-5348
-6207
-5346
-6209
-5344
-6211
-5341
-6213
-5339
-6215
-5336
-6217
-5334
-6219
-5332
-6221
-5329
-6224
-5327
-6226
-5324
-6228
-5322
-6230
-5320
-6232
-5317
-6234
-5315
-6236
-5313
-6238
-5310
-6240
-5308
-6242
-5305
-6244
-5303
-6246
-5301
-6248
-5298
-6250
-5296
-6252
-5293
-6254
-5291
-6256
-5289
-6258
-5286
-6260
-5284
-6262
-5281
-6264
-5279
-6266
-5277
-6268
-5274
-6270
-5272
-6272
-5269
-6274
-5267
-6276
-5265
-6278
-5262
-6280
-5260
-6282
-5257
-6284
-5255
-6286
-5252
-6288
-5250
-6290
-5248
-6292
-5245
-6294
-5243
-6296
-5240
-6298
-5238
-6300
-5236
-6302
-5233
-6304
-5231
-6306
-5228
-6308
-5226
-6310
-5224
-6312
-5221
-6314
-5219
-6316
-5216
-6318
-5214
-6320
-5212
-6322
-5209
-6324
-5207
-6326
-5204
-6328
-5202
-6330
-5199
-6332
-5197
-6334
-5194
-6336
-5192
-6338
-5190
-6340
-5187
-6342
-5185
-6344
-5182
-6346
-5180
-6348
-5177
-6350
-5175
-6352
-5173
-6354
-5170
-6356
-5168
-6358
-5165
-6360
-5163
-6362
-5160
-6364
-5158
-6366
-5156
-6368
-5153
-6370
-5151
-6372
-5148
-6374
-5146
-6376
-5143
-6378
-5141
-6380
-5138
-6382
-5136
-6384
-5134
-6386
-5131
-6388
-5129
-6390
-5126
-6392
-5124
-6394
-5121
-6396
-5119
-6398
-5116
-6400
-5114
-6402
-5111
-6404
-5109
-6406
-5106
-6408
-5104
-6410
-5102
-6411
-5099
-6413
-5097
-6415
-5094
-6417
-5092
-6419
-5089
-6421
-5087
-6423
-5084
-6425
-5082
-6427
-5080
-6429
-5077
-6431
-5074
-6433
-5072
-6435
-5070
-6437
-5067
-6439
-5065
-6441
-5062
-6443
-5060
-6444
-5057
-6446
-5055
-6448
-5052
-6450
-5050
-6452
-5047
-6454
-5045
-6456
-5042
-6458
-5040
-6460
-5038
-6462
-5035
-6464
-5032
-6466
-5030
-6468
-5028
-6470
-5025
-6472
-5022
-6474
-5020
-6475
-5018
-6477
-5015
-6479
-5013
-6481
-5010
-6483
-5008
-6485
-5005
-6487
-5003
-6489
-5000
-6491
-4998
-6493
-4995
-6495
-4993
-6496
-4990
-6498
-4988
-6500
-4985
-6502
-4983
-6504
-4980
-6506
-4978
-6508
-4975
-6510
-4973
-6512
-4970
-6514
-4968
-6516
-4965
-6518
-4963
-6519
-4960
-6521
-4958
-6523
-4955
-6525
-4953
-6527
-4950
-6529
-4948
-6531
-4945
-6533
-4943
-6535
-4940
-6536
-4938
-6538
-4935
-6540
-4933
-6542
-4930
-6544
-4928
-6546
-4925
-6548
-4923
-6550
-4920
-6552
-4918
-6554
-4915
-6555
-4913
-6557
-4910
-6559
-4908
-6561
-4905
-6563
-4903
-6565
-4900
-6567
-4898
-6569
-4895
-6570
-4892
-6572
-4890
-6574
-4888
-6576
-4885
-6578
-4882
-6580
-4880
-6582
-4877
-6584
-4875
-6585
-4872
-6587
-4870
-6589
-4867
-6591
-4865
-6593
-4862
-6595
-4860
-6597
-4857
-6598
-4855
-6600
-4852
-6602
-4850
-6604
-4847
-6606
-4844
-6608
-4842
-6610
-4840
-6612
-4837
-6613
-4834
-6615
-4832
-6617
-4829
-6619
-4827
-6621
-4824
-6623
-4822
-6624
-4819
-6626
-4817
-6628
-4814
-6630
-4812
-6632
-4809
-6634
-4806
-6636
-4804
-6637
-4801
-6639
-4799
-6641
-4796
-6643
-4794
-6645
-4791
-6646
-4789
-6648
-4786
-6650
-4784
-6652
-4781
-6654
-4778
-6656
-4776
-6658
-4773
-6659
-4771
-6661
-4768
-6663
-4766
-6665
-4763
-6667
-4760
-6668
-4758
-6670
-4755
-6672
-4753
-6674
-4750
-6676
-4748
-6678
-4745
-6680
-4743
-6681
-4740
-6683
-4738
-6685
-4735
-6687
-4732
-6688
-4730
-6690
-4727
-6692
-4725
-6694
-4722
-6696
-4720
-6698
-4717
-6699
-4714
-6701
-4712
-6703
-4709
-6705
-4707
-6707
-4704
-6708
-4702
-6710
-4699
-6712
-4696
-6714
-4694
-6716
-4691
-6717
-4689
-6719
-4686
-6721
-4684
-6723
-4681
-6725
-4678
-6726
-4676
-6728
-4673
-6730
-4671
-6732
-4668
-6734
-4666
-6735
-4663
-6737
-4660
-6739
-4658
-6741
-4655
-6742
-4652
-6744
-4650
-6746
-4647
-6748
-4645
-6750
-4642
-6751
-4640
-6753
-4637
-6755
-4634
-6757
-4632
-6758
-4629
-6760
-4627
-6762
-4624
-6764
-4622
-6766
-4619
-6767
-4616
-6769
-4614
-6771
-4611
-6773
-4608
-6774
-4606
-6776
-4603
-6778
-4601
-6780
-4598
-6782
-4596
-6783
-4593
-6785
-4590
-6787
-4588
-6788
-4585
-6790
-4582
-6792
-4580
-6794
-4577
-6796
-4575
-6797
-4572
-6799
-4569
-6801
-4567
-6803
-4564
-6804
-4562
-6806
-4559
-6808
-4556
-6810
-4554
-6811
-4551
-6813
-4548
-6815
-4546
-6817
-4543
-6818
-4541
-6820
-4538
-6822
-4536
-6824
-4533
-6825
-4530
-6827
-4528
-6829
-4525
-6830
-4522
-6832
-4520
-6834
-4517
-6836
-4514
-6837
-4512
-6839
-4509
-6841
-4507
-6843
-4504
-6844
-4501
-6846
-4499
-6848
-4496
-6850
-4494
-6851
-4491
-6853
-4488
-6855
-4486
-6856
-4483
-6858
-4480
-6860
-4478
-6862
-4475
-6863
-4472
-6865
-4470
-6867
-4467
-6868
-4465
-6870
-4462
-6872
-4459
-6874
-4457
-6875
-4454
-6877
-4451
-6879
-4449
-6880
-4446
-6882
-4444
-6884
-4441
-6886
-4438
-6887
-4436
-6889
-4433
-6890
-4430
-6892
-4428
-6894
-4425
-6896
-4422
-6897
-4420
-6899
-4417
-6901
-4414
-6902
-4412
-6904
-4409
-6906
-4406
-6908
-4404
-6909
-4401
-6911
-4398
-6912
-4396
-6914
-4393
-6916
-4391
-6918
-4388
-6919
-4385
-6921
-4383
-6923
-4380
-6924
-4377
-6926
-4375
-6928
-4372
-6929
-4369
-6931
-4367
-6933
-4364
-6934
-4361
-6936
-4359
-6938
-4356
-6939
-4353
-6941
-4351
-6943
-4348
-6944
-4345
-6946
-4343
-6948
-4340
-6949
-4337
-6951
-4335
-6953
-4332
-6954
-4329
-6956
-4327
-6958
-4324
-6959
-4321
-6961
-4319
-6963
-4316
-6964
-4313
-6966
-4311
-6968
-4308
-6969
-4305
-6971
-4303
-6973
-4300
-6974
-4297
-6976
-4295
-6978
-4292
-6979
-4289
-6981
-4287
-6982
-4284
-6984
-4281
-6986
-4279
-6987
-4276
-6989
-4273
-6991
-4271
-6992
-4268
-6994
-4265
-6996
-4262
-6997
-4260
-6999
-4257
-7000
-4254
-7002
-4252
-7004
-4249
-7005
-4246
-7007
-4244
-7009
-4241
-7010
-4238
-7012
-4236
-7014
-4233
-7015
-4230
-7017
-4228
-7018
-4225
-7020
-4222
-7022
-4220
-7023
-4217
-7025
-4214
-7026
-4212
-7028
-4209
-7030
-4206
-7031
-4203
-7033
-4201
-7034
-4198
-7036
-4195
-7038
-4193
-7039
-4190
-7041
-4187
-7042
-4184
-7044
-4182
-7046
-4179
-7047
-4176
-7049
-4174
-7050
-4171
-7052
-4168
-7054
-4166
-7055
-4163
-7057
-4160
-7058
-4158
-7060
-4155
-7062
-4152
-7063
-4149
-7065
-4147
-7066
-4144
-7068
-4141
-7070
-4138
-7071
-4136
-7073
-4133
-7074
-4130
-7076
-4128
-7078
-4125
-7079
-4122
-7081
-4120
-7082
-4117
-7084
-4114
-7086
-4111
-7087
-4109
-7089
-4106
-7090
-4103
-7092
-4100
-7093
-4098
-7095
-4095
-7096
-4092
-7098
-4090
-7100
-4087
-7101
-4084
-7103
-4081
-7104
-4079
-7106
-4076
-7108
-4073
-7109
-4070
-7111
-4068
-7112
-4065
-7114
-4062
-7115
-4060
-7117
-4057
-7118
-4054
-7120
-4051
-7122
-4049
-7123
-4046
-7125
-4043
-7126
-4040
-7128
-4038
-7129
-4035
-7131
-4032
-7132
-4030
-7134
-4027
-7135
-4024
-7137
-4021
-7138
-4019
-7140
-4016
-7142
-4013
-7143
-4010
-7145
-4008
-7146
-4005
-7148
-4002
-7149
-3999
-7151
-3997
-7152
-3994
-7154
-3991
-7155
-3988
-7157
-3986
-7158
-3983
-7160
-3980
-7162
-3978
-7163
-3975
-7164
-3972
-7166
-3969
-7168
-3966
-7169
-3964
-7171
-3961
-7172
-3958
-7174
-3956
-7175
-3953
-7177
-3950
-7178
-3947
-7180
-3944
-7181
-3942
-7183
-3939
-7184
-3936
-7186
-3934
-7187
-3931
-7189
-3928
-7190
-3925
-7192
-3922
-7193
-3920
-7195
-3917
-7196
-3914
-7198
-3911
-7199
-3909
-7201
-3906
-7202
-3903
-7204
-3900
-7205
-3898
-7207
-3895
-7208
-3892
-7210
-3889
-7211
-3886
-7213
-3884
-7214
-3881
-7216
-3878
-7217
-3876
-7219
-3873
-7220
-3870
-7222
-3867
-7223
-3864
-7225
-3862
-7226
-3859
-7228
-3856
-7229
-3853
-7230
-3850
-7232
-3848
-7234
-3845
-7235
-3842
-7236
-3839
-7238
-3837
-7239
-3834
-7241
-3831
-7242
-3828
-7244
-3826
-7245
-3823
-7247
-3820
-7248
-3817
-7250
-3814
-7251
-3812
-7253
-3809
-7254
-3806
-7256
-3803
-7257
-3800
-7258
-3798
-7260
-3795
-7261
-3792
-7263
-3789
-7264
-3787
-7266
-3784
-7267
-3781
-7269
-3778
-7270
-3776
-7272
-3773
-7273
-3770
-7274
-3767
-7276
-3764
-7277
-3762
-7279
-3759
-7280
-3756
-7282
-3753
-7283
-3750
-7284
-3748
-7286
-3745
-7287
-3742
-7289
-3739
-7290
-3736
-7292
-3734
-7293
-3731
-7294
-3728
-7296
-3725
-7297
-3722
-7299
-3720
-7300
-3717
-7302
-3714
-7303
-3711
-7304
-3708
-7306
-3706
-7307
-3703
-7309
-3700
-7310
-3697
-7312
-3694
-7313
-3692
-7314
-3689
-7316
-3686
-7317
-3683
-7319
-3680
-7320
-3678
-7322
-3675
-7323
-3672
-7324
-3669
-7326
-3666
-7327
-3664
-7328
-3661
-7330
-3658
-7331
-3655
-7333
-3652
-7334
-3650
-7336
-3647
-7337
-3644
-7338
-3641
-7340
-3638
-7341
-3635
-7342
-3632
-7344
-3630
-7345
-3627
-7347
-3624
-7348
-3621
-7349
-3618
-7351
-3616
-7352
-3613
-7354
-3610
-7355
-3607
-7356
-3604
-7358
-3602
-7359
-3599
-7360
-3596
-7362
-3593
-7363
-3590
-7365
-3587
-7366
-3585
-7367
-3582
-7369
-3579
-7370
-3576
-7372
-3573
-7373
-3570
-7374
-3568
-7376
-3565
-7377
-3562
-7378
-3559
-7380
-3556
-7381
-3554
-7382
-3551
-7384
-3548
-7385
-3545
-7386
-3542
-7388
-3539
-7389
-3536
-7391
-3534
-7392
-3531
-7393
-3528
-7395
-3525
-7396
-3522
-7397
-3520
-7399
-3517
-7400
-3514
-7401
-3511
-7403
-3508
-7404
-3505
-7405
-3502
-7407
-3500
-7408
-3497
-7410
-3494
-7411
-3491
-7412
-3488
-7414
-3485
-7415
-3483
-7416
-3480
-7418
-3477
-7419
-3474
-7420
-3471
-7422
-3468
-7423
-3466
-7424
-3463
-7426
-3460
-7427
-3457
-7428
-3454
-7429
-3451
-7431
-3448
-7432
-3446
-7433
-3443
-7435
-3440
-7436
-3437
-7437
-3434
-7439
-3431
-7440
-3428
-7441
-3426
-7443
-3423
-7444
-3420
-7445
-3417
-7446
-3414
-7448
-3411
-7449
-3408
-7450
-3406
-7452
-3403
-7453
-3400
-7454
-3397
-7456
-3394
-7457
-3391
-7458
-3388
-7460
-3386
-7461
-3383
-7462
-3380
-7464
-3377
-7465
-3374
-7466
-3371
-7467
-3368
-7469
-3366
-7470
-3363
-7471
-3360
-7472
-3357
-7474
-3354
-7475
-3351
-7476
-3348
-7478
-3346
-7479
-3343
-7480
-3340
-7482
-3337
-7483
-3334
-7484
-3331
-7485
-3328
-7487
-3325
-7488
-3322
-7489
-3320
-7490
-3317
-7492
-3314
-7493
-3311
-7494
-3308
-7496
-3305
-7497
-3302
-7498
-3300
-7499
-3297
-7500
-3294
-7502
-3291
-7503
-3288
-7504
-3285
-7506
-3282
-7507
-3279
-7508
-3276
-7509
-3274
-7511
-3271
-7512
-3268
-7513
-3265
-7514
-3262
-7516
-3259
-7517
-3256
-7518
-3254
-7519
-3251
-7521
-3248
-7522
-3245
-7523
-3242
-7524
-3239
-7526
-3236
-7527
-3233
-7528
-3230
-7529
-3228
-7530
-3225
-7532
-3222
-7533
-3219
-7534
-3216
-7536
-3213
-7537
-3210
-7538
-3207
-7539
-3204
-7540
-3202
-7542
-3199
-7543
-3196
-7544
-3193
-7545
-3190
-7546
-3187
-7548
-3184
-7549
-3181
-7550
-3178
-7551
-3176
-7553
-3173
-7554
-3170
-7555
-3167
-7556
-3164
-7558
-3161
-7559
-3158
-7560
-3155
-7561
-3152
-7562
-3149
-7564
-3146
-7565
-3144
-7566
-3141
-7567
-3138
-7568
-3135
-7570
-3132
-7571
-3129
-7572
-3126
-7573
-3123
-7574
-3120
-7576
-3118
-7577
-3114
-7578
-3112
-7579
-3109
-7580
-3106
-7582
-3103
-7583
-3100
-7584
-3097
-7585
-3094
-7586
-3091
-7588
-3088
-7589
-3086
-7590
-3082
-7591
-3080
-7592
-3077
-7593
-3074
-7594
-3071
-7596
-3068
-7597
-3065
-7598
-3062
-7599
-3059
-7600
-3056
-7602
-3053
-7603
-3050
-7604
-3048
-7605
-3045
-7606
-3042
-7607
-3039
-7609
-3036
-7610
-3033
-7611
-3030
-7612
-3027
-7613
-3024
-7614
-3021
-7616
-3018
-7617
-3016
-7618
-3013
-7619
-3010
-7620
-3007
-7621
-3004
-7622
-3001
-7624
-2998
-7625
-2995
-7626
-2992
-7627
-2989
-7628
-2986
-7629
-2983
-7630
-2980
-7632
-2978
-7633
-2974
-7634
-2972
-7635
-2969
-7636
-2966
-7637
-2963
-7638
-2960
-7640
-2957
-7641
-2954
-7642
-2951
-7643
-2948
-7644
-2945
-7645
-2942
-7646
-2939
-7648
-2936
-7649
-2934
-7650
-2931
-7651
-2928
-7652
-2925
-7653
-2922
-7654
-2919
-7655
-2916
-7656
-2913
-7658
-2910
-7659
-2907
-7660
-2904
-7661
-2901
-7662
-2898
-7663
-2895
-7664
-2892
-7665
-2890
-7666
-2886
-7668
-2884
-7669
-2881
-7670
-2878
-7671
-2875
-7672
-2872
-7673
-2869
-7674
-2866
-7675
-2863
-7676
-2860
-7678
-2857
-7679
-2854
-7680
-2851
-7681
-2848
-7682
-2845
-7683
-2842
-7684
-2840
-7685
-2836
-7686
-2834
-7687
-2831
-7688
-2828
-7690
-2825
-7691
-2822
-7692
-2819
-7693
-2816
-7694
-2813
-7695
-2810
-7696
-2807
-7697
-2804
-7698
-2801
-7699
-2798
-7700
-2795
-7701
-2792
-7702
-2789
-7704
-2786
-7705
-2783
-7706
-2780
-7707
-2778
-7708
-2774
-7709
-2772
-7710
-2769
-7711
-2766
-7712
-2763
-7713
-2760
-7714
-2757
-7715
-2754
-7716
-2751
-7717
-2748
-7718
-2745
-7719
-2742
-7720
-2739
-7722
-2736
-7722
-2733
-7724
-2730
-7725
-2727
-7726
-2724
-7727
-2721
-7728
-2718
-7729
-2715
-7730
-2712
-7731
-2709
-7732
-2706
-7733
-2704
-7734
-2700
-7735
-2698
-7736
-2695
-7737
-2692
-7738
-2689
-7739
-2686
-7740
-2683
-7741
-2680
-7742
-2677
-7743
-2674
-7744
-2671
-7745
-2668
-7746
-2665
-7747
-2662
-7748
-2659
-7749
-2656
-7750
-2653
-7752
-2650
-7752
-2647
-7754
-2644
-7754
-2641
-7756
-2638
-7756
-2635
-7758
-2632
-7758
-2629
-7760
-2626
-7760
-2623
-7762
-2620
-7762
-2617
-7764
-2614
-7765
-2611
-7766
-2608
-7767
-2605
-7768
-2602
-7768
-2599
-7770
-2596
-7770
-2594
-7772
-2590
-7772
-2588
-7774
-2584
-7774
-2582
-7776
-2579
-7776
-2576
-7778
-2573
-7778
-2570
-7780
-2567
-7780
-2564
-7781
-2561
-7782
-2558
-7783
-2555
-7784
-2552
-7785
-2549
-7786
-2546
-7787
-2543
-7788
-2540
-7789
-2537
-7790
-2534
-7791
-2531
-7792
-2528
-7793
-2525
-7794
-2522
-7795
-2519
-7796
-2516
-7797
-2513
-7798
-2510
-7799
-2507
-7800
-2504
-7801
-2501
-7802
-2498
-7803
-2495
-7804
-2492
-7805
-2489
-7806
-2486
-7807
-2483
-7808
-2480
-7808
-2477
-7809
-2474
-7810
-2471
-7811
-2468
-7812
-2465
-7813
-2462
-7814
-2459
-7815
-2456
-7816
-2453
-7817
-2450
-7818
-2447
-7819
-2444
-7820
-2441
-7821
-2438
-7822
-2435
-7823
-2432
-7824
-2429
-7824
-2426
-7825
-2423
-7826
-2420
-7827
-2417
-7828
-2414
-7829
-2411
-7830
-2408
-7831
-2405
-7832
-2402
-7833
-2399
-7834
-2396
-7835
-2393
-7836
-2390
-7836
-2387
-7837
-2384
-7838
-2381
-7839
-2378
-7840
-2375
-7841
-2372
-7842
-2369
-7843
-2366
-7844
-2363
-7845
-2360
-7846
-2357
-7846
-2354
-7847
-2351
-7848
-2348
-7849
-2345
-7850
-2342
-7851
-2339
-7852
-2336
-7853
-2333
-7854
-2330
-7854
-2327
-7855
-2324
-7856
-2321
-7857
-2318
-7858
-2315
-7859
-2312
-7860
-2309
-7861
-2306
-7862
-2303
-7862
-2300
-7863
-2297
-7864
-2294
-7865
-2291
-7866
-2288
-7867
-2285
-7868
-2282
-7869
-2278
-7870
-2276
-7870
-2272
-7871
-2270
-7872
-2266
-7873
-2264
-7874
-2260
-7875
-2257
-7876
-2254
-7876
-2251
-7877
-2248
-7878
-2245
-7879
-2242
-7880
-2239
-7881
-2236
-7882
-2233
-7882
-2230
-7883
-2227
-7884
-2224
-7885
-2221
-7886
-2218
-7887
-2215
-7888
-2212
-7888
-2209
-7889
-2206
-7890
-2203
-7891
-2200
-7892
-2197
-7893
-2194
-7894
-2191
-7894
-2188
-7895
-2185
-7896
-2182
-7897
-2179
-7898
-2176
-7898
-2173
-7899
-2170
-7900
-2167
-7901
-2164
-7902
-2161
-7903
-2158
-7904
-2154
-7904
-2152
-7905
-2148
-7906
-2146
-7907
-2142
-7908
-2139
-7908
-2136
-7909
-2133
-7910
-2130
-7911
-2127
-7912
-2124
-7912
-2121
-7913
-2118
-7914
-2115
-7915
-2112
-7916
-2109
-7917
-2106
-7917
-2103
-7918
-2100
-7919
-2097
-7920
-2094
-7921
-2091
-7921
-2088
-7922
-2085
-7923
-2082
-7924
-2079
-7925
-2076
-7925
-2073
-7926
-2070
-7927
-2066
-7928
-2064
-7929
-2060
-7929
-2057
-7930
-2054
-7931
-2051
-7932
-2048
-7932
-2045
-7933
-2042
-7934
-2039
-7935
-2036
-7936
-2033
-7936
-2030
-7937
-2027
-7938
-2024
-7939
-2021
-7940
-2018
-7940
-2015
-7941
-2012
-7942
-2009
-7943
-2006
-7943
-2003
-7944
-2000
-7945
-1996
-7946
-1994
-7946
-1990
-7947
-1987
-7948
-1984
-7949
-1981
-7950
-1978
-7950
-1975
-7951
-1972
-7952
-1969
-7952
-1966
-7953
-1963
-7954
-1960
-7955
-1957
-7956
-1954
-7956
-1951
-7957
-1948
-7958
-1945
-7958
-1942
-7959
-1939
-7960
-1936
-7961
-1932
-7962
-1929
-7962
-1926
-7963
-1923
-7964
-1920
-7964
-1917
-7965
-1914
-7966
-1911
-7967
-1908
-7967
-1905
-7968
-1902
-7969
-1899
-7970
-1896
-7970
-1893
-7971
-1890
-7972
-1887
-7972
-1884
-7973
-1880
-7974
-1878
-7975
-1874
-7975
-1871
-7976
-1868
-7977
-1865
-7978
-1862
-7978
-1859
-7979
-1856
-7980
-1853
-7980
-1850
-7981
-1847
-7982
-1844
-7982
-1841
-7983
-1838
-7984
-1835
-7984
-1832
-7985
-1828
-7986
-1826
-7987
-1822
-7987
-1819
-7988
-1816
-7989
-1813
-7989
-1810
-7990
-1807
-7991
-1804
-7992
-1801
-7992
-1798
-7993
-1795
-7994
-1792
-7994
-1789
-7995
-1786
-7996
-1782
-7996
-1780
-7997
-1776
-7998
-1773
-7998
-1770
-7999
-1767
-8000
-1764
-8000
-1761
-8001
-1758
-8002
-1755
-8002
-1752
-8003
-1749
-8004
-1746
-8004
-1743
-8005
-1740
-8006
-1736
-8006
-1734
-8007
-1730
-8008
-1727
-8008
-1724
-8009
-1721
-8010
-1718
-8010
-1715
-8011
-1712
-8012
-1709
-8012
-1706
-8013
-1703
-8014
-1700
-8014
-1697
-8015
-1694
-8016
-1690
-8016
-1687
-8017
-1684
-8018
-1681
-8018
-1678
-8019
-1675
-8020
-1672
-8020
-1669
-8021
-1666
-8021
-1663
-8022
-1660
-8023
-1657
-8023
-1654
-8024
-1650
-8025
-1647
-8025
-1644
-8026
-1641
-8026
-1638
-8027
-1635
-8028
-1632
-8028
-1629
-8029
-1626
-8030
-1623
-8030
-1620
-8031
-1617
-8032
-1614
-8032
-1610
-8033
-1607
-8033
-1604
-8034
-1601
-8034
-1598
-8035
-1595
-8036
-1592
-8036
-1589
-8037
-1586
-8038
-1583
-8038
-1580
-8039
-1576
-8039
-1574
-8040
-1570
-8041
-1567
-8041
-1564
-8042
-1561
-8042
-1558
-8043
-1555
-8044
-1552
-8044
-1549
-8045
-1546
-8045
-1543
-8046
-1540
-8046
-1536
-8047
-1533
-8048
-1530
-8048
-1527
-8049
-1524
-8050
-1521
-8050
-1518
-8051
-1515
-8051
-1512
-8052
-1509
-8052
-1506
-8053
-1502
-8054
-1499
-8054
-1496
-8055
-1493
-8055
-1490
-8056
-1487
-8056
-1484
-8057
-1481
-8058
-1478
-8058
-1475
-8059
-1472
-8059
-1468
-8060
-1465
-8060
-1462
-8061
-1459
-8062
-1456
-8062
-1453
-8063
-1450
-8063
-1447
-8064
-1444
-8064
-1441
-8065
-1438
-8065
-1434
-8066
-1431
-8066
-1428
-8067
-1425
-8068
-1422
-8068
-1419
-8069
-1416
-8069
-1413
-8070
-1410
-8070
-1407
-8071
-1404
-8071
-1400
-8072
-1397
-8072
-1394
-8073
-1391
-8074
-1388
-8074
-1385
-8074
-1382
-8075
-1379
-8076
-1376
-8076
-1373
-8077
-1370
-8077
-1366
-8078
-1363
-8078
-1360
-8079
-1357
-8079
-1354
-8080
-1351
-8080
-1348
-8081
-1345
-8081
-1342
-8082
-1338
-8082
-1335
-8083
-1332
-8083
-1329
-8084
-1326
-8084
-1323
-8085
-1320
-8085
-1317
-8086
-1314
-8086
-1311
-8087
-1308
-8087
-1304
-8088
-1301
-8088
-1298
-8089
-1295
-8089
-1292
-8090
-1289
-8090
-1286
-8091
-1283
-8091
-1280
-8092
-1276
-8092
-1273
-8093
-1270
-8093
-1267
-8094
-1264
-8094
-1261
-8095
-1258
-8095
-1255
-8096
-1252
-8096
-1248
-8097
-1246
-8097
-1242
-8098
-1239
-8098
-1236
-8099
-1233
-8099
-1230
-8100
-1227
-8100
-1224
-8100
-1221
-8101
-1218
-8101
-1214
-8102
-1211
-8102
-1208
-8103
-1205
-8103
-1202
-8104
-1199
-8104
-1196
-8105
-1193
-8105
-1190
-8106
-1186
-8106
-1183
-8106
-1180
-8107
-1177
-8107
-1174
-8108
-1171
-8108
-1168
-8109
-1165
-8109
-1162
-8110
-1158
-8110
-1155
-8110
-1152
-8111
-1149
-8111
-1146
-8112
-1143
-8112
-1140
-8113
-1137
-8113
-1134
-8114
-1130
-8114
-1127
-8114
-1124
-8115
-1121
-8115
-1118
-8116
-1115
-8116
-1112
-8117
-1109
-8117
-1106
-8117
-1102
-8118
-1099
-8118
-1096
-8119
-1093
-8119
-1090
-8120
-1087
-8120
-1084
-8120
-1081
-8121
-1078
-8121
-1074
-8122
-1071
-8122
-1068
-8122
-1065
-8123
-1062
-8123
-1059
-8124
-1056
-8124
-1053
-8124
-1050
-8125
-1046
-8125
-1043
-8126
-1040
-8126
-1037
-8126
-1034
-8127
-1031
-8127
-1028
-8128
-1024
-8128
-1021
-8128
-1018
-8129
-1015
-8129
-1012
-8130
-1009
-8130
-1006
-8130
-1003
-8131
-1000
-8131
-996
-8132
-993
-8132
-990
-8132
-987
-8133
-984
-8133
-981
-8133
-978
-8134
-975
-8134
-972
-8134
-968
-8135
-965
-8135
-962
-8136
-959
-8136
-956
-8136
-953
-8137
-950
-8137
-947
-8137
-944
-8138
-940
-8138
-937
-8138
-934
-8139
-931
-8139
-928
-8140
-925
-8140
-922
-8140
-918
-8141
-915
-8141
-912
-8141
-909
-8142
-906
-8142
-903
-8142
-900
-8143
-897
-8143
-894
-8143
-890
-8144
-887
-8144
-884
-8144
-881
-8145
-878
-8145
-875
-8145
-872
-8146
-868
-8146
-865
-8146
-862
-8147
-859
-8147
-856
-8147
-853
-8148
-850
-8148
-847
-8148
-844
-8149
-840
-8149
-837
-8149
-834
-8150
-831
-8150
-828
-8150
-825
-8151
-822
-8151
-818
-8151
-815
-8152
-812
-8152
-809
-8152
-806
-8152
-803
-8153
-800
-8153
-797
-8153
-794
-8154
-790
-8154
-787
-8154
-784
-8155
-781
-8155
-778
-8155
-775
-8156
-772
-8156
-768
-8156
-765
-8156
-762
-8157
-759
-8157
-756
-8157
-753
-8158
-750
-8158
-747
-8158
-744
-8158
-740
-8159
-737
-8159
-734
-8159
-731
-8160
-728
-8160
-725
-8160
-722
-8160
-718
-8161
-715
-8161
-712
-8161
-709
-8162
-706
-8162
-703
-8162
-700
-8162
-696
-8162
-693
-8163
-690
-8163
-687
-8163
-684
-8164
-681
-8164
-678
-8164
-675
-8164
-672
-8165
-668
-8165
-665
-8165
-662
-8165
-659
-8166
-656
-8166
-653
-8166
-650
-8166
-646
-8167
-643
-8167
-640
-8167
-637
-8167
-634
-8168
-631
-8168
-628
-8168
-624
-8168
-621
-8169
-618
-8169
-615
-8169
-612
-8169
-609
-8170
-606
-8170
-603
-8170
-600
-8170
-596
-8170
-593
-8171
-590
-8171
-587
-8171
-584
-8171
-581
-8172
-578
-8172
-574
-8172
-571
-8172
-568
-8172
-565
-8173
-562
-8173
-559
-8173
-556
-8173
-552
-8174
-549
-8174
-546
-8174
-543
-8174
-540
-8174
-537
-8174
-534
-8175
-530
-8175
-527
-8175
-524
-8175
-521
-8176
-518
-8176
-515
-8176
-512
-8176
-508
-8176
-505
-8176
-502
-8177
-499
-8177
-496
-8177
-493
-8177
-490
-8178
-487
-8178
-484
-8178
-480
-8178
-477
-8178
-474
-8178
-471
-8179
-468
-8179
-465
-8179
-462
-8179
-458
-8179
-455
-8180
-452
-8180
-449
-8180
-446
-8180
-443
-8180
-440
-8180
-436
-8180
-433
-8181
-430
-8181
-427
-8181
-424
-8181
-421
-8181
-418
-8182
-414
-8182
-411
-8182
-408
-8182
-405
-8182
-402
-8182
-399
-8182
-396
-8182
-392
-8183
-389
-8183
-386
-8183
-383
-8183
-380
-8183
-377
-8183
-374
-8184
-370
-8184
-367
-8184
-364
-8184
-361
-8184
-358
-8184
-355
-8184
-352
-8184
-348
-8185
-345
-8185
-342
-8185
-339
-8185
-336
-8185
-333
-8185
-330
-8185
-327
-8186
-323
-8186
-320
-8186
-317
-8186
-314
-8186
-311
-8186
-308
-8186
-305
-8186
-302
-8186
-298
-8187
-295
-8187
-292
-8187
-289
-8187
-286
-8187
-283
-8187
-280
-8187
-276
-8187
-273
-8188
-270
-8188
-267
-8188
-264
-8188
-261
-8188
-258
-8188
-254
-8188
-251
-8188
-248
-8188
-245
-8188
-242
-8188
-239
-8188
-236
-8189
-232
-8189
-229
-8189
-226
-8189
-223
-8189
-220
-8189
-217
-8189
-214
-8189
-210
-8189
-207
-8189
-204
-8190
-201
-8190
-198
-8190
-195
-8190
-192
-8190
-188
-8190
-185
-8190
-182
-8190
-179
-8190
-176
-8190
-173
-8190
-170
-8190
-166
-8190
-163
-8190
-160
-8190
-157
-8190
-154
-8190
-151
-8191
-148
-8191
-144
-8191
-141
-8191
-138
-8191
-135
-8191
-132
-8191
-129
-8191
-126
-8191
-122
-8191
-119
-8191
-116
-8191
-113
-8191
-110
-8191
-107
-8191
-104
-8191
-100
-8191
-97
-8191
-94
-8191
-91
-8192
-88
-8192
-85
-8192
-82
-8192
-78
-8192
-75
-8192
-72
-8192
-69
-8192
-66
-8192
-63
-8192
-60
-8192
-56
-8192
-53
-8192
-50
-8192
-47
-8192
-44
-8192
-41
-8192
-38
-8192
-34
-8192
-31
-8192
-28
-8192
-25
-8192
-22
-8192
-19
-8192
-16
-8192
-12
-8192
-9
-8192
-6
-8192
-3
