16777215
0
16775953
-205882
16772163
-411733
16765847
-617523
16757007
-823219
16745643
-1028791
16731757
-1234208
16715352
-1439440
16696429
-1644455
16674992
-1849222
16651044
-2053710
16624588
-2257890
16595628
-2461729
16564169
-2665197
16530216
-2868264
16493773
-3070900
16454846
-3273072
16413442
-3474752
16369565
-3675909
16323224
-3876512
16274424
-4076531
16223173
-4275936
16169479
-4474698
16113350
-4672785
16054795
-4870169
15993821
-5066819
15930439
-5262706
15864658
-5457801
15796488
-5652074
15725939
-5845495
15653022
-6038037
15577747
-6229669
15500126
-6420362
15420172
-6610090
15337894
-6798821
15253308
-6986529
15166424
-7173184
15077256
-7358759
14985817
-7543226
14892122
-7726557
14796184
-7908725
14698017
-8089701
14597637
-8269459
14495059
-8447972
14390298
-8625213
14283370
-8801154
14174291
-8975771
14063077
-9149035
13949745
-9320922
13834313
-9491405
13716797
-9660458
13597215
-9828057
13475586
-9994176
13351928
-10158790
13226258
-10321873
13098597
-10483402
12968963
-10643353
12837376
-10801701
12703856
-10958422
12568423
-11113492
12431097
-11266890
12291899
-11418590
12150850
-11568571
12007971
-11716809
11863283
-11863283
11716809
-12007971
11568571
-12150850
11418590
-12291899
11266890
-12431097
11113492
-12568423
10958422
-12703856
10801701
-12837376
10643353
-12968963
10483402
-13098597
10321873
-13226258
10158790
-13351928
9994176
-13475586
9828057
-13597215
9660458
-13716797
9491405
-13834313
9320922
-13949745
9149035
-14063077
8975771
-14174291
8801154
-14283370
8625213
-14390298
8447972
-14495059
8269459
-14597637
8089701
-14698017
7908725
-14796184
7726557
-14892122
7543226
-14985817
7358759
-15077256
7173184
-15166424
6986529
-15253308
6798821
-15337894
6610090
-15420172
6420362
-15500126
6229669
-15577747
6038037
-15653022
5845495
-15725939
5652074
-15796488
5457801
-15864658
5262706
-15930439
5066819
-15993821
4870169
-16054795
4672785
-16113350
4474698
-16169479
4275936
-16223173
4076531
-16274424
3876512
-16323224
3675909
-16369565
3474752
-16413442
3273072
-16454846
3070900
-16493773
2868264
-16530216
2665197
-16564169
2461729
-16595628
2257890
-16624588
2053710
-16651044
1849222
-16674992
1644455
-16696429
1439440
-16715352
1234208
-16731757
1028791
-16745643
823219
-16757007
617523
-16765847
411733
-16772163
205882
-16775953
0
-16777216
-205882
-16775953
-411733
-16772163
-617523
-16765847
-823219
-16757007
-1028791
-16745643
-1234208
-16731757
-1439440
-16715352
-1644455
-16696429
-1849222
-16674992
-2053710
-16651044
-2257890
-16624588
-2461729
-16595628
-2665197
-16564169
-2868264
-16530216
-3070900
-16493773
-3273072
-16454846
-3474752
-16413442
-3675909
-16369565
-3876512
-16323224
-4076531
-16274424
-4275936
-16223173
-4474698
-16169479
-4672785
-16113350
-4870169
-16054795
-5066819
-15993821
-5262706
-15930439
-5457801
-15864658
-5652074
-15796488
-5845495
-15725939
-6038037
-15653022
-6229669
-15577747
-6420362
-15500126
-6610090
-15420172
-6798821
-15337894
-6986529
-15253308
-7173184
-15166424
-7358759
-15077256
-7543226
-14985817
-7726557
-14892122
-7908725
-14796184
-8089701
-14698017
-8269459
-14597637
-8447972
-14495059
-8625213
-14390298
-8801154
-14283370
-8975771
-14174291
-9149035
-14063077
-9320922
-13949745
-9491405
-13834313
-9660458
-13716797
-9828057
-13597215
-9994176
-13475586
-10158790
-13351928
-10321873
-13226258
-10483402
-13098597
-10643353
-12968963
-10801701
-12837376
-10958422
-12703856
-11113492
-12568423
-11266890
-12431097
-11418590
-12291899
-11568571
-12150850
-11716809
-12007971
-11863283
-11863283
-12007971
-11716809
-12150850
-11568571
-12291899
-11418590
-12431097
-11266890
-12568423
-11113492
-12703856
-10958422
-12837376
-10801701
-12968963
-10643353
-13098597
-10483402
-13226258
-10321873
-13351928
-10158790
-13475586
-9994176
-13597215
-9828057
-13716797
-9660458
-13834313
-9491405
-13949745
-9320922
-14063077
-9149035
-14174291
-8975771
-14283370
-8801154
-14390298
-8625213
-14495059
-8447972
-14597637
-8269459
-14698017
-8089701
-14796184
-7908725
-14892122
-7726557
-14985817
-7543226
-15077256
-7358759
-15166424
-7173184
-15253308
-6986529
-15337894
-6798821
-15420172
-6610090
-15500126
-6420362
-15577747
-6229669
-15653022
-6038037
-15725939
-5845495
-15796488
-5652074
-15864658
-5457801
-15930439
-5262706
-15993821
-5066819
-16054795
-4870169
-16113350
-4672785
-16169479
-4474698
-16223173
-4275936
-16274424
-4076531
-16323224
-3876512
-16369565
-3675909
-16413442
-3474752
-16454846
-3273072
-16493773
-3070900
-16530216
-2868264
-16564169
-2665197
-16595628
-2461729
-16624588
-2257890
-16651044
-2053710
-16674992
-1849222
-16696429
-1644455
-16715352
-1439440
-16731757
-1234208
-16745643
-1028791
-16757007
-823219
-16765847
-617523
-16772163
-411733
-16775953
-205882
