16777215
0
16777211
-12868
16777196
-25736
16777172
-38604
16777137
-51472
16777093
-64340
16777038
-77208
16776974
-90075
16776900
-102943
16776816
-115811
16776722
-128678
16776619
-141546
16776505
-154413
16776382
-167281
16776249
-180148
16776106
-193015
16775953
-205882
16775790
-218749
16775617
-231616
16775434
-244483
16775242
-257349
16775040
-270216
16774828
-283082
16774606
-295948
16774374
-308814
16774132
-321679
16773880
-334545
16773619
-347410
16773347
-360275
16773066
-373140
16772775
-386005
16772474
-398869
16772163
-411733
16771842
-424597
16771512
-437461
16771171
-450325
16770821
-463188
16770461
-476051
16770091
-488913
16769711
-501776
16769321
-514638
16768921
-527500
16768512
-540361
16768092
-553222
16767663
-566083
16767224
-578943
16766775
-591804
16766316
-604663
16765847
-617523
16765369
-630382
16764880
-643240
16764382
-656099
16763874
-668957
16763356
-681814
16762828
-694671
16762290
-707528
16761743
-720384
16761185
-733240
16760618
-746096
16760041
-758951
16759454
-771805
16758857
-784659
16758250
-797513
16757634
-810366
16757007
-823219
16756371
-836071
16755724
-848923
16755068
-861774
16754403
-874625
16753727
-887475
16753041
-900325
16752346
-913174
16751640
-926022
16750925
-938870
16750200
-951718
16749465
-964565
16748721
-977411
16747966
-990257
16747202
-1003102
16746427
-1015947
16745643
-1028791
16744849
-1041635
16744045
-1054478
16743232
-1067320
16742408
-1080161
16741575
-1093002
16740731
-1105842
16739878
-1118682
16739015
-1131521
16738142
-1144360
16737260
-1157197
16736367
-1170034
16735465
-1182870
16734553
-1195706
16733631
-1208541
16732699
-1221375
16731757
-1234208
16730806
-1247041
16729844
-1259873
16728873
-1272704
16727892
-1285535
16726901
-1298365
16725900
-1311194
16724890
-1324022
16723869
-1336849
16722839
-1349676
16721799
-1362502
16720749
-1375327
16719689
-1388151
16718620
-1400975
16717540
-1413797
16716451
-1426619
16715352
-1439440
16714243
-1452260
16713124
-1465079
16711996
-1477898
16710857
-1490715
16709709
-1503532
16708551
-1516348
16707383
-1529162
16706205
-1541976
16705017
-1554789
16703820
-1567602
16702613
-1580413
16701396
-1593223
16700169
-1606032
16698932
-1618841
16697685
-1631648
16696429
-1644455
16695163
-1657260
16693887
-1670065
16692601
-1682868
16691305
-1695671
16690000
-1708472
16688685
-1721273
16687360
-1734072
16686025
-1746871
16684680
-1759669
16683325
-1772465
16681961
-1785260
16680587
-1798055
16679203
-1810848
16677809
-1823640
16676405
-1836432
16674992
-1849222
16673569
-1862011
16672136
-1874799
16670693
-1887586
16669240
-1900371
16667778
-1913156
16666305
-1925939
16664823
-1938722
16663331
-1951503
16661830
-1964283
16660318
-1977062
16658797
-1989839
16657266
-2002616
16655725
-2015391
16654174
-2028166
16652614
-2040938
16651044
-2053710
16649463
-2066481
16647874
-2079250
16646274
-2092018
16644664
-2104785
16643045
-2117551
16641416
-2130315
16639777
-2143079
16638129
-2155840
16636470
-2168601
16634802
-2181360
16633124
-2194119
16631436
-2206875
16629739
-2219631
16628032
-2232385
16626314
-2245138
16624588
-2257890
16622851
-2270640
16621104
-2283389
16619348
-2296136
16617582
-2308882
16615806
-2321627
16614021
-2334371
16612226
-2347113
16610420
-2359854
16608606
-2372593
16606781
-2385331
16604946
-2398067
16603102
-2410802
16601248
-2423536
16599385
-2436268
16597511
-2448999
16595628
-2461729
16593735
-2474457
16591832
-2487183
16589920
-2499908
16587997
-2512632
16586065
-2525354
16584124
-2538075
16582172
-2550794
16580211
-2563511
16578240
-2576227
16576259
-2588942
16574268
-2601655
16572268
-2614367
16570258
-2627077
16568238
-2639785
16566208
-2652492
16564169
-2665197
16562120
-2677901
16560061
-2690603
16557993
-2703304
16555914
-2716003
16553826
-2728700
16551729
-2741396
16549621
-2754090
16547504
-2766783
16545377
-2779474
16543240
-2792163
16541094
-2804851
16538938
-2817537
16536772
-2830221
16534596
-2842904
16532411
-2855585
16530216
-2868264
16528011
-2880942
16525796
-2893618
16523572
-2906292
16521338
-2918965
16519095
-2931636
16516841
-2944305
16514578
-2956972
16512305
-2969638
16510023
-2982302
16507730
-2994964
16505428
-3007624
16503117
-3020283
16500795
-3032940
16498464
-3045595
16496124
-3058248
16493773
-3070900
16491413
-3083549
16489043
-3096197
16486663
-3108843
16484274
-3121487
16481875
-3134130
16479466
-3146770
16477048
-3159409
16474620
-3172046
16472182
-3184681
16469735
-3197314
16467278
-3209945
16464811
-3222574
16462334
-3235202
16459848
-3247827
16457352
-3260451
16454846
-3273072
16452331
-3285692
16449806
-3298310
16447272
-3310926
16444727
-3323540
16442173
-3336152
16439610
-3348762
16437036
-3361370
16434454
-3373976
16431861
-3386580
16429258
-3399182
16426647
-3411782
16424025
-3424380
16421394
-3436976
16418753
-3449570
16416102
-3462162
16413442
-3474752
16410772
-3487340
16408092
-3499926
16405403
-3512510
16402704
-3525092
16399996
-3537671
16397277
-3550249
16394550
-3562824
16391812
-3575398
16389065
-3587969
16386308
-3600538
16383542
-3613105
16380766
-3625670
16377980
-3638233
16375185
-3650794
16372380
-3663352
16369565
-3675909
16366741
-3688463
16363907
-3701015
16361064
-3713565
16358211
-3726113
16355348
-3738658
16352476
-3751201
16349594
-3763742
16346702
-3776281
16343801
-3788818
16340890
-3801352
16337970
-3813885
16335040
-3826414
16332100
-3838942
16329151
-3851468
16326192
-3863991
16323224
-3876512
16320246
-3889030
16317258
-3901547
16314261
-3914061
16311254
-3926572
16308238
-3939082
16305211
-3951589
16302176
-3964094
16299130
-3976596
16296076
-3989096
16293011
-4001594
16289937
-4014090
16286854
-4026582
16283761
-4039073
16280658
-4051562
16277546
-4064047
16274424
-4076531
16271292
-4089012
16268151
-4101491
16265001
-4113967
16261841
-4126441
16258671
-4138912
16255492
-4151381
16252303
-4163848
16249104
-4176312
16245896
-4188774
16242679
-4201233
16239452
-4213690
16236215
-4226144
16232969
-4238596
16229713
-4251045
16226448
-4263492
16223173
-4275936
16219889
-4288378
16216595
-4300817
16213291
-4313254
16209978
-4325688
16206656
-4338120
16203324
-4350549
16199982
-4362975
16196631
-4375399
16193270
-4387820
16189900
-4400239
16186520
-4412656
16183131
-4425069
16179732
-4437480
16176324
-4449888
16172906
-4462294
16169479
-4474698
16166042
-4487098
16162596
-4499496
16159140
-4511891
16155675
-4524284
16152200
-4536674
16148716
-4549061
16145222
-4561445
16141718
-4573827
16138206
-4586206
16134683
-4598583
16131152
-4610957
16127610
-4623328
16124060
-4635696
16120499
-4648062
16116930
-4660425
16113350
-4672785
16109762
-4685142
16106163
-4697497
16102556
-4709849
16098938
-4722198
16095312
-4734544
16091676
-4746888
16088030
-4759229
16084375
-4771567
16080711
-4783902
16077037
-4796234
16073353
-4808564
16069660
-4820890
16065958
-4833214
16062246
-4845535
16058525
-4857853
16054795
-4870169
16051054
-4882481
16047305
-4894791
16043546
-4907097
16039778
-4919401
16036000
-4931702
16032212
-4944000
16028416
-4956295
16024610
-4968587
16020794
-4980877
16016969
-4993163
16013135
-5005446
16009291
-5017727
16005438
-5030004
16001575
-5042279
15997703
-5054550
15993821
-5066819
15989930
-5079085
15986030
-5091347
15982120
-5103607
15978201
-5115864
15974273
-5128117
15970335
-5140368
15966388
-5152615
15962431
-5164860
15958465
-5177101
15954489
-5189340
15950504
-5201575
15946510
-5213808
15942506
-5226037
15938494
-5238263
15934471
-5250486
15930439
-5262706
15926398
-5274923
15922348
-5287137
15918288
-5299348
15914219
-5311555
15910140
-5323760
15906052
-5335961
15901955
-5348160
15897848
-5360354
15893732
-5372546
15889607
-5384735
15885472
-5396921
15881328
-5409103
15877174
-5421282
15873012
-5433458
15868840
-5445631
15864658
-5457801
15860468
-5469967
15856268
-5482131
15852058
-5494291
15847839
-5506447
15843611
-5518601
15839374
-5530751
15835127
-5542898
15830871
-5555042
15826606
-5567182
15822331
-5579320
15818047
-5591454
15813754
-5603584
15809452
-5615712
15805140
-5627836
15800818
-5639956
15796488
-5652074
15792148
-5664188
15787799
-5676299
15783441
-5688406
15779073
-5700510
15774696
-5712611
15770310
-5724708
15765915
-5736802
15761510
-5748893
15757096
-5760980
15752673
-5773064
15748240
-5785144
15743799
-5797221
15739348
-5809295
15734887
-5821365
15730418
-5833432
15725939
-5845495
15721451
-5857555
15716954
-5869612
15712447
-5881665
15707931
-5893714
15703406
-5905760
15698872
-5917803
15694328
-5929842
15689776
-5941878
15685214
-5953910
15680642
-5965939
15676062
-5977964
15671472
-5989986
15666874
-6002004
15662266
-6014018
15657648
-6026029
15653022
-6038037
15648386
-6050041
15643741
-6062041
15639087
-6074038
15634424
-6086031
15629751
-6098021
15625069
-6110007
15620378
-6121989
15615678
-6133968
15610969
-6145944
15606250
-6157915
15601523
-6169883
15596786
-6181848
15592040
-6193808
15587285
-6205765
15582520
-6217719
15577747
-6229669
15572964
-6241615
15568172
-6253557
15563372
-6265496
15558561
-6277431
15553742
-6289363
15548914
-6301290
15544076
-6313214
15539229
-6325135
15534373
-6337051
15529508
-6348964
15524634
-6360873
15519751
-6372779
15514858
-6384680
15509957
-6396578
15505046
-6408472
15500126
-6420362
15495198
-6432249
15490260
-6444132
15485312
-6456011
15480356
-6467886
15475391
-6479757
15470416
-6491625
15465433
-6503489
15460440
-6515349
15455438
-6527205
15450427
-6539057
15445408
-6550905
15440378
-6562750
15435340
-6574591
15430293
-6586428
15425237
-6598260
15420172
-6610090
15415097
-6621915
15410014
-6633736
15404921
-6645553
15399820
-6657367
15394709
-6669176
15389589
-6680982
15384460
-6692784
15379322
-6704582
15374176
-6716375
15369020
-6728165
15363855
-6739951
15358681
-6751733
15353498
-6763511
15348306
-6775285
15343105
-6787055
15337894
-6798821
15332675
-6810583
15327447
-6822341
15322210
-6834095
15316964
-6845845
15311709
-6857591
15306444
-6869333
15301171
-6881071
15295889
-6892804
15290598
-6904534
15285298
-6916260
15279988
-6927982
15274670
-6939699
15269343
-6951413
15264007
-6963122
15258662
-6974827
15253308
-6986529
15247944
-6998226
15242572
-7009919
15237191
-7021608
15231801
-7033292
15226402
-7044973
15220995
-7056649
15215578
-7068322
15210152
-7079990
15204717
-7091654
15199273
-7103313
15193821
-7114969
15188359
-7126620
15182889
-7138268
15177409
-7149911
15171921
-7161550
15166424
-7173184
15160917
-7184814
15155402
-7196441
15149878
-7208063
15144345
-7219680
15138803
-7231294
15133252
-7242903
15127693
-7254508
15122124
-7266108
15116547
-7277705
15110960
-7289297
15105365
-7300885
15099761
-7312468
15094148
-7324048
15088526
-7335622
15082895
-7347193
15077256
-7358759
15071607
-7370321
15065950
-7381879
15060283
-7393432
15054608
-7404981
15048924
-7416526
15043232
-7428066
15037530
-7439602
15031819
-7451133
15026100
-7462660
15020372
-7474183
15014635
-7485701
15008889
-7497215
15003134
-7508724
14997370
-7520230
14991598
-7531730
14985817
-7543226
14980027
-7554718
14974228
-7566205
14968421
-7577688
14962604
-7589167
14956779
-7600641
14950945
-7612110
14945102
-7623575
14939250
-7635036
14933390
-7646492
14927521
-7657943
14921643
-7669390
14915756
-7680833
14909861
-7692271
14903956
-7703704
14898043
-7715133
14892122
-7726557
14886191
-7737977
14880252
-7749392
14874304
-7760803
14868347
-7772209
14862381
-7783611
14856407
-7795008
14850424
-7806400
14844432
-7817788
14838432
-7829172
14832422
-7840550
14826404
-7851924
14820378
-7863294
14814342
-7874658
14808298
-7886018
14802245
-7897374
14796184
-7908725
14790113
-7920071
14784034
-7931412
14777947
-7942750
14771850
-7954082
14765745
-7965409
14759632
-7976732
14753509
-7988050
14747378
-7999364
14741238
-8010672
14735090
-8021976
14728933
-8033276
14722767
-8044570
14716592
-8055860
14710409
-8067145
14704218
-8078426
14698017
-8089701
14691808
-8100972
14685590
-8112238
14679364
-8123500
14673129
-8134756
14666886
-8146008
14660633
-8157255
14654372
-8168497
14648103
-8179734
14641825
-8190967
14635538
-8202194
14629243
-8213418
14622939
-8224636
14616626
-8235849
14610305
-8247057
14603976
-8258261
14597637
-8269459
14591290
-8280653
14584935
-8291842
14578571
-8303026
14572198
-8314205
14565817
-8325380
14559427
-8336549
14553029
-8347714
14546622
-8358873
14540207
-8370028
14533783
-8381178
14527350
-8392322
14520909
-8403462
14514459
-8414597
14508001
-8425727
14501534
-8436852
14495059
-8447972
14488575
-8459087
14482083
-8470197
14475582
-8481302
14469073
-8492403
14462555
-8503498
14456029
-8514588
14449494
-8525673
14442950
-8536753
14436399
-8547828
14429838
-8558898
14423270
-8569963
14416692
-8581023
14410106
-8592078
14403512
-8603128
14396909
-8614173
14390298
-8625213
14383678
-8636247
14377050
-8647277
14370414
-8658302
14363769
-8669321
14357115
-8680335
14350453
-8691344
14343783
-8702349
14337104
-8713348
14330417
-8724341
14323721
-8735330
14317017
-8746314
14310304
-8757292
14303583
-8768266
14296854
-8779234
14290116
-8790196
14283370
-8801154
14276615
-8812107
14269852
-8823054
14263081
-8833997
14256301
-8844934
14249513
-8855866
14242716
-8866792
14235912
-8877714
14229098
-8888630
14222276
-8899541
14215446
-8910446
14208608
-8921347
14201761
-8932242
14194906
-8943132
14188043
-8954017
14181171
-8964896
14174291
-8975771
14167402
-8986640
14160505
-8997503
14153600
-9008361
14146687
-9019214
14139765
-9030062
14132835
-9040904
14125896
-9051742
14118950
-9062573
14111994
-9073400
14105031
-9084221
14098060
-9095037
14091080
-9105847
14084091
-9116652
14077095
-9127452
14070090
-9138246
14063077
-9149035
14056056
-9159819
14049026
-9170597
14041988
-9181370
14034942
-9192137
14027888
-9202899
14020825
-9213655
14013754
-9224406
14006675
-9235152
13999587
-9245892
13992492
-9256627
13985388
-9267357
13978276
-9278081
13971156
-9288799
13964027
-9299512
13956890
-9310220
13949745
-9320922
13942592
-9331618
13935431
-9342309
13928261
-9352995
13921083
-9363675
13913898
-9374350
13906703
-9385019
13899501
-9395682
13892290
-9406340
13885072
-9416993
13877845
-9427640
13870610
-9438281
13863367
-9448917
13856116
-9459547
13848856
-9470172
13841588
-9480791
13834313
-9491405
13827029
-9502013
13819737
-9512615
13812437
-9523212
13805128
-9533803
13797812
-9544389
13790488
-9554969
13783155
-9565543
13775814
-9576112
13768465
-9586675
13761108
-9597232
13753743
-9607784
13746370
-9618330
13738989
-9628871
13731600
-9639406
13724202
-9649935
13716797
-9660458
13709383
-9670976
13701962
-9681488
13694532
-9691995
13687094
-9702495
13679649
-9712990
13672195
-9723480
13664733
-9733963
13657263
-9744441
13649785
-9754913
13642299
-9765380
13634806
-9775840
13627304
-9786295
13619794
-9796744
13612276
-9807188
13604749
-9817625
13597215
-9828057
13589673
-9838483
13582123
-9848903
13574565
-9859318
13566999
-9869726
13559425
-9880129
13551844
-9890526
13544254
-9900918
13536656
-9911303
13529050
-9921683
13521436
-9932056
13513814
-9942424
13506184
-9952786
13498547
-9963142
13490901
-9973493
13483248
-9983837
13475586
-9994176
13467917
-10004508
13460240
-10014835
13452554
-10025156
13444861
-10035471
13437160
-10045780
13429451
-10056084
13421734
-10066381
13414009
-10076672
13406277
-10086958
13398536
-10097237
13390788
-10107511
13383032
-10117778
13375267
-10128040
13367495
-10138296
13359715
-10148546
13351928
-10158790
13344132
-10169027
13336328
-10179259
13328517
-10189485
13320698
-10199705
13312871
-10209919
13305036
-10220126
13297194
-10230328
13289343
-10240524
13281485
-10250714
13273619
-10260898
13265745
-10271075
13257863
-10281247
13249974
-10291413
13242076
-10301572
13234171
-10311726
13226258
-10321873
13218338
-10332015
13210409
-10342150
13202473
-10352279
13194529
-10362402
13186577
-10372519
13178618
-10382630
13170650
-10392735
13162675
-10402834
13154693
-10412926
13146702
-10423013
13138704
-10433093
13130698
-10443167
13122684
-10453235
13114663
-10463297
13106634
-10473353
13098597
-10483402
13090552
-10493446
13082500
-10503483
13074440
-10513514
13066373
-10523539
13058298
-10533558
13050214
-10543570
13042124
-10553577
13034026
-10563577
13025920
-10573570
13017806
-10583558
13009685
-10593540
13001556
-10603515
12993419
-10613484
12985275
-10623446
12977123
-10633403
12968963
-10643353
12960796
-10653297
12952621
-10663235
12944439
-10673166
12936249
-10683091
12928051
-10693010
12919846
-10702923
12911633
-10712829
12903413
-10722729
12895185
-10732622
12886949
-10742510
12878706
-10752391
12870455
-10762266
12862197
-10772134
12853931
-10781996
12845658
-10791852
12837376
-10801701
12829088
-10811544
12820792
-10821380
12812488
-10831211
12804177
-10841034
12795858
-10850852
12787532
-10860663
12779198
-10870468
12770857
-10880266
12762508
-10890058
12754152
-10899844
12745788
-10909623
12737416
-10919395
12729038
-10929162
12720651
-10938922
12712258
-10948675
12703856
-10958422
12695448
-10968162
12687031
-10977896
12678608
-10987624
12670176
-10997345
12661738
-11007060
12653292
-11016768
12644838
-11026470
12636378
-11036165
12627909
-11045854
12619433
-11055536
12610950
-11065212
12602460
-11074881
12593962
-11084544
12585456
-11094200
12576943
-11103849
12568423
-11113492
12559895
-11123129
12551360
-11132759
12542818
-11142383
12534268
-11152000
12525711
-11161610
12517146
-11171214
12508575
-11180811
12499995
-11190402
12491409
-11199986
12482815
-11209563
12474214
-11219134
12465605
-11228698
12456989
-11238256
12448366
-11247807
12439735
-11257352
12431097
-11266890
12422452
-11276421
12413799
-11285945
12405139
-11295463
12396472
-11304975
12387798
-11314479
12379116
-11323977
12370427
-11333469
12361731
-11342953
12353027
-11352431
12344316
-11361903
12335598
-11371367
12326873
-11380825
12318140
-11390276
12309400
-11399721
12300653
-11409159
12291899
-11418590
12283137
-11428014
12274368
-11437432
12265592
-11446843
12256809
-11456247
12248019
-11465645
12239221
-11475035
12230416
-11484419
12221604
-11493797
12212785
-11503167
12203959
-11512531
12195125
-11521888
12186284
-11531238
12177436
-11540581
12168581
-11549918
12159719
-11559248
12150850
-11568571
12141973
-11577887
12133089
-11587196
12124199
-11596499
12115301
-11605794
12106396
-11615083
12097483
-11624365
12088564
-11633641
12079638
-11642909
12070704
-11652171
12061763
-11661425
12052816
-11670673
12043861
-11679914
12034899
-11689148
12025930
-11698375
12016954
-11707596
12007971
-11716809
11998980
-11726016
11989983
-11735215
11980979
-11744408
11971967
-11753594
11962949
-11762773
11953924
-11771945
11944891
-11781110
11935852
-11790268
11926805
-11799419
11917752
-11808564
11908691
-11817701
11899623
-11826831
11890549
-11835955
11881467
-11845071
11872379
-11854181
11863283
-11863283
11854181
-11872379
11845071
-11881467
11835955
-11890549
11826831
-11899623
11817701
-11908691
11808564
-11917752
11799419
-11926805
11790268
-11935852
11781110
-11944891
11771945
-11953924
11762773
-11962949
11753594
-11971967
11744408
-11980979
11735215
-11989983
11726016
-11998980
11716809
-12007971
11707596
-12016954
11698375
-12025930
11689148
-12034899
11679914
-12043861
11670673
-12052816
11661425
-12061763
11652171
-12070704
11642909
-12079638
11633641
-12088564
11624365
-12097483
11615083
-12106396
11605794
-12115301
11596499
-12124199
11587196
-12133089
11577887
-12141973
11568571
-12150850
11559248
-12159719
11549918
-12168581
11540581
-12177436
11531238
-12186284
11521888
-12195125
11512531
-12203959
11503167
-12212785
11493797
-12221604
11484419
-12230416
11475035
-12239221
11465645
-12248019
11456247
-12256809
11446843
-12265592
11437432
-12274368
11428014
-12283137
11418590
-12291899
11409159
-12300653
11399721
-12309400
11390276
-12318140
11380825
-12326873
11371367
-12335598
11361903
-12344316
11352431
-12353027
11342953
-12361731
11333469
-12370427
11323977
-12379116
11314479
-12387798
11304975
-12396472
11295463
-12405139
11285945
-12413799
11276421
-12422452
11266890
-12431097
11257352
-12439735
11247807
-12448366
11238256
-12456989
11228698
-12465605
11219134
-12474214
11209563
-12482815
11199986
-12491409
11190402
-12499995
11180811
-12508575
11171214
-12517146
11161610
-12525711
11152000
-12534268
11142383
-12542818
11132759
-12551360
11123129
-12559895
11113492
-12568423
11103849
-12576943
11094200
-12585456
11084544
-12593962
11074881
-12602460
11065212
-12610950
11055536
-12619433
11045854
-12627909
11036165
-12636378
11026470
-12644838
11016768
-12653292
11007060
-12661738
10997345
-12670176
10987624
-12678608
10977896
-12687031
10968162
-12695448
10958422
-12703856
10948675
-12712258
10938922
-12720651
10929162
-12729038
10919395
-12737416
10909623
-12745788
10899844
-12754152
10890058
-12762508
10880266
-12770857
10870468
-12779198
10860663
-12787532
10850852
-12795858
10841034
-12804177
10831211
-12812488
10821380
-12820792
10811544
-12829088
10801701
-12837376
10791852
-12845658
10781996
-12853931
10772134
-12862197
10762266
-12870455
10752391
-12878706
10742510
-12886949
10732622
-12895185
10722729
-12903413
10712829
-12911633
10702923
-12919846
10693010
-12928051
10683091
-12936249
10673166
-12944439
10663235
-12952621
10653297
-12960796
10643353
-12968963
10633403
-12977123
10623446
-12985275
10613484
-12993419
10603515
-13001556
10593540
-13009685
10583558
-13017806
10573570
-13025920
10563577
-13034026
10553577
-13042124
10543570
-13050214
10533558
-13058298
10523539
-13066373
10513514
-13074440
10503483
-13082500
10493446
-13090552
10483402
-13098597
10473353
-13106634
10463297
-13114663
10453235
-13122684
10443167
-13130698
10433093
-13138704
10423013
-13146702
10412926
-13154693
10402834
-13162675
10392735
-13170650
10382630
-13178618
10372519
-13186577
10362402
-13194529
10352279
-13202473
10342150
-13210409
10332015
-13218338
10321873
-13226258
10311726
-13234171
10301572
-13242076
10291413
-13249974
10281247
-13257863
10271075
-13265745
10260898
-13273619
10250714
-13281485
10240524
-13289343
10230328
-13297194
10220126
-13305036
10209919
-13312871
10199705
-13320698
10189485
-13328517
10179259
-13336328
10169027
-13344132
10158790
-13351928
10148546
-13359715
10138296
-13367495
10128040
-13375267
10117778
-13383032
10107511
-13390788
10097237
-13398536
10086958
-13406277
10076672
-13414009
10066381
-13421734
10056084
-13429451
10045780
-13437160
10035471
-13444861
10025156
-13452554
10014835
-13460240
10004508
-13467917
9994176
-13475586
9983837
-13483248
9973493
-13490901
9963142
-13498547
9952786
-13506184
9942424
-13513814
9932056
-13521436
9921683
-13529050
9911303
-13536656
9900918
-13544254
9890526
-13551844
9880129
-13559425
9869726
-13566999
9859318
-13574565
9848903
-13582123
9838483
-13589673
9828057
-13597215
9817625
-13604749
9807188
-13612276
9796744
-13619794
9786295
-13627304
9775840
-13634806
9765380
-13642299
9754913
-13649785
9744441
-13657263
9733963
-13664733
9723480
-13672195
9712990
-13679649
9702495
-13687094
9691995
-13694532
9681488
-13701962
9670976
-13709383
9660458
-13716797
9649935
-13724202
9639406
-13731600
9628871
-13738989
9618330
-13746370
9607784
-13753743
9597232
-13761108
9586675
-13768465
9576112
-13775814
9565543
-13783155
9554969
-13790488
9544389
-13797812
9533803
-13805128
9523212
-13812437
9512615
-13819737
9502013
-13827029
9491405
-13834313
9480791
-13841588
9470172
-13848856
9459547
-13856116
9448917
-13863367
9438281
-13870610
9427640
-13877845
9416993
-13885072
9406340
-13892290
9395682
-13899501
9385019
-13906703
9374350
-13913898
9363675
-13921083
9352995
-13928261
9342309
-13935431
9331618
-13942592
9320922
-13949745
9310220
-13956890
9299512
-13964027
9288799
-13971156
9278081
-13978276
9267357
-13985388
9256627
-13992492
9245892
-13999587
9235152
-14006675
9224406
-14013754
9213655
-14020825
9202899
-14027888
9192137
-14034942
9181370
-14041988
9170597
-14049026
9159819
-14056056
9149035
-14063077
9138246
-14070090
9127452
-14077095
9116652
-14084091
9105847
-14091080
9095037
-14098060
9084221
-14105031
9073400
-14111994
9062573
-14118950
9051742
-14125896
9040904
-14132835
9030062
-14139765
9019214
-14146687
9008361
-14153600
8997503
-14160505
8986640
-14167402
8975771
-14174291
8964896
-14181171
8954017
-14188043
8943132
-14194906
8932242
-14201761
8921347
-14208608
8910446
-14215446
8899541
-14222276
8888630
-14229098
8877714
-14235912
8866792
-14242716
8855866
-14249513
8844934
-14256301
8833997
-14263081
8823054
-14269852
8812107
-14276615
8801154
-14283370
8790196
-14290116
8779234
-14296854
8768266
-14303583
8757292
-14310304
8746314
-14317017
8735330
-14323721
8724341
-14330417
8713348
-14337104
8702349
-14343783
8691344
-14350453
8680335
-14357115
8669321
-14363769
8658302
-14370414
8647277
-14377050
8636247
-14383678
8625213
-14390298
8614173
-14396909
8603128
-14403512
8592078
-14410106
8581023
-14416692
8569963
-14423270
8558898
-14429838
8547828
-14436399
8536753
-14442950
8525673
-14449494
8514588
-14456029
8503498
-14462555
8492403
-14469073
8481302
-14475582
8470197
-14482083
8459087
-14488575
8447972
-14495059
8436852
-14501534
8425727
-14508001
8414597
-14514459
8403462
-14520909
8392322
-14527350
8381178
-14533783
8370028
-14540207
8358873
-14546622
8347714
-14553029
8336549
-14559427
8325380
-14565817
8314205
-14572198
8303026
-14578571
8291842
-14584935
8280653
-14591290
8269459
-14597637
8258261
-14603976
8247057
-14610305
8235849
-14616626
8224636
-14622939
8213418
-14629243
8202194
-14635538
8190967
-14641825
8179734
-14648103
8168497
-14654372
8157255
-14660633
8146008
-14666886
8134756
-14673129
8123500
-14679364
8112238
-14685590
8100972
-14691808
8089701
-14698017
8078426
-14704218
8067145
-14710409
8055860
-14716592
8044570
-14722767
8033276
-14728933
8021976
-14735090
8010672
-14741238
7999364
-14747378
7988050
-14753509
7976732
-14759632
7965409
-14765745
7954082
-14771850
7942750
-14777947
7931412
-14784034
7920071
-14790113
7908725
-14796184
7897374
-14802245
7886018
-14808298
7874658
-14814342
7863294
-14820378
7851924
-14826404
7840550
-14832422
7829172
-14838432
7817788
-14844432
7806400
-14850424
7795008
-14856407
7783611
-14862381
7772209
-14868347
7760803
-14874304
7749392
-14880252
7737977
-14886191
7726557
-14892122
7715133
-14898043
7703704
-14903956
7692271
-14909861
7680833
-14915756
7669390
-14921643
7657943
-14927521
7646492
-14933390
7635036
-14939250
7623575
-14945102
7612110
-14950945
7600641
-14956779
7589167
-14962604
7577688
-14968421
7566205
-14974228
7554718
-14980027
7543226
-14985817
7531730
-14991598
7520230
-14997370
7508724
-15003134
7497215
-15008889
7485701
-15014635
7474183
-15020372
7462660
-15026100
7451133
-15031819
7439602
-15037530
7428066
-15043232
7416526
-15048924
7404981
-15054608
7393432
-15060283
7381879
-15065950
7370321
-15071607
7358759
-15077256
7347193
-15082895
7335622
-15088526
7324048
-15094148
7312468
-15099761
7300885
-15105365
7289297
-15110960
7277705
-15116547
7266108
-15122124
7254508
-15127693
7242903
-15133252
7231294
-15138803
7219680
-15144345
7208063
-15149878
7196441
-15155402
7184814
-15160917
7173184
-15166424
7161550
-15171921
7149911
-15177409
7138268
-15182889
7126620
-15188359
7114969
-15193821
7103313
-15199273
7091654
-15204717
7079990
-15210152
7068322
-15215578
7056649
-15220995
7044973
-15226402
7033292
-15231801
7021608
-15237191
7009919
-15242572
6998226
-15247944
6986529
-15253308
6974827
-15258662
6963122
-15264007
6951413
-15269343
6939699
-15274670
6927982
-15279988
6916260
-15285298
6904534
-15290598
6892804
-15295889
6881071
-15301171
6869333
-15306444
6857591
-15311709
6845845
-15316964
6834095
-15322210
6822341
-15327447
6810583
-15332675
6798821
-15337894
6787055
-15343105
6775285
-15348306
6763511
-15353498
6751733
-15358681
6739951
-15363855
6728165
-15369020
6716375
-15374176
6704582
-15379322
6692784
-15384460
6680982
-15389589
6669176
-15394709
6657367
-15399820
6645553
-15404921
6633736
-15410014
6621915
-15415097
6610090
-15420172
6598260
-15425237
6586428
-15430293
6574591
-15435340
6562750
-15440378
6550905
-15445408
6539057
-15450427
6527205
-15455438
6515349
-15460440
6503489
-15465433
6491625
-15470416
6479757
-15475391
6467886
-15480356
6456011
-15485312
6444132
-15490260
6432249
-15495198
6420362
-15500126
6408472
-15505046
6396578
-15509957
6384680
-15514858
6372779
-15519751
6360873
-15524634
6348964
-15529508
6337051
-15534373
6325135
-15539229
6313214
-15544076
6301290
-15548914
6289363
-15553742
6277431
-15558561
6265496
-15563372
6253557
-15568172
6241615
-15572964
6229669
-15577747
6217719
-15582520
6205765
-15587285
6193808
-15592040
6181848
-15596786
6169883
-15601523
6157915
-15606250
6145944
-15610969
6133968
-15615678
6121989
-15620378
6110007
-15625069
6098021
-15629751
6086031
-15634424
6074038
-15639087
6062041
-15643741
6050041
-15648386
6038037
-15653022
6026029
-15657648
6014018
-15662266
6002004
-15666874
5989986
-15671472
5977964
-15676062
5965939
-15680642
5953910
-15685214
5941878
-15689776
5929842
-15694328
5917803
-15698872
5905760
-15703406
5893714
-15707931
5881665
-15712447
5869612
-15716954
5857555
-15721451
5845495
-15725939
5833432
-15730418
5821365
-15734887
5809295
-15739348
5797221
-15743799
5785144
-15748240
5773064
-15752673
5760980
-15757096
5748893
-15761510
5736802
-15765915
5724708
-15770310
5712611
-15774696
5700510
-15779073
5688406
-15783441
5676299
-15787799
5664188
-15792148
5652074
-15796488
5639956
-15800818
5627836
-15805140
5615712
-15809452
5603584
-15813754
5591454
-15818047
5579320
-15822331
5567182
-15826606
5555042
-15830871
5542898
-15835127
5530751
-15839374
5518601
-15843611
5506447
-15847839
5494291
-15852058
5482131
-15856268
5469967
-15860468
5457801
-15864658
5445631
-15868840
5433458
-15873012
5421282
-15877174
5409103
-15881328
5396921
-15885472
5384735
-15889607
5372546
-15893732
5360354
-15897848
5348160
-15901955
5335961
-15906052
5323760
-15910140
5311555
-15914219
5299348
-15918288
5287137
-15922348
5274923
-15926398
5262706
-15930439
5250486
-15934471
5238263
-15938494
5226037
-15942506
5213808
-15946510
5201575
-15950504
5189340
-15954489
5177101
-15958465
5164860
-15962431
5152615
-15966388
5140368
-15970335
5128117
-15974273
5115864
-15978201
5103607
-15982120
5091347
-15986030
5079085
-15989930
5066819
-15993821
5054550
-15997703
5042279
-16001575
5030004
-16005438
5017727
-16009291
5005446
-16013135
4993163
-16016969
4980877
-16020794
4968587
-16024610
4956295
-16028416
4944000
-16032212
4931702
-16036000
4919401
-16039778
4907097
-16043546
4894791
-16047305
4882481
-16051054
4870169
-16054795
4857853
-16058525
4845535
-16062246
4833214
-16065958
4820890
-16069660
4808564
-16073353
4796234
-16077037
4783902
-16080711
4771567
-16084375
4759229
-16088030
4746888
-16091676
4734544
-16095312
4722198
-16098938
4709849
-16102556
4697497
-16106163
4685142
-16109762
4672785
-16113350
4660425
-16116930
4648062
-16120499
4635696
-16124060
4623328
-16127610
4610957
-16131152
4598583
-16134683
4586206
-16138206
4573827
-16141718
4561445
-16145222
4549061
-16148716
4536674
-16152200
4524284
-16155675
4511891
-16159140
4499496
-16162596
4487098
-16166042
4474698
-16169479
4462294
-16172906
4449888
-16176324
4437480
-16179732
4425069
-16183131
4412656
-16186520
4400239
-16189900
4387820
-16193270
4375399
-16196631
4362975
-16199982
4350549
-16203324
4338120
-16206656
4325688
-16209978
4313254
-16213291
4300817
-16216595
4288378
-16219889
4275936
-16223173
4263492
-16226448
4251045
-16229713
4238596
-16232969
4226144
-16236215
4213690
-16239452
4201233
-16242679
4188774
-16245896
4176312
-16249104
4163848
-16252303
4151381
-16255492
4138912
-16258671
4126441
-16261841
4113967
-16265001
4101491
-16268151
4089012
-16271292
4076531
-16274424
4064047
-16277546
4051562
-16280658
4039073
-16283761
4026582
-16286854
4014090
-16289937
4001594
-16293011
3989096
-16296076
3976596
-16299130
3964094
-16302176
3951589
-16305211
3939082
-16308238
3926572
-16311254
3914061
-16314261
3901547
-16317258
3889030
-16320246
3876512
-16323224
3863991
-16326192
3851468
-16329151
3838942
-16332100
3826414
-16335040
3813885
-16337970
3801352
-16340890
3788818
-16343801
3776281
-16346702
3763742
-16349594
3751201
-16352476
3738658
-16355348
3726113
-16358211
3713565
-16361064
3701015
-16363907
3688463
-16366741
3675909
-16369565
3663352
-16372380
3650794
-16375185
3638233
-16377980
3625670
-16380766
3613105
-16383542
3600538
-16386308
3587969
-16389065
3575398
-16391812
3562824
-16394550
3550249
-16397277
3537671
-16399996
3525092
-16402704
3512510
-16405403
3499926
-16408092
3487340
-16410772
3474752
-16413442
3462162
-16416102
3449570
-16418753
3436976
-16421394
3424380
-16424025
3411782
-16426647
3399182
-16429258
3386580
-16431861
3373976
-16434454
3361370
-16437036
3348762
-16439610
3336152
-16442173
3323540
-16444727
3310926
-16447272
3298310
-16449806
3285692
-16452331
3273072
-16454846
3260451
-16457352
3247827
-16459848
3235202
-16462334
3222574
-16464811
3209945
-16467278
3197314
-16469735
3184681
-16472182
3172046
-16474620
3159409
-16477048
3146770
-16479466
3134130
-16481875
3121487
-16484274
3108843
-16486663
3096197
-16489043
3083549
-16491413
3070900
-16493773
3058248
-16496124
3045595
-16498464
3032940
-16500795
3020283
-16503117
3007624
-16505428
2994964
-16507730
2982302
-16510023
2969638
-16512305
2956972
-16514578
2944305
-16516841
2931636
-16519095
2918965
-16521338
2906292
-16523572
2893618
-16525796
2880942
-16528011
2868264
-16530216
2855585
-16532411
2842904
-16534596
2830221
-16536772
2817537
-16538938
2804851
-16541094
2792163
-16543240
2779474
-16545377
2766783
-16547504
2754090
-16549621
2741396
-16551729
2728700
-16553826
2716003
-16555914
2703304
-16557993
2690603
-16560061
2677901
-16562120
2665197
-16564169
2652492
-16566208
2639785
-16568238
2627077
-16570258
2614367
-16572268
2601655
-16574268
2588942
-16576259
2576227
-16578240
2563511
-16580211
2550794
-16582172
2538075
-16584124
2525354
-16586065
2512632
-16587997
2499908
-16589920
2487183
-16591832
2474457
-16593735
2461729
-16595628
2448999
-16597511
2436268
-16599385
2423536
-16601248
2410802
-16603102
2398067
-16604946
2385331
-16606781
2372593
-16608606
2359854
-16610420
2347113
-16612226
2334371
-16614021
2321627
-16615806
2308882
-16617582
2296136
-16619348
2283389
-16621104
2270640
-16622851
2257890
-16624588
2245138
-16626314
2232385
-16628032
2219631
-16629739
2206875
-16631436
2194119
-16633124
2181360
-16634802
2168601
-16636470
2155840
-16638129
2143079
-16639777
2130315
-16641416
2117551
-16643045
2104785
-16644664
2092018
-16646274
2079250
-16647874
2066481
-16649463
2053710
-16651044
2040938
-16652614
2028166
-16654174
2015391
-16655725
2002616
-16657266
1989839
-16658797
1977062
-16660318
1964283
-16661830
1951503
-16663331
1938722
-16664823
1925939
-16666305
1913156
-16667778
1900371
-16669240
1887586
-16670693
1874799
-16672136
1862011
-16673569
1849222
-16674992
1836432
-16676405
1823640
-16677809
1810848
-16679203
1798055
-16680587
1785260
-16681961
1772465
-16683325
1759669
-16684680
1746871
-16686025
1734072
-16687360
1721273
-16688685
1708472
-16690000
1695671
-16691305
1682868
-16692601
1670065
-16693887
1657260
-16695163
1644455
-16696429
1631648
-16697685
1618841
-16698932
1606032
-16700169
1593223
-16701396
1580413
-16702613
1567602
-16703820
1554789
-16705017
1541976
-16706205
1529162
-16707383
1516348
-16708551
1503532
-16709709
1490715
-16710857
1477898
-16711996
1465079
-16713124
1452260
-16714243
1439440
-16715352
1426619
-16716451
1413797
-16717540
1400975
-16718620
1388151
-16719689
1375327
-16720749
1362502
-16721799
1349676
-16722839
1336849
-16723869
1324022
-16724890
1311194
-16725900
1298365
-16726901
1285535
-16727892
1272704
-16728873
1259873
-16729844
1247041
-16730806
1234208
-16731757
1221375
-16732699
1208541
-16733631
1195706
-16734553
1182870
-16735465
1170034
-16736367
1157197
-16737260
1144360
-16738142
1131521
-16739015
1118682
-16739878
1105842
-16740731
1093002
-16741575
1080161
-16742408
1067320
-16743232
1054478
-16744045
1041635
-16744849
1028791
-16745643
1015947
-16746427
1003102
-16747202
990257
-16747966
977411
-16748721
964565
-16749465
951718
-16750200
938870
-16750925
926022
-16751640
913174
-16752346
900325
-16753041
887475
-16753727
874625
-16754403
861774
-16755068
848923
-16755724
836071
-16756371
823219
-16757007
810366
-16757634
797513
-16758250
784659
-16758857
771805
-16759454
758951
-16760041
746096
-16760618
733240
-16761185
720384
-16761743
707528
-16762290
694671
-16762828
681814
-16763356
668957
-16763874
656099
-16764382
643240
-16764880
630382
-16765369
617523
-16765847
604663
-16766316
591804
-16766775
578943
-16767224
566083
-16767663
553222
-16768092
540361
-16768512
527500
-16768921
514638
-16769321
501776
-16769711
488913
-16770091
476051
-16770461
463188
-16770821
450325
-16771171
437461
-16771512
424597
-16771842
411733
-16772163
398869
-16772474
386005
-16772775
373140
-16773066
360275
-16773347
347410
-16773619
334545
-16773880
321679
-16774132
308814
-16774374
295948
-16774606
283082
-16774828
270216
-16775040
257349
-16775242
244483
-16775434
231616
-16775617
218749
-16775790
205882
-16775953
193015
-16776106
180148
-16776249
167281
-16776382
154413
-16776505
141546
-16776619
128678
-16776722
115811
-16776816
102943
-16776900
90075
-16776974
77208
-16777038
64340
-16777093
51472
-16777137
38604
-16777172
25736
-16777196
12868
-16777211
0
-16777216
-12868
-16777211
-25736
-16777196
-38604
-16777172
-51472
-16777137
-64340
-16777093
-77208
-16777038
-90075
-16776974
-102943
-16776900
-115811
-16776816
-128678
-16776722
-141546
-16776619
-154413
-16776505
-167281
-16776382
-180148
-16776249
-193015
-16776106
-205882
-16775953
-218749
-16775790
-231616
-16775617
-244483
-16775434
-257349
-16775242
-270216
-16775040
-283082
-16774828
-295948
-16774606
-308814
-16774374
-321679
-16774132
-334545
-16773880
-347410
-16773619
-360275
-16773347
-373140
-16773066
-386005
-16772775
-398869
-16772474
-411733
-16772163
-424597
-16771842
-437461
-16771512
-450325
-16771171
-463188
-16770821
-476051
-16770461
-488913
-16770091
-501776
-16769711
-514638
-16769321
-527500
-16768921
-540361
-16768512
-553222
-16768092
-566083
-16767663
-578943
-16767224
-591804
-16766775
-604663
-16766316
-617523
-16765847
-630382
-16765369
-643240
-16764880
-656099
-16764382
-668957
-16763874
-681814
-16763356
-694671
-16762828
-707528
-16762290
-720384
-16761743
-733240
-16761185
-746096
-16760618
-758951
-16760041
-771805
-16759454
-784659
-16758857
-797513
-16758250
-810366
-16757634
-823219
-16757007
-836071
-16756371
-848923
-16755724
-861774
-16755068
-874625
-16754403
-887475
-16753727
-900325
-16753041
-913174
-16752346
-926022
-16751640
-938870
-16750925
-951718
-16750200
-964565
-16749465
-977411
-16748721
-990257
-16747966
-1003102
-16747202
-1015947
-16746427
-1028791
-16745643
-1041635
-16744849
-1054478
-16744045
-1067320
-16743232
-1080161
-16742408
-1093002
-16741575
-1105842
-16740731
-1118682
-16739878
-1131521
-16739015
-1144360
-16738142
-1157197
-16737260
-1170034
-16736367
-1182870
-16735465
-1195706
-16734553
-1208541
-16733631
-1221375
-16732699
-1234208
-16731757
-1247041
-16730806
-1259873
-16729844
-1272704
-16728873
-1285535
-16727892
-1298365
-16726901
-1311194
-16725900
-1324022
-16724890
-1336849
-16723869
-1349676
-16722839
-1362502
-16721799
-1375327
-16720749
-1388151
-16719689
-1400975
-16718620
-1413797
-16717540
-1426619
-16716451
-1439440
-16715352
-1452260
-16714243
-1465079
-16713124
-1477898
-16711996
-1490715
-16710857
-1503532
-16709709
-1516348
-16708551
-1529162
-16707383
-1541976
-16706205
-1554789
-16705017
-1567602
-16703820
-1580413
-16702613
-1593223
-16701396
-1606032
-16700169
-1618841
-16698932
-1631648
-16697685
-1644455
-16696429
-1657260
-16695163
-1670065
-16693887
-1682868
-16692601
-1695671
-16691305
-1708472
-16690000
-1721273
-16688685
-1734072
-16687360
-1746871
-16686025
-1759669
-16684680
-1772465
-16683325
-1785260
-16681961
-1798055
-16680587
-1810848
-16679203
-1823640
-16677809
-1836432
-16676405
-1849222
-16674992
-1862011
-16673569
-1874799
-16672136
-1887586
-16670693
-1900371
-16669240
-1913156
-16667778
-1925939
-16666305
-1938722
-16664823
-1951503
-16663331
-1964283
-16661830
-1977062
-16660318
-1989839
-16658797
-2002616
-16657266
-2015391
-16655725
-2028166
-16654174
-2040938
-16652614
-2053710
-16651044
-2066481
-16649463
-2079250
-16647874
-2092018
-16646274
-2104785
-16644664
-2117551
-16643045
-2130315
-16641416
-2143079
-16639777
-2155840
-16638129
-2168601
-16636470
-2181360
-16634802
-2194119
-16633124
-2206875
-16631436
-2219631
-16629739
-2232385
-16628032
-2245138
-16626314
-2257890
-16624588
-2270640
-16622851
-2283389
-16621104
-2296136
-16619348
-2308882
-16617582
-2321627
-16615806
-2334371
-16614021
-2347113
-16612226
-2359854
-16610420
-2372593
-16608606
-2385331
-16606781
-2398067
-16604946
-2410802
-16603102
-2423536
-16601248
-2436268
-16599385
-2448999
-16597511
-2461729
-16595628
-2474457
-16593735
-2487183
-16591832
-2499908
-16589920
-2512632
-16587997
-2525354
-16586065
-2538075
-16584124
-2550794
-16582172
-2563511
-16580211
-2576227
-16578240
-2588942
-16576259
-2601655
-16574268
-2614367
-16572268
-2627077
-16570258
-2639785
-16568238
-2652492
-16566208
-2665197
-16564169
-2677901
-16562120
-2690603
-16560061
-2703304
-16557993
-2716003
-16555914
-2728700
-16553826
-2741396
-16551729
-2754090
-16549621
-2766783
-16547504
-2779474
-16545377
-2792163
-16543240
-2804851
-16541094
-2817537
-16538938
-2830221
-16536772
-2842904
-16534596
-2855585
-16532411
-2868264
-16530216
-2880942
-16528011
-2893618
-16525796
-2906292
-16523572
-2918965
-16521338
-2931636
-16519095
-2944305
-16516841
-2956972
-16514578
-2969638
-16512305
-2982302
-16510023
-2994964
-16507730
-3007624
-16505428
-3020283
-16503117
-3032940
-16500795
-3045595
-16498464
-3058248
-16496124
-3070900
-16493773
-3083549
-16491413
-3096197
-16489043
-3108843
-16486663
-3121487
-16484274
-3134130
-16481875
-3146770
-16479466
-3159409
-16477048
-3172046
-16474620
-3184681
-16472182
-3197314
-16469735
-3209945
-16467278
-3222574
-16464811
-3235202
-16462334
-3247827
-16459848
-3260451
-16457352
-3273072
-16454846
-3285692
-16452331
-3298310
-16449806
-3310926
-16447272
-3323540
-16444727
-3336152
-16442173
-3348762
-16439610
-3361370
-16437036
-3373976
-16434454
-3386580
-16431861
-3399182
-16429258
-3411782
-16426647
-3424380
-16424025
-3436976
-16421394
-3449570
-16418753
-3462162
-16416102
-3474752
-16413442
-3487340
-16410772
-3499926
-16408092
-3512510
-16405403
-3525092
-16402704
-3537671
-16399996
-3550249
-16397277
-3562824
-16394550
-3575398
-16391812
-3587969
-16389065
-3600538
-16386308
-3613105
-16383542
-3625670
-16380766
-3638233
-16377980
-3650794
-16375185
-3663352
-16372380
-3675909
-16369565
-3688463
-16366741
-3701015
-16363907
-3713565
-16361064
-3726113
-16358211
-3738658
-16355348
-3751201
-16352476
-3763742
-16349594
-3776281
-16346702
-3788818
-16343801
-3801352
-16340890
-3813885
-16337970
-3826414
-16335040
-3838942
-16332100
-3851468
-16329151
-3863991
-16326192
-3876512
-16323224
-3889030
-16320246
-3901547
-16317258
-3914061
-16314261
-3926572
-16311254
-3939082
-16308238
-3951589
-16305211
-3964094
-16302176
-3976596
-16299130
-3989096
-16296076
-4001594
-16293011
-4014090
-16289937
-4026582
-16286854
-4039073
-16283761
-4051562
-16280658
-4064047
-16277546
-4076531
-16274424
-4089012
-16271292
-4101491
-16268151
-4113967
-16265001
-4126441
-16261841
-4138912
-16258671
-4151381
-16255492
-4163848
-16252303
-4176312
-16249104
-4188774
-16245896
-4201233
-16242679
-4213690
-16239452
-4226144
-16236215
-4238596
-16232969
-4251045
-16229713
-4263492
-16226448
-4275936
-16223173
-4288378
-16219889
-4300817
-16216595
-4313254
-16213291
-4325688
-16209978
-4338120
-16206656
-4350549
-16203324
-4362975
-16199982
-4375399
-16196631
-4387820
-16193270
-4400239
-16189900
-4412656
-16186520
-4425069
-16183131
-4437480
-16179732
-4449888
-16176324
-4462294
-16172906
-4474698
-16169479
-4487098
-16166042
-4499496
-16162596
-4511891
-16159140
-4524284
-16155675
-4536674
-16152200
-4549061
-16148716
-4561445
-16145222
-4573827
-16141718
-4586206
-16138206
-4598583
-16134683
-4610957
-16131152
-4623328
-16127610
-4635696
-16124060
-4648062
-16120499
-4660425
-16116930
-4672785
-16113350
-4685142
-16109762
-4697497
-16106163
-4709849
-16102556
-4722198
-16098938
-4734544
-16095312
-4746888
-16091676
-4759229
-16088030
-4771567
-16084375
-4783902
-16080711
-4796234
-16077037
-4808564
-16073353
-4820890
-16069660
-4833214
-16065958
-4845535
-16062246
-4857853
-16058525
-4870169
-16054795
-4882481
-16051054
-4894791
-16047305
-4907097
-16043546
-4919401
-16039778
-4931702
-16036000
-4944000
-16032212
-4956295
-16028416
-4968587
-16024610
-4980877
-16020794
-4993163
-16016969
-5005446
-16013135
-5017727
-16009291
-5030004
-16005438
-5042279
-16001575
-5054550
-15997703
-5066819
-15993821
-5079085
-15989930
-5091347
-15986030
-5103607
-15982120
-5115864
-15978201
-5128117
-15974273
-5140368
-15970335
-5152615
-15966388
-5164860
-15962431
-5177101
-15958465
-5189340
-15954489
-5201575
-15950504
-5213808
-15946510
-5226037
-15942506
-5238263
-15938494
-5250486
-15934471
-5262706
-15930439
-5274923
-15926398
-5287137
-15922348
-5299348
-15918288
-5311555
-15914219
-5323760
-15910140
-5335961
-15906052
-5348160
-15901955
-5360354
-15897848
-5372546
-15893732
-5384735
-15889607
-5396921
-15885472
-5409103
-15881328
-5421282
-15877174
-5433458
-15873012
-5445631
-15868840
-5457801
-15864658
-5469967
-15860468
-5482131
-15856268
-5494291
-15852058
-5506447
-15847839
-5518601
-15843611
-5530751
-15839374
-5542898
-15835127
-5555042
-15830871
-5567182
-15826606
-5579320
-15822331
-5591454
-15818047
-5603584
-15813754
-5615712
-15809452
-5627836
-15805140
-5639956
-15800818
-5652074
-15796488
-5664188
-15792148
-5676299
-15787799
-5688406
-15783441
-5700510
-15779073
-5712611
-15774696
-5724708
-15770310
-5736802
-15765915
-5748893
-15761510
-5760980
-15757096
-5773064
-15752673
-5785144
-15748240
-5797221
-15743799
-5809295
-15739348
-5821365
-15734887
-5833432
-15730418
-5845495
-15725939
-5857555
-15721451
-5869612
-15716954
-5881665
-15712447
-5893714
-15707931
-5905760
-15703406
-5917803
-15698872
-5929842
-15694328
-5941878
-15689776
-5953910
-15685214
-5965939
-15680642
-5977964
-15676062
-5989986
-15671472
-6002004
-15666874
-6014018
-15662266
-6026029
-15657648
-6038037
-15653022
-6050041
-15648386
-6062041
-15643741
-6074038
-15639087
-6086031
-15634424
-6098021
-15629751
-6110007
-15625069
-6121989
-15620378
-6133968
-15615678
-6145944
-15610969
-6157915
-15606250
-6169883
-15601523
-6181848
-15596786
-6193808
-15592040
-6205765
-15587285
-6217719
-15582520
-6229669
-15577747
-6241615
-15572964
-6253557
-15568172
-6265496
-15563372
-6277431
-15558561
-6289363
-15553742
-6301290
-15548914
-6313214
-15544076
-6325135
-15539229
-6337051
-15534373
-6348964
-15529508
-6360873
-15524634
-6372779
-15519751
-6384680
-15514858
-6396578
-15509957
-6408472
-15505046
-6420362
-15500126
-6432249
-15495198
-6444132
-15490260
-6456011
-15485312
-6467886
-15480356
-6479757
-15475391
-6491625
-15470416
-6503489
-15465433
-6515349
-15460440
-6527205
-15455438
-6539057
-15450427
-6550905
-15445408
-6562750
-15440378
-6574591
-15435340
-6586428
-15430293
-6598260
-15425237
-6610090
-15420172
-6621915
-15415097
-6633736
-15410014
-6645553
-15404921
-6657367
-15399820
-6669176
-15394709
-6680982
-15389589
-6692784
-15384460
-6704582
-15379322
-6716375
-15374176
-6728165
-15369020
-6739951
-15363855
-6751733
-15358681
-6763511
-15353498
-6775285
-15348306
-6787055
-15343105
-6798821
-15337894
-6810583
-15332675
-6822341
-15327447
-6834095
-15322210
-6845845
-15316964
-6857591
-15311709
-6869333
-15306444
-6881071
-15301171
-6892804
-15295889
-6904534
-15290598
-6916260
-15285298
-6927982
-15279988
-6939699
-15274670
-6951413
-15269343
-6963122
-15264007
-6974827
-15258662
-6986529
-15253308
-6998226
-15247944
-7009919
-15242572
-7021608
-15237191
-7033292
-15231801
-7044973
-15226402
-7056649
-15220995
-7068322
-15215578
-7079990
-15210152
-7091654
-15204717
-7103313
-15199273
-7114969
-15193821
-7126620
-15188359
-7138268
-15182889
-7149911
-15177409
-7161550
-15171921
-7173184
-15166424
-7184814
-15160917
-7196441
-15155402
-7208063
-15149878
-7219680
-15144345
-7231294
-15138803
-7242903
-15133252
-7254508
-15127693
-7266108
-15122124
-7277705
-15116547
-7289297
-15110960
-7300885
-15105365
-7312468
-15099761
-7324048
-15094148
-7335622
-15088526
-7347193
-15082895
-7358759
-15077256
-7370321
-15071607
-7381879
-15065950
-7393432
-15060283
-7404981
-15054608
-7416526
-15048924
-7428066
-15043232
-7439602
-15037530
-7451133
-15031819
-7462660
-15026100
-7474183
-15020372
-7485701
-15014635
-7497215
-15008889
-7508724
-15003134
-7520230
-14997370
-7531730
-14991598
-7543226
-14985817
-7554718
-14980027
-7566205
-14974228
-7577688
-14968421
-7589167
-14962604
-7600641
-14956779
-7612110
-14950945
-7623575
-14945102
-7635036
-14939250
-7646492
-14933390
-7657943
-14927521
-7669390
-14921643
-7680833
-14915756
-7692271
-14909861
-7703704
-14903956
-7715133
-14898043
-7726557
-14892122
-7737977
-14886191
-7749392
-14880252
-7760803
-14874304
-7772209
-14868347
-7783611
-14862381
-7795008
-14856407
-7806400
-14850424
-7817788
-14844432
-7829172
-14838432
-7840550
-14832422
-7851924
-14826404
-7863294
-14820378
-7874658
-14814342
-7886018
-14808298
-7897374
-14802245
-7908725
-14796184
-7920071
-14790113
-7931412
-14784034
-7942750
-14777947
-7954082
-14771850
-7965409
-14765745
-7976732
-14759632
-7988050
-14753509
-7999364
-14747378
-8010672
-14741238
-8021976
-14735090
-8033276
-14728933
-8044570
-14722767
-8055860
-14716592
-8067145
-14710409
-8078426
-14704218
-8089701
-14698017
-8100972
-14691808
-8112238
-14685590
-8123500
-14679364
-8134756
-14673129
-8146008
-14666886
-8157255
-14660633
-8168497
-14654372
-8179734
-14648103
-8190967
-14641825
-8202194
-14635538
-8213418
-14629243
-8224636
-14622939
-8235849
-14616626
-8247057
-14610305
-8258261
-14603976
-8269459
-14597637
-8280653
-14591290
-8291842
-14584935
-8303026
-14578571
-8314205
-14572198
-8325380
-14565817
-8336549
-14559427
-8347714
-14553029
-8358873
-14546622
-8370028
-14540207
-8381178
-14533783
-8392322
-14527350
-8403462
-14520909
-8414597
-14514459
-8425727
-14508001
-8436852
-14501534
-8447972
-14495059
-8459087
-14488575
-8470197
-14482083
-8481302
-14475582
-8492403
-14469073
-8503498
-14462555
-8514588
-14456029
-8525673
-14449494
-8536753
-14442950
-8547828
-14436399
-8558898
-14429838
-8569963
-14423270
-8581023
-14416692
-8592078
-14410106
-8603128
-14403512
-8614173
-14396909
-8625213
-14390298
-8636247
-14383678
-8647277
-14377050
-8658302
-14370414
-8669321
-14363769
-8680335
-14357115
-8691344
-14350453
-8702349
-14343783
-8713348
-14337104
-8724341
-14330417
-8735330
-14323721
-8746314
-14317017
-8757292
-14310304
-8768266
-14303583
-8779234
-14296854
-8790196
-14290116
-8801154
-14283370
-8812107
-14276615
-8823054
-14269852
-8833997
-14263081
-8844934
-14256301
-8855866
-14249513
-8866792
-14242716
-8877714
-14235912
-8888630
-14229098
-8899541
-14222276
-8910446
-14215446
-8921347
-14208608
-8932242
-14201761
-8943132
-14194906
-8954017
-14188043
-8964896
-14181171
-8975771
-14174291
-8986640
-14167402
-8997503
-14160505
-9008361
-14153600
-9019214
-14146687
-9030062
-14139765
-9040904
-14132835
-9051742
-14125896
-9062573
-14118950
-9073400
-14111994
-9084221
-14105031
-9095037
-14098060
-9105847
-14091080
-9116652
-14084091
-9127452
-14077095
-9138246
-14070090
-9149035
-14063077
-9159819
-14056056
-9170597
-14049026
-9181370
-14041988
-9192137
-14034942
-9202899
-14027888
-9213655
-14020825
-9224406
-14013754
-9235152
-14006675
-9245892
-13999587
-9256627
-13992492
-9267357
-13985388
-9278081
-13978276
-9288799
-13971156
-9299512
-13964027
-9310220
-13956890
-9320922
-13949745
-9331618
-13942592
-9342309
-13935431
-9352995
-13928261
-9363675
-13921083
-9374350
-13913898
-9385019
-13906703
-9395682
-13899501
-9406340
-13892290
-9416993
-13885072
-9427640
-13877845
-9438281
-13870610
-9448917
-13863367
-9459547
-13856116
-9470172
-13848856
-9480791
-13841588
-9491405
-13834313
-9502013
-13827029
-9512615
-13819737
-9523212
-13812437
-9533803
-13805128
-9544389
-13797812
-9554969
-13790488
-9565543
-13783155
-9576112
-13775814
-9586675
-13768465
-9597232
-13761108
-9607784
-13753743
-9618330
-13746370
-9628871
-13738989
-9639406
-13731600
-9649935
-13724202
-9660458
-13716797
-9670976
-13709383
-9681488
-13701962
-9691995
-13694532
-9702495
-13687094
-9712990
-13679649
-9723480
-13672195
-9733963
-13664733
-9744441
-13657263
-9754913
-13649785
-9765380
-13642299
-9775840
-13634806
-9786295
-13627304
-9796744
-13619794
-9807188
-13612276
-9817625
-13604749
-9828057
-13597215
-9838483
-13589673
-9848903
-13582123
-9859318
-13574565
-9869726
-13566999
-9880129
-13559425
-9890526
-13551844
-9900918
-13544254
-9911303
-13536656
-9921683
-13529050
-9932056
-13521436
-9942424
-13513814
-9952786
-13506184
-9963142
-13498547
-9973493
-13490901
-9983837
-13483248
-9994176
-13475586
-10004508
-13467917
-10014835
-13460240
-10025156
-13452554
-10035471
-13444861
-10045780
-13437160
-10056084
-13429451
-10066381
-13421734
-10076672
-13414009
-10086958
-13406277
-10097237
-13398536
-10107511
-13390788
-10117778
-13383032
-10128040
-13375267
-10138296
-13367495
-10148546
-13359715
-10158790
-13351928
-10169027
-13344132
-10179259
-13336328
-10189485
-13328517
-10199705
-13320698
-10209919
-13312871
-10220126
-13305036
-10230328
-13297194
-10240524
-13289343
-10250714
-13281485
-10260898
-13273619
-10271075
-13265745
-10281247
-13257863
-10291413
-13249974
-10301572
-13242076
-10311726
-13234171
-10321873
-13226258
-10332015
-13218338
-10342150
-13210409
-10352279
-13202473
-10362402
-13194529
-10372519
-13186577
-10382630
-13178618
-10392735
-13170650
-10402834
-13162675
-10412926
-13154693
-10423013
-13146702
-10433093
-13138704
-10443167
-13130698
-10453235
-13122684
-10463297
-13114663
-10473353
-13106634
-10483402
-13098597
-10493446
-13090552
-10503483
-13082500
-10513514
-13074440
-10523539
-13066373
-10533558
-13058298
-10543570
-13050214
-10553577
-13042124
-10563577
-13034026
-10573570
-13025920
-10583558
-13017806
-10593540
-13009685
-10603515
-13001556
-10613484
-12993419
-10623446
-12985275
-10633403
-12977123
-10643353
-12968963
-10653297
-12960796
-10663235
-12952621
-10673166
-12944439
-10683091
-12936249
-10693010
-12928051
-10702923
-12919846
-10712829
-12911633
-10722729
-12903413
-10732622
-12895185
-10742510
-12886949
-10752391
-12878706
-10762266
-12870455
-10772134
-12862197
-10781996
-12853931
-10791852
-12845658
-10801701
-12837376
-10811544
-12829088
-10821380
-12820792
-10831211
-12812488
-10841034
-12804177
-10850852
-12795858
-10860663
-12787532
-10870468
-12779198
-10880266
-12770857
-10890058
-12762508
-10899844
-12754152
-10909623
-12745788
-10919395
-12737416
-10929162
-12729038
-10938922
-12720651
-10948675
-12712258
-10958422
-12703856
-10968162
-12695448
-10977896
-12687031
-10987624
-12678608
-10997345
-12670176
-11007060
-12661738
-11016768
-12653292
-11026470
-12644838
-11036165
-12636378
-11045854
-12627909
-11055536
-12619433
-11065212
-12610950
-11074881
-12602460
-11084544
-12593962
-11094200
-12585456
-11103849
-12576943
-11113492
-12568423
-11123129
-12559895
-11132759
-12551360
-11142383
-12542818
-11152000
-12534268
-11161610
-12525711
-11171214
-12517146
-11180811
-12508575
-11190402
-12499995
-11199986
-12491409
-11209563
-12482815
-11219134
-12474214
-11228698
-12465605
-11238256
-12456989
-11247807
-12448366
-11257352
-12439735
-11266890
-12431097
-11276421
-12422452
-11285945
-12413799
-11295463
-12405139
-11304975
-12396472
-11314479
-12387798
-11323977
-12379116
-11333469
-12370427
-11342953
-12361731
-11352431
-12353027
-11361903
-12344316
-11371367
-12335598
-11380825
-12326873
-11390276
-12318140
-11399721
-12309400
-11409159
-12300653
-11418590
-12291899
-11428014
-12283137
-11437432
-12274368
-11446843
-12265592
-11456247
-12256809
-11465645
-12248019
-11475035
-12239221
-11484419
-12230416
-11493797
-12221604
-11503167
-12212785
-11512531
-12203959
-11521888
-12195125
-11531238
-12186284
-11540581
-12177436
-11549918
-12168581
-11559248
-12159719
-11568571
-12150850
-11577887
-12141973
-11587196
-12133089
-11596499
-12124199
-11605794
-12115301
-11615083
-12106396
-11624365
-12097483
-11633641
-12088564
-11642909
-12079638
-11652171
-12070704
-11661425
-12061763
-11670673
-12052816
-11679914
-12043861
-11689148
-12034899
-11698375
-12025930
-11707596
-12016954
-11716809
-12007971
-11726016
-11998980
-11735215
-11989983
-11744408
-11980979
-11753594
-11971967
-11762773
-11962949
-11771945
-11953924
-11781110
-11944891
-11790268
-11935852
-11799419
-11926805
-11808564
-11917752
-11817701
-11908691
-11826831
-11899623
-11835955
-11890549
-11845071
-11881467
-11854181
-11872379
-11863283
-11863283
-11872379
-11854181
-11881467
-11845071
-11890549
-11835955
-11899623
-11826831
-11908691
-11817701
-11917752
-11808564
-11926805
-11799419
-11935852
-11790268
-11944891
-11781110
-11953924
-11771945
-11962949
-11762773
-11971967
-11753594
-11980979
-11744408
-11989983
-11735215
-11998980
-11726016
-12007971
-11716809
-12016954
-11707596
-12025930
-11698375
-12034899
-11689148
-12043861
-11679914
-12052816
-11670673
-12061763
-11661425
-12070704
-11652171
-12079638
-11642909
-12088564
-11633641
-12097483
-11624365
-12106396
-11615083
-12115301
-11605794
-12124199
-11596499
-12133089
-11587196
-12141973
-11577887
-12150850
-11568571
-12159719
-11559248
-12168581
-11549918
-12177436
-11540581
-12186284
-11531238
-12195125
-11521888
-12203959
-11512531
-12212785
-11503167
-12221604
-11493797
-12230416
-11484419
-12239221
-11475035
-12248019
-11465645
-12256809
-11456247
-12265592
-11446843
-12274368
-11437432
-12283137
-11428014
-12291899
-11418590
-12300653
-11409159
-12309400
-11399721
-12318140
-11390276
-12326873
-11380825
-12335598
-11371367
-12344316
-11361903
-12353027
-11352431
-12361731
-11342953
-12370427
-11333469
-12379116
-11323977
-12387798
-11314479
-12396472
-11304975
-12405139
-11295463
-12413799
-11285945
-12422452
-11276421
-12431097
-11266890
-12439735
-11257352
-12448366
-11247807
-12456989
-11238256
-12465605
-11228698
-12474214
-11219134
-12482815
-11209563
-12491409
-11199986
-12499995
-11190402
-12508575
-11180811
-12517146
-11171214
-12525711
-11161610
-12534268
-11152000
-12542818
-11142383
-12551360
-11132759
-12559895
-11123129
-12568423
-11113492
-12576943
-11103849
-12585456
-11094200
-12593962
-11084544
-12602460
-11074881
-12610950
-11065212
-12619433
-11055536
-12627909
-11045854
-12636378
-11036165
-12644838
-11026470
-12653292
-11016768
-12661738
-11007060
-12670176
-10997345
-12678608
-10987624
-12687031
-10977896
-12695448
-10968162
-12703856
-10958422
-12712258
-10948675
-12720651
-10938922
-12729038
-10929162
-12737416
-10919395
-12745788
-10909623
-12754152
-10899844
-12762508
-10890058
-12770857
-10880266
-12779198
-10870468
-12787532
-10860663
-12795858
-10850852
-12804177
-10841034
-12812488
-10831211
-12820792
-10821380
-12829088
-10811544
-12837376
-10801701
-12845658
-10791852
-12853931
-10781996
-12862197
-10772134
-12870455
-10762266
-12878706
-10752391
-12886949
-10742510
-12895185
-10732622
-12903413
-10722729
-12911633
-10712829
-12919846
-10702923
-12928051
-10693010
-12936249
-10683091
-12944439
-10673166
-12952621
-10663235
-12960796
-10653297
-12968963
-10643353
-12977123
-10633403
-12985275
-10623446
-12993419
-10613484
-13001556
-10603515
-13009685
-10593540
-13017806
-10583558
-13025920
-10573570
-13034026
-10563577
-13042124
-10553577
-13050214
-10543570
-13058298
-10533558
-13066373
-10523539
-13074440
-10513514
-13082500
-10503483
-13090552
-10493446
-13098597
-10483402
-13106634
-10473353
-13114663
-10463297
-13122684
-10453235
-13130698
-10443167
-13138704
-10433093
-13146702
-10423013
-13154693
-10412926
-13162675
-10402834
-13170650
-10392735
-13178618
-10382630
-13186577
-10372519
-13194529
-10362402
-13202473
-10352279
-13210409
-10342150
-13218338
-10332015
-13226258
-10321873
-13234171
-10311726
-13242076
-10301572
-13249974
-10291413
-13257863
-10281247
-13265745
-10271075
-13273619
-10260898
-13281485
-10250714
-13289343
-10240524
-13297194
-10230328
-13305036
-10220126
-13312871
-10209919
-13320698
-10199705
-13328517
-10189485
-13336328
-10179259
-13344132
-10169027
-13351928
-10158790
-13359715
-10148546
-13367495
-10138296
-13375267
-10128040
-13383032
-10117778
-13390788
-10107511
-13398536
-10097237
-13406277
-10086958
-13414009
-10076672
-13421734
-10066381
-13429451
-10056084
-13437160
-10045780
-13444861
-10035471
-13452554
-10025156
-13460240
-10014835
-13467917
-10004508
-13475586
-9994176
-13483248
-9983837
-13490901
-9973493
-13498547
-9963142
-13506184
-9952786
-13513814
-9942424
-13521436
-9932056
-13529050
-9921683
-13536656
-9911303
-13544254
-9900918
-13551844
-9890526
-13559425
-9880129
-13566999
-9869726
-13574565
-9859318
-13582123
-9848903
-13589673
-9838483
-13597215
-9828057
-13604749
-9817625
-13612276
-9807188
-13619794
-9796744
-13627304
-9786295
-13634806
-9775840
-13642299
-9765380
-13649785
-9754913
-13657263
-9744441
-13664733
-9733963
-13672195
-9723480
-13679649
-9712990
-13687094
-9702495
-13694532
-9691995
-13701962
-9681488
-13709383
-9670976
-13716797
-9660458
-13724202
-9649935
-13731600
-9639406
-13738989
-9628871
-13746370
-9618330
-13753743
-9607784
-13761108
-9597232
-13768465
-9586675
-13775814
-9576112
-13783155
-9565543
-13790488
-9554969
-13797812
-9544389
-13805128
-9533803
-13812437
-9523212
-13819737
-9512615
-13827029
-9502013
-13834313
-9491405
-13841588
-9480791
-13848856
-9470172
-13856116
-9459547
-13863367
-9448917
-13870610
-9438281
-13877845
-9427640
-13885072
-9416993
-13892290
-9406340
-13899501
-9395682
-13906703
-9385019
-13913898
-9374350
-13921083
-9363675
-13928261
-9352995
-13935431
-9342309
-13942592
-9331618
-13949745
-9320922
-13956890
-9310220
-13964027
-9299512
-13971156
-9288799
-13978276
-9278081
-13985388
-9267357
-13992492
-9256627
-13999587
-9245892
-14006675
-9235152
-14013754
-9224406
-14020825
-9213655
-14027888
-9202899
-14034942
-9192137
-14041988
-9181370
-14049026
-9170597
-14056056
-9159819
-14063077
-9149035
-14070090
-9138246
-14077095
-9127452
-14084091
-9116652
-14091080
-9105847
-14098060
-9095037
-14105031
-9084221
-14111994
-9073400
-14118950
-9062573
-14125896
-9051742
-14132835
-9040904
-14139765
-9030062
-14146687
-9019214
-14153600
-9008361
-14160505
-8997503
-14167402
-8986640
-14174291
-8975771
-14181171
-8964896
-14188043
-8954017
-14194906
-8943132
-14201761
-8932242
-14208608
-8921347
-14215446
-8910446
-14222276
-8899541
-14229098
-8888630
-14235912
-8877714
-14242716
-8866792
-14249513
-8855866
-14256301
-8844934
-14263081
-8833997
-14269852
-8823054
-14276615
-8812107
-14283370
-8801154
-14290116
-8790196
-14296854
-8779234
-14303583
-8768266
-14310304
-8757292
-14317017
-8746314
-14323721
-8735330
-14330417
-8724341
-14337104
-8713348
-14343783
-8702349
-14350453
-8691344
-14357115
-8680335
-14363769
-8669321
-14370414
-8658302
-14377050
-8647277
-14383678
-8636247
-14390298
-8625213
-14396909
-8614173
-14403512
-8603128
-14410106
-8592078
-14416692
-8581023
-14423270
-8569963
-14429838
-8558898
-14436399
-8547828
-14442950
-8536753
-14449494
-8525673
-14456029
-8514588
-14462555
-8503498
-14469073
-8492403
-14475582
-8481302
-14482083
-8470197
-14488575
-8459087
-14495059
-8447972
-14501534
-8436852
-14508001
-8425727
-14514459
-8414597
-14520909
-8403462
-14527350
-8392322
-14533783
-8381178
-14540207
-8370028
-14546622
-8358873
-14553029
-8347714
-14559427
-8336549
-14565817
-8325380
-14572198
-8314205
-14578571
-8303026
-14584935
-8291842
-14591290
-8280653
-14597637
-8269459
-14603976
-8258261
-14610305
-8247057
-14616626
-8235849
-14622939
-8224636
-14629243
-8213418
-14635538
-8202194
-14641825
-8190967
-14648103
-8179734
-14654372
-8168497
-14660633
-8157255
-14666886
-8146008
-14673129
-8134756
-14679364
-8123500
-14685590
-8112238
-14691808
-8100972
-14698017
-8089701
-14704218
-8078426
-14710409
-8067145
-14716592
-8055860
-14722767
-8044570
-14728933
-8033276
-14735090
-8021976
-14741238
-8010672
-14747378
-7999364
-14753509
-7988050
-14759632
-7976732
-14765745
-7965409
-14771850
-7954082
-14777947
-7942750
-14784034
-7931412
-14790113
-7920071
-14796184
-7908725
-14802245
-7897374
-14808298
-7886018
-14814342
-7874658
-14820378
-7863294
-14826404
-7851924
-14832422
-7840550
-14838432
-7829172
-14844432
-7817788
-14850424
-7806400
-14856407
-7795008
-14862381
-7783611
-14868347
-7772209
-14874304
-7760803
-14880252
-7749392
-14886191
-7737977
-14892122
-7726557
-14898043
-7715133
-14903956
-7703704
-14909861
-7692271
-14915756
-7680833
-14921643
-7669390
-14927521
-7657943
-14933390
-7646492
-14939250
-7635036
-14945102
-7623575
-14950945
-7612110
-14956779
-7600641
-14962604
-7589167
-14968421
-7577688
-14974228
-7566205
-14980027
-7554718
-14985817
-7543226
-14991598
-7531730
-14997370
-7520230
-15003134
-7508724
-15008889
-7497215
-15014635
-7485701
-15020372
-7474183
-15026100
-7462660
-15031819
-7451133
-15037530
-7439602
-15043232
-7428066
-15048924
-7416526
-15054608
-7404981
-15060283
-7393432
-15065950
-7381879
-15071607
-7370321
-15077256
-7358759
-15082895
-7347193
-15088526
-7335622
-15094148
-7324048
-15099761
-7312468
-15105365
-7300885
-15110960
-7289297
-15116547
-7277705
-15122124
-7266108
-15127693
-7254508
-15133252
-7242903
-15138803
-7231294
-15144345
-7219680
-15149878
-7208063
-15155402
-7196441
-15160917
-7184814
-15166424
-7173184
-15171921
-7161550
-15177409
-7149911
-15182889
-7138268
-15188359
-7126620
-15193821
-7114969
-15199273
-7103313
-15204717
-7091654
-15210152
-7079990
-15215578
-7068322
-15220995
-7056649
-15226402
-7044973
-15231801
-7033292
-15237191
-7021608
-15242572
-7009919
-15247944
-6998226
-15253308
-6986529
-15258662
-6974827
-15264007
-6963122
-15269343
-6951413
-15274670
-6939699
-15279988
-6927982
-15285298
-6916260
-15290598
-6904534
-15295889
-6892804
-15301171
-6881071
-15306444
-6869333
-15311709
-6857591
-15316964
-6845845
-15322210
-6834095
-15327447
-6822341
-15332675
-6810583
-15337894
-6798821
-15343105
-6787055
-15348306
-6775285
-15353498
-6763511
-15358681
-6751733
-15363855
-6739951
-15369020
-6728165
-15374176
-6716375
-15379322
-6704582
-15384460
-6692784
-15389589
-6680982
-15394709
-6669176
-15399820
-6657367
-15404921
-6645553
-15410014
-6633736
-15415097
-6621915
-15420172
-6610090
-15425237
-6598260
-15430293
-6586428
-15435340
-6574591
-15440378
-6562750
-15445408
-6550905
-15450427
-6539057
-15455438
-6527205
-15460440
-6515349
-15465433
-6503489
-15470416
-6491625
-15475391
-6479757
-15480356
-6467886
-15485312
-6456011
-15490260
-6444132
-15495198
-6432249
-15500126
-6420362
-15505046
-6408472
-15509957
-6396578
-15514858
-6384680
-15519751
-6372779
-15524634
-6360873
-15529508
-6348964
-15534373
-6337051
-15539229
-6325135
-15544076
-6313214
-15548914
-6301290
-15553742
-6289363
-15558561
-6277431
-15563372
-6265496
-15568172
-6253557
-15572964
-6241615
-15577747
-6229669
-15582520
-6217719
-15587285
-6205765
-15592040
-6193808
-15596786
-6181848
-15601523
-6169883
-15606250
-6157915
-15610969
-6145944
-15615678
-6133968
-15620378
-6121989
-15625069
-6110007
-15629751
-6098021
-15634424
-6086031
-15639087
-6074038
-15643741
-6062041
-15648386
-6050041
-15653022
-6038037
-15657648
-6026029
-15662266
-6014018
-15666874
-6002004
-15671472
-5989986
-15676062
-5977964
-15680642
-5965939
-15685214
-5953910
-15689776
-5941878
-15694328
-5929842
-15698872
-5917803
-15703406
-5905760
-15707931
-5893714
-15712447
-5881665
-15716954
-5869612
-15721451
-5857555
-15725939
-5845495
-15730418
-5833432
-15734887
-5821365
-15739348
-5809295
-15743799
-5797221
-15748240
-5785144
-15752673
-5773064
-15757096
-5760980
-15761510
-5748893
-15765915
-5736802
-15770310
-5724708
-15774696
-5712611
-15779073
-5700510
-15783441
-5688406
-15787799
-5676299
-15792148
-5664188
-15796488
-5652074
-15800818
-5639956
-15805140
-5627836
-15809452
-5615712
-15813754
-5603584
-15818047
-5591454
-15822331
-5579320
-15826606
-5567182
-15830871
-5555042
-15835127
-5542898
-15839374
-5530751
-15843611
-5518601
-15847839
-5506447
-15852058
-5494291
-15856268
-5482131
-15860468
-5469967
-15864658
-5457801
-15868840
-5445631
-15873012
-5433458
-15877174
-5421282
-15881328
-5409103
-15885472
-5396921
-15889607
-5384735
-15893732
-5372546
-15897848
-5360354
-15901955
-5348160
-15906052
-5335961
-15910140
-5323760
-15914219
-5311555
-15918288
-5299348
-15922348
-5287137
-15926398
-5274923
-15930439
-5262706
-15934471
-5250486
-15938494
-5238263
-15942506
-5226037
-15946510
-5213808
-15950504
-5201575
-15954489
-5189340
-15958465
-5177101
-15962431
-5164860
-15966388
-5152615
-15970335
-5140368
-15974273
-5128117
-15978201
-5115864
-15982120
-5103607
-15986030
-5091347
-15989930
-5079085
-15993821
-5066819
-15997703
-5054550
-16001575
-5042279
-16005438
-5030004
-16009291
-5017727
-16013135
-5005446
-16016969
-4993163
-16020794
-4980877
-16024610
-4968587
-16028416
-4956295
-16032212
-4944000
-16036000
-4931702
-16039778
-4919401
-16043546
-4907097
-16047305
-4894791
-16051054
-4882481
-16054795
-4870169
-16058525
-4857853
-16062246
-4845535
-16065958
-4833214
-16069660
-4820890
-16073353
-4808564
-16077037
-4796234
-16080711
-4783902
-16084375
-4771567
-16088030
-4759229
-16091676
-4746888
-16095312
-4734544
-16098938
-4722198
-16102556
-4709849
-16106163
-4697497
-16109762
-4685142
-16113350
-4672785
-16116930
-4660425
-16120499
-4648062
-16124060
-4635696
-16127610
-4623328
-16131152
-4610957
-16134683
-4598583
-16138206
-4586206
-16141718
-4573827
-16145222
-4561445
-16148716
-4549061
-16152200
-4536674
-16155675
-4524284
-16159140
-4511891
-16162596
-4499496
-16166042
-4487098
-16169479
-4474698
-16172906
-4462294
-16176324
-4449888
-16179732
-4437480
-16183131
-4425069
-16186520
-4412656
-16189900
-4400239
-16193270
-4387820
-16196631
-4375399
-16199982
-4362975
-16203324
-4350549
-16206656
-4338120
-16209978
-4325688
-16213291
-4313254
-16216595
-4300817
-16219889
-4288378
-16223173
-4275936
-16226448
-4263492
-16229713
-4251045
-16232969
-4238596
-16236215
-4226144
-16239452
-4213690
-16242679
-4201233
-16245896
-4188774
-16249104
-4176312
-16252303
-4163848
-16255492
-4151381
-16258671
-4138912
-16261841
-4126441
-16265001
-4113967
-16268151
-4101491
-16271292
-4089012
-16274424
-4076531
-16277546
-4064047
-16280658
-4051562
-16283761
-4039073
-16286854
-4026582
-16289937
-4014090
-16293011
-4001594
-16296076
-3989096
-16299130
-3976596
-16302176
-3964094
-16305211
-3951589
-16308238
-3939082
-16311254
-3926572
-16314261
-3914061
-16317258
-3901547
-16320246
-3889030
-16323224
-3876512
-16326192
-3863991
-16329151
-3851468
-16332100
-3838942
-16335040
-3826414
-16337970
-3813885
-16340890
-3801352
-16343801
-3788818
-16346702
-3776281
-16349594
-3763742
-16352476
-3751201
-16355348
-3738658
-16358211
-3726113
-16361064
-3713565
-16363907
-3701015
-16366741
-3688463
-16369565
-3675909
-16372380
-3663352
-16375185
-3650794
-16377980
-3638233
-16380766
-3625670
-16383542
-3613105
-16386308
-3600538
-16389065
-3587969
-16391812
-3575398
-16394550
-3562824
-16397277
-3550249
-16399996
-3537671
-16402704
-3525092
-16405403
-3512510
-16408092
-3499926
-16410772
-3487340
-16413442
-3474752
-16416102
-3462162
-16418753
-3449570
-16421394
-3436976
-16424025
-3424380
-16426647
-3411782
-16429258
-3399182
-16431861
-3386580
-16434454
-3373976
-16437036
-3361370
-16439610
-3348762
-16442173
-3336152
-16444727
-3323540
-16447272
-3310926
-16449806
-3298310
-16452331
-3285692
-16454846
-3273072
-16457352
-3260451
-16459848
-3247827
-16462334
-3235202
-16464811
-3222574
-16467278
-3209945
-16469735
-3197314
-16472182
-3184681
-16474620
-3172046
-16477048
-3159409
-16479466
-3146770
-16481875
-3134130
-16484274
-3121487
-16486663
-3108843
-16489043
-3096197
-16491413
-3083549
-16493773
-3070900
-16496124
-3058248
-16498464
-3045595
-16500795
-3032940
-16503117
-3020283
-16505428
-3007624
-16507730
-2994964
-16510023
-2982302
-16512305
-2969638
-16514578
-2956972
-16516841
-2944305
-16519095
-2931636
-16521338
-2918965
-16523572
-2906292
-16525796
-2893618
-16528011
-2880942
-16530216
-2868264
-16532411
-2855585
-16534596
-2842904
-16536772
-2830221
-16538938
-2817537
-16541094
-2804851
-16543240
-2792163
-16545377
-2779474
-16547504
-2766783
-16549621
-2754090
-16551729
-2741396
-16553826
-2728700
-16555914
-2716003
-16557993
-2703304
-16560061
-2690603
-16562120
-2677901
-16564169
-2665197
-16566208
-2652492
-16568238
-2639785
-16570258
-2627077
-16572268
-2614367
-16574268
-2601655
-16576259
-2588942
-16578240
-2576227
-16580211
-2563511
-16582172
-2550794
-16584124
-2538075
-16586065
-2525354
-16587997
-2512632
-16589920
-2499908
-16591832
-2487183
-16593735
-2474457
-16595628
-2461729
-16597511
-2448999
-16599385
-2436268
-16601248
-2423536
-16603102
-2410802
-16604946
-2398067
-16606781
-2385331
-16608606
-2372593
-16610420
-2359854
-16612226
-2347113
-16614021
-2334371
-16615806
-2321627
-16617582
-2308882
-16619348
-2296136
-16621104
-2283389
-16622851
-2270640
-16624588
-2257890
-16626314
-2245138
-16628032
-2232385
-16629739
-2219631
-16631436
-2206875
-16633124
-2194119
-16634802
-2181360
-16636470
-2168601
-16638129
-2155840
-16639777
-2143079
-16641416
-2130315
-16643045
-2117551
-16644664
-2104785
-16646274
-2092018
-16647874
-2079250
-16649463
-2066481
-16651044
-2053710
-16652614
-2040938
-16654174
-2028166
-16655725
-2015391
-16657266
-2002616
-16658797
-1989839
-16660318
-1977062
-16661830
-1964283
-16663331
-1951503
-16664823
-1938722
-16666305
-1925939
-16667778
-1913156
-16669240
-1900371
-16670693
-1887586
-16672136
-1874799
-16673569
-1862011
-16674992
-1849222
-16676405
-1836432
-16677809
-1823640
-16679203
-1810848
-16680587
-1798055
-16681961
-1785260
-16683325
-1772465
-16684680
-1759669
-16686025
-1746871
-16687360
-1734072
-16688685
-1721273
-16690000
-1708472
-16691305
-1695671
-16692601
-1682868
-16693887
-1670065
-16695163
-1657260
-16696429
-1644455
-16697685
-1631648
-16698932
-1618841
-16700169
-1606032
-16701396
-1593223
-16702613
-1580413
-16703820
-1567602
-16705017
-1554789
-16706205
-1541976
-16707383
-1529162
-16708551
-1516348
-16709709
-1503532
-16710857
-1490715
-16711996
-1477898
-16713124
-1465079
-16714243
-1452260
-16715352
-1439440
-16716451
-1426619
-16717540
-1413797
-16718620
-1400975
-16719689
-1388151
-16720749
-1375327
-16721799
-1362502
-16722839
-1349676
-16723869
-1336849
-16724890
-1324022
-16725900
-1311194
-16726901
-1298365
-16727892
-1285535
-16728873
-1272704
-16729844
-1259873
-16730806
-1247041
-16731757
-1234208
-16732699
-1221375
-16733631
-1208541
-16734553
-1195706
-16735465
-1182870
-16736367
-1170034
-16737260
-1157197
-16738142
-1144360
-16739015
-1131521
-16739878
-1118682
-16740731
-1105842
-16741575
-1093002
-16742408
-1080161
-16743232
-1067320
-16744045
-1054478
-16744849
-1041635
-16745643
-1028791
-16746427
-1015947
-16747202
-1003102
-16747966
-990257
-16748721
-977411
-16749465
-964565
-16750200
-951718
-16750925
-938870
-16751640
-926022
-16752346
-913174
-16753041
-900325
-16753727
-887475
-16754403
-874625
-16755068
-861774
-16755724
-848923
-16756371
-836071
-16757007
-823219
-16757634
-810366
-16758250
-797513
-16758857
-784659
-16759454
-771805
-16760041
-758951
-16760618
-746096
-16761185
-733240
-16761743
-720384
-16762290
-707528
-16762828
-694671
-16763356
-681814
-16763874
-668957
-16764382
-656099
-16764880
-643240
-16765369
-630382
-16765847
-617523
-16766316
-604663
-16766775
-591804
-16767224
-578943
-16767663
-566083
-16768092
-553222
-16768512
-540361
-16768921
-527500
-16769321
-514638
-16769711
-501776
-16770091
-488913
-16770461
-476051
-16770821
-463188
-16771171
-450325
-16771512
-437461
-16771842
-424597
-16772163
-411733
-16772474
-398869
-16772775
-386005
-16773066
-373140
-16773347
-360275
-16773619
-347410
-16773880
-334545
-16774132
-321679
-16774374
-308814
-16774606
-295948
-16774828
-283082
-16775040
-270216
-16775242
-257349
-16775434
-244483
-16775617
-231616
-16775790
-218749
-16775953
-205882
-16776106
-193015
-16776249
-180148
-16776382
-167281
-16776505
-154413
-16776619
-141546
-16776722
-128678
-16776816
-115811
-16776900
-102943
-16776974
-90075
-16777038
-77208
-16777093
-64340
-16777137
-51472
-16777172
-38604
-16777196
-25736
-16777211
-12868
