2097151
0
2096994
-25735
2096520
-51467
2095731
-77190
2094626
-102902
2093205
-128599
2091470
-154276
2089419
-179930
2087054
-205557
2084374
-231153
2081380
-256714
2078073
-282236
2074453
-307716
2070521
-333150
2066277
-358533
2061722
-383862
2056856
-409134
2051680
-434344
2046196
-459488
2040403
-484564
2034303
-509566
2027897
-534492
2021185
-559337
2014169
-584098
2006849
-608771
1999228
-633352
1991305
-657838
1983082
-682225
1974561
-706509
1965742
-730687
1956628
-754754
1947218
-778708
1937516
-802545
1927521
-826261
1917237
-849853
1906663
-873316
1895803
-896648
1884657
-919845
1873227
-942903
1861515
-965820
1849523
-988590
1837252
-1011213
1824705
-1033682
1811882
-1055996
1798787
-1078152
1785421
-1100144
1771786
-1121971
1757884
-1143629
1743718
-1165115
1729289
-1186426
1714600
-1207557
1699652
-1228507
1684448
-1249272
1668991
-1269849
1653282
-1290234
1637325
-1310425
1621120
-1330419
1604672
-1350212
1587982
-1369803
1571053
-1389186
1553887
-1408361
1536487
-1427324
1518856
-1446071
1500996
-1464601
1482910
-1482910
1464601
-1500996
1446071
-1518856
1427324
-1536487
1408361
-1553887
1389186
-1571053
1369803
-1587982
1350212
-1604672
1330419
-1621120
1310425
-1637325
1290234
-1653282
1269849
-1668991
1249272
-1684448
1228507
-1699652
1207557
-1714600
1186426
-1729289
1165115
-1743718
1143629
-1757884
1121971
-1771786
1100144
-1785421
1078152
-1798787
1055996
-1811882
1033682
-1824705
1011213
-1837252
988590
-1849523
965820
-1861515
942903
-1873227
919845
-1884657
896648
-1895803
873316
-1906663
849853
-1917237
826261
-1927521
802545
-1937516
778708
-1947218
754754
-1956628
730687
-1965742
706509
-1974561
682225
-1983082
657838
-1991305
633352
-1999228
608771
-2006849
584098
-2014169
559337
-2021185
534492
-2027897
509566
-2034303
484564
-2040403
459488
-2046196
434344
-2051680
409134
-2056856
383862
-2061722
358533
-2066277
333150
-2070521
307716
-2074453
282236
-2078073
256714
-2081380
231153
-2084374
205557
-2087054
179930
-2089419
154276
-2091470
128599
-2093205
102902
-2094626
77190
-2095731
51467
-2096520
25735
-2096994
0
-2097152
-25735
-2096994
-51467
-2096520
-77190
-2095731
-102902
-2094626
-128599
-2093205
-154276
-2091470
-179930
-2089419
-205557
-2087054
-231153
-2084374
-256714
-2081380
-282236
-2078073
-307716
-2074453
-333150
-2070521
-358533
-2066277
-383862
-2061722
-409134
-2056856
-434344
-2051680
-459488
-2046196
-484564
-2040403
-509566
-2034303
-534492
-2027897
-559337
-2021185
-584098
-2014169
-608771
-2006849
-633352
-1999228
-657838
-1991305
-682225
-1983082
-706509
-1974561
-730687
-1965742
-754754
-1956628
-778708
-1947218
-802545
-1937516
-826261
-1927521
-849853
-1917237
-873316
-1906663
-896648
-1895803
-919845
-1884657
-942903
-1873227
-965820
-1861515
-988590
-1849523
-1011213
-1837252
-1033682
-1824705
-1055996
-1811882
-1078152
-1798787
-1100144
-1785421
-1121971
-1771786
-1143629
-1757884
-1165115
-1743718
-1186426
-1729289
-1207557
-1714600
-1228507
-1699652
-1249272
-1684448
-1269849
-1668991
-1290234
-1653282
-1310425
-1637325
-1330419
-1621120
-1350212
-1604672
-1369803
-1587982
-1389186
-1571053
-1408361
-1553887
-1427324
-1536487
-1446071
-1518856
-1464601
-1500996
-1482910
-1482910
-1500996
-1464601
-1518856
-1446071
-1536487
-1427324
-1553887
-1408361
-1571053
-1389186
-1587982
-1369803
-1604672
-1350212
-1621120
-1330419
-1637325
-1310425
-1653282
-1290234
-1668991
-1269849
-1684448
-1249272
-1699652
-1228507
-1714600
-1207557
-1729289
-1186426
-1743718
-1165115
-1757884
-1143629
-1771786
-1121971
-1785421
-1100144
-1798787
-1078152
-1811882
-1055996
-1824705
-1033682
-1837252
-1011213
-1849523
-988590
-1861515
-965820
-1873227
-942903
-1884657
-919845
-1895803
-896648
-1906663
-873316
-1917237
-849853
-1927521
-826261
-1937516
-802545
-1947218
-778708
-1956628
-754754
-1965742
-730687
-1974561
-706509
-1983082
-682225
-1991305
-657838
-1999228
-633352
-2006849
-608771
-2014169
-584098
-2021185
-559337
-2027897
-534492
-2034303
-509566
-2040403
-484564
-2046196
-459488
-2051680
-434344
-2056856
-409134
-2061722
-383862
-2066277
-358533
-2070521
-333150
-2074453
-307716
-2078073
-282236
-2081380
-256714
-2084374
-231153
-2087054
-205557
-2089419
-179930
-2091470
-154276
-2093205
-128599
-2094626
-102902
-2095731
-77190
-2096520
-51467
-2096994
-25735
