2047
0
2047
-6
2047
-12
2047
-19
2047
-25
2047
-31
2047
-38
2047
-44
2047
-50
2047
-56
2047
-63
2047
-69
2046
-75
2046
-82
2046
-88
2046
-94
2046
-100
2045
-107
2045
-113
2044
-119
2044
-126
2044
-132
2043
-138
2043
-144
2042
-151
2042
-157
2041
-163
2041
-169
2040
-176
2040
-182
2039
-188
2039
-194
2038
-201
2038
-207
2037
-213
2036
-219
2036
-226
2035
-232
2034
-238
2033
-244
2032
-251
2032
-257
2031
-263
2030
-269
2029
-276
2028
-282
2028
-288
2027
-294
2026
-300
2025
-307
2024
-313
2023
-319
2022
-325
2021
-332
2020
-338
2019
-344
2018
-350
2017
-356
2016
-362
2014
-369
2013
-375
2012
-381
2011
-387
2010
-393
2009
-400
2007
-406
2006
-412
2005
-418
2004
-424
2002
-430
2001
-436
2000
-442
1998
-449
1997
-455
1995
-461
1994
-467
1992
-473
1991
-479
1990
-485
1988
-492
1986
-498
1985
-504
1984
-510
1982
-516
1980
-522
1979
-528
1977
-534
1975
-540
1974
-546
1972
-552
1970
-558
1969
-564
1967
-570
1965
-576
1963
-582
1962
-588
1960
-594
1958
-600
1956
-606
1954
-612
1952
-618
1950
-624
1948
-630
1946
-636
1945
-642
1943
-648
1941
-654
1939
-660
1936
-666
1934
-672
1932
-678
1930
-684
1928
-690
1926
-696
1924
-702
1922
-708
1920
-714
1917
-719
1915
-725
1913
-731
1911
-737
1908
-743
1906
-749
1904
-754
1902
-760
1899
-766
1897
-772
1894
-778
1892
-784
1890
-790
1887
-795
1885
-801
1882
-807
1880
-813
1877
-818
1875
-824
1872
-830
1870
-836
1867
-841
1864
-847
1862
-853
1859
-858
1857
-864
1854
-870
1851
-876
1849
-881
1846
-887
1843
-893
1840
-898
1838
-904
1835
-910
1832
-915
1829
-921
1826
-926
1824
-932
1821
-938
1818
-943
1815
-949
1812
-954
1809
-960
1806
-965
1803
-971
1800
-976
1797
-982
1794
-988
1791
-993
1788
-998
1785
-1004
1782
-1009
1779
-1015
1776
-1020
1772
-1026
1769
-1031
1766
-1037
1763
-1042
1760
-1047
1757
-1053
1753
-1058
1750
-1064
1747
-1069
1744
-1074
1740
-1080
1737
-1085
1734
-1090
1730
-1096
1727
-1101
1724
-1106
1720
-1112
1717
-1117
1713
-1122
1710
-1127
1706
-1132
1703
-1138
1699
-1143
1696
-1148
1692
-1153
1689
-1158
1685
-1164
1682
-1169
1678
-1174
1674
-1179
1671
-1184
1667
-1190
1663
-1194
1660
-1200
1656
-1205
1652
-1210
1649
-1215
1645
-1220
1641
-1225
1637
-1230
1634
-1235
1630
-1240
1626
-1245
1622
-1250
1618
-1255
1614
-1260
1611
-1265
1607
-1270
1603
-1275
1599
-1280
1595
-1284
1591
-1289
1587
-1294
1583
-1299
1579
-1304
1575
-1309
1571
-1314
1567
-1318
1563
-1323
1559
-1328
1555
-1333
1551
-1338
1547
-1342
1542
-1347
1538
-1352
1534
-1357
1530
-1361
1526
-1366
1522
-1371
1517
-1375
1513
-1380
1509
-1385
1505
-1389
1500
-1394
1496
-1398
1492
-1403
1488
-1408
1483
-1412
1479
-1417
1474
-1421
1470
-1426
1466
-1430
1461
-1435
1457
-1439
1452
-1444
1448
-1448
1444
-1452
1439
-1457
1435
-1461
1430
-1466
1426
-1470
1421
-1474
1417
-1479
1412
-1483
1408
-1488
1403
-1492
1398
-1496
1394
-1500
1389
-1505
1385
-1509
1380
-1513
1375
-1517
1371
-1522
1366
-1526
1361
-1530
1357
-1534
1352
-1538
1347
-1542
1342
-1547
1338
-1551
1333
-1555
1328
-1559
1323
-1563
1318
-1567
1314
-1571
1309
-1575
1304
-1579
1299
-1583
1294
-1587
1289
-1591
1284
-1595
1280
-1599
1275
-1603
1270
-1607
1265
-1611
1260
-1614
1255
-1618
1250
-1622
1245
-1626
1240
-1630
1235
-1634
1230
-1637
1225
-1641
1220
-1645
1215
-1649
1210
-1652
1205
-1656
1200
-1660
1194
-1663
1190
-1667
1184
-1671
1179
-1674
1174
-1678
1169
-1682
1164
-1685
1158
-1689
1153
-1692
1148
-1696
1143
-1699
1138
-1703
1132
-1706
1127
-1710
1122
-1713
1117
-1717
1112
-1720
1106
-1724
1101
-1727
1096
-1730
1090
-1734
1085
-1737
1080
-1740
1074
-1744
1069
-1747
1064
-1750
1058
-1753
1053
-1757
1047
-1760
1042
-1763
1037
-1766
1031
-1769
1026
-1772
1020
-1776
1015
-1779
1009
-1782
1004
-1785
998
-1788
993
-1791
988
-1794
982
-1797
976
-1800
971
-1803
965
-1806
960
-1809
954
-1812
949
-1815
943
-1818
938
-1821
932
-1824
926
-1826
921
-1829
915
-1832
910
-1835
904
-1838
898
-1840
893
-1843
887
-1846
881
-1849
876
-1851
870
-1854
864
-1857
858
-1859
853
-1862
847
-1864
841
-1867
836
-1870
830
-1872
824
-1875
818
-1877
813
-1880
807
-1882
801
-1885
795
-1887
790
-1890
784
-1892
778
-1894
772
-1897
766
-1899
760
-1902
754
-1904
749
-1906
743
-1908
737
-1911
731
-1913
725
-1915
719
-1917
714
-1920
708
-1922
702
-1924
696
-1926
690
-1928
684
-1930
678
-1932
672
-1934
666
-1936
660
-1939
654
-1941
648
-1943
642
-1945
636
-1946
630
-1948
624
-1950
618
-1952
612
-1954
606
-1956
600
-1958
594
-1960
588
-1962
582
-1963
576
-1965
570
-1967
564
-1969
558
-1970
552
-1972
546
-1974
540
-1975
534
-1977
528
-1979
522
-1980
516
-1982
510
-1984
504
-1985
498
-1986
492
-1988
485
-1990
479
-1991
473
-1992
467
-1994
461
-1995
455
-1997
449
-1998
442
-2000
436
-2001
430
-2002
424
-2004
418
-2005
412
-2006
406
-2007
400
-2009
393
-2010
387
-2011
381
-2012
375
-2013
369
-2014
362
-2016
356
-2017
350
-2018
344
-2019
338
-2020
332
-2021
325
-2022
319
-2023
313
-2024
307
-2025
300
-2026
294
-2027
288
-2028
282
-2028
276
-2029
269
-2030
263
-2031
257
-2032
251
-2032
244
-2033
238
-2034
232
-2035
226
-2036
219
-2036
213
-2037
207
-2038
201
-2038
194
-2039
188
-2039
182
-2040
176
-2040
169
-2041
163
-2041
157
-2042
151
-2042
144
-2043
138
-2043
132
-2044
126
-2044
119
-2044
113
-2045
107
-2045
100
-2046
94
-2046
88
-2046
82
-2046
75
-2046
69
-2047
63
-2047
56
-2047
50
-2047
44
-2048
38
-2048
31
-2048
25
-2048
19
-2048
12
-2048
6
-2048
0
-2048
-6
-2048
-12
-2048
-19
-2048
-25
-2048
-31
-2048
-38
-2048
-44
-2048
-50
-2047
-56
-2047
-63
-2047
-69
-2047
-75
-2046
-82
-2046
-88
-2046
-94
-2046
-100
-2046
-107
-2045
-113
-2045
-119
-2044
-126
-2044
-132
-2044
-138
-2043
-144
-2043
-151
-2042
-157
-2042
-163
-2041
-169
-2041
-176
-2040
-182
-2040
-188
-2039
-194
-2039
-201
-2038
-207
-2038
-213
-2037
-219
-2036
-226
-2036
-232
-2035
-238
-2034
-244
-2033
-251
-2032
-257
-2032
-263
-2031
-269
-2030
-276
-2029
-282
-2028
-288
-2028
-294
-2027
-300
-2026
-307
-2025
-313
-2024
-319
-2023
-325
-2022
-332
-2021
-338
-2020
-344
-2019
-350
-2018
-356
-2017
-362
-2016
-369
-2014
-375
-2013
-381
-2012
-387
-2011
-393
-2010
-400
-2009
-406
-2007
-412
-2006
-418
-2005
-424
-2004
-430
-2002
-436
-2001
-442
-2000
-449
-1998
-455
-1997
-461
-1995
-467
-1994
-473
-1992
-479
-1991
-485
-1990
-492
-1988
-498
-1986
-504
-1985
-510
-1984
-516
-1982
-522
-1980
-528
-1979
-534
-1977
-540
-1975
-546
-1974
-552
-1972
-558
-1970
-564
-1969
-570
-1967
-576
-1965
-582
-1963
-588
-1962
-594
-1960
-600
-1958
-606
-1956
-612
-1954
-618
-1952
-624
-1950
-630
-1948
-636
-1946
-642
-1945
-648
-1943
-654
-1941
-660
-1939
-666
-1936
-672
-1934
-678
-1932
-684
-1930
-690
-1928
-696
-1926
-702
-1924
-708
-1922
-714
-1920
-719
-1917
-725
-1915
-731
-1913
-737
-1911
-743
-1908
-749
-1906
-754
-1904
-760
-1902
-766
-1899
-772
-1897
-778
-1894
-784
-1892
-790
-1890
-795
-1887
-801
-1885
-807
-1882
-813
-1880
-818
-1877
-824
-1875
-830
-1872
-836
-1870
-841
-1867
-847
-1864
-853
-1862
-858
-1859
-864
-1857
-870
-1854
-876
-1851
-881
-1849
-887
-1846
-893
-1843
-898
-1840
-904
-1838
-910
-1835
-915
-1832
-921
-1829
-926
-1826
-932
-1824
-938
-1821
-943
-1818
-949
-1815
-954
-1812
-960
-1809
-965
-1806
-971
-1803
-976
-1800
-982
-1797
-988
-1794
-993
-1791
-998
-1788
-1004
-1785
-1009
-1782
-1015
-1779
-1020
-1776
-1026
-1772
-1031
-1769
-1037
-1766
-1042
-1763
-1047
-1760
-1053
-1757
-1058
-1753
-1064
-1750
-1069
-1747
-1074
-1744
-1080
-1740
-1085
-1737
-1090
-1734
-1096
-1730
-1101
-1727
-1106
-1724
-1112
-1720
-1117
-1717
-1122
-1713
-1127
-1710
-1132
-1706
-1138
-1703
-1143
-1699
-1148
-1696
-1153
-1692
-1158
-1689
-1164
-1685
-1169
-1682
-1174
-1678
-1179
-1674
-1184
-1671
-1190
-1667
-1194
-1663
-1200
-1660
-1205
-1656
-1210
-1652
-1215
-1649
-1220
-1645
-1225
-1641
-1230
-1637
-1235
-1634
-1240
-1630
-1245
-1626
-1250
-1622
-1255
-1618
-1260
-1614
-1265
-1611
-1270
-1607
-1275
-1603
-1280
-1599
-1284
-1595
-1289
-1591
-1294
-1587
-1299
-1583
-1304
-1579
-1309
-1575
-1314
-1571
-1318
-1567
-1323
-1563
-1328
-1559
-1333
-1555
-1338
-1551
-1342
-1547
-1347
-1542
-1352
-1538
-1357
-1534
-1361
-1530
-1366
-1526
-1371
-1522
-1375
-1517
-1380
-1513
-1385
-1509
-1389
-1505
-1394
-1500
-1398
-1496
-1403
-1492
-1408
-1488
-1412
-1483
-1417
-1479
-1421
-1474
-1426
-1470
-1430
-1466
-1435
-1461
-1439
-1457
-1444
-1452
-1448
-1448
-1452
-1444
-1457
-1439
-1461
-1435
-1466
-1430
-1470
-1426
-1474
-1421
-1479
-1417
-1483
-1412
-1488
-1408
-1492
-1403
-1496
-1398
-1500
-1394
-1505
-1389
-1509
-1385
-1513
-1380
-1517
-1375
-1522
-1371
-1526
-1366
-1530
-1361
-1534
-1357
-1538
-1352
-1542
-1347
-1547
-1342
-1551
-1338
-1555
-1333
-1559
-1328
-1563
-1323
-1567
-1318
-1571
-1314
-1575
-1309
-1579
-1304
-1583
-1299
-1587
-1294
-1591
-1289
-1595
-1284
-1599
-1280
-1603
-1275
-1607
-1270
-1611
-1265
-1614
-1260
-1618
-1255
-1622
-1250
-1626
-1245
-1630
-1240
-1634
-1235
-1637
-1230
-1641
-1225
-1645
-1220
-1649
-1215
-1652
-1210
-1656
-1205
-1660
-1200
-1663
-1194
-1667
-1190
-1671
-1184
-1674
-1179
-1678
-1174
-1682
-1169
-1685
-1164
-1689
-1158
-1692
-1153
-1696
-1148
-1699
-1143
-1703
-1138
-1706
-1132
-1710
-1127
-1713
-1122
-1717
-1117
-1720
-1112
-1724
-1106
-1727
-1101
-1730
-1096
-1734
-1090
-1737
-1085
-1740
-1080
-1744
-1074
-1747
-1069
-1750
-1064
-1753
-1058
-1757
-1053
-1760
-1047
-1763
-1042
-1766
-1037
-1769
-1031
-1772
-1026
-1776
-1020
-1779
-1015
-1782
-1009
-1785
-1004
-1788
-998
-1791
-993
-1794
-988
-1797
-982
-1800
-976
-1803
-971
-1806
-965
-1809
-960
-1812
-954
-1815
-949
-1818
-943
-1821
-938
-1824
-932
-1826
-926
-1829
-921
-1832
-915
-1835
-910
-1838
-904
-1840
-898
-1843
-893
-1846
-887
-1849
-881
-1851
-876
-1854
-870
-1857
-864
-1859
-858
-1862
-853
-1864
-847
-1867
-841
-1870
-836
-1872
-830
-1875
-824
-1877
-818
-1880
-813
-1882
-807
-1885
-801
-1887
-795
-1890
-790
-1892
-784
-1894
-778
-1897
-772
-1899
-766
-1902
-760
-1904
-754
-1906
-749
-1908
-743
-1911
-737
-1913
-731
-1915
-725
-1917
-719
-1920
-714
-1922
-708
-1924
-702
-1926
-696
-1928
-690
-1930
-684
-1932
-678
-1934
-672
-1936
-666
-1939
-660
-1941
-654
-1943
-648
-1945
-642
-1946
-636
-1948
-630
-1950
-624
-1952
-618
-1954
-612
-1956
-606
-1958
-600
-1960
-594
-1962
-588
-1963
-582
-1965
-576
-1967
-570
-1969
-564
-1970
-558
-1972
-552
-1974
-546
-1975
-540
-1977
-534
-1979
-528
-1980
-522
-1982
-516
-1984
-510
-1985
-504
-1986
-498
-1988
-492
-1990
-485
-1991
-479
-1992
-473
-1994
-467
-1995
-461
-1997
-455
-1998
-449
-2000
-442
-2001
-436
-2002
-430
-2004
-424
-2005
-418
-2006
-412
-2007
-406
-2009
-400
-2010
-393
-2011
-387
-2012
-381
-2013
-375
-2014
-369
-2016
-362
-2017
-356
-2018
-350
-2019
-344
-2020
-338
-2021
-332
-2022
-325
-2023
-319
-2024
-313
-2025
-307
-2026
-300
-2027
-294
-2028
-288
-2028
-282
-2029
-276
-2030
-269
-2031
-263
-2032
-257
-2032
-251
-2033
-244
-2034
-238
-2035
-232
-2036
-226
-2036
-219
-2037
-213
-2038
-207
-2038
-201
-2039
-194
-2039
-188
-2040
-182
-2040
-176
-2041
-169
-2041
-163
-2042
-157
-2042
-151
-2043
-144
-2043
-138
-2044
-132
-2044
-126
-2044
-119
-2045
-113
-2045
-107
-2046
-100
-2046
-94
-2046
-88
-2046
-82
-2046
-75
-2047
-69
-2047
-63
-2047
-56
-2047
-50
-2048
-44
-2048
-38
-2048
-31
-2048
-25
-2048
-19
-2048
-12
-2048
-6
