2097151
0
2097112
-12868
2096994
-25735
2096797
-38602
2096520
-51467
2096165
-64330
2095731
-77190
2095218
-90048
2094626
-102902
2093955
-115753
2093205
-128599
2092377
-141440
2091470
-154276
2090484
-167106
2089419
-179930
2088276
-192747
2087054
-205557
2085753
-218359
2084374
-231153
2082916
-243938
2081380
-256714
2079766
-269480
2078073
-282236
2076302
-294982
2074453
-307716
2072526
-320439
2070521
-333150
2068438
-345848
2066277
-358533
2064038
-371205
2061722
-383862
2059327
-396506
2056856
-409134
2054307
-421747
2051680
-434344
2048976
-446925
2046196
-459488
2043338
-472035
2040403
-484564
2037391
-497074
2034303
-509566
2031138
-522039
2027897
-534492
2024579
-546925
2021185
-559337
2017715
-571728
2014169
-584098
2010547
-596446
2006849
-608771
2003076
-621073
1999228
-633352
1995304
-645607
1991305
-657838
1987231
-670044
1983082
-682225
1978859
-694380
1974561
-706509
1970189
-718612
1965742
-730687
1961222
-742735
1956628
-754754
1951960
-766746
1947218
-778708
1942404
-790642
1937516
-802545
1932555
-814418
1927521
-826261
1922415
-838073
1917237
-849853
1911986
-861600
1906663
-873316
1901269
-884999
1895803
-896648
1890266
-908264
1884657
-919845
1878977
-931392
1873227
-942903
1867406
-954379
1861515
-965820
1855554
-977224
1849523
-988590
1843422
-999920
1837252
-1011213
1831013
-1022467
1824705
-1033682
1818328
-1044859
1811882
-1055996
1805369
-1067094
1798787
-1078152
1792138
-1089168
1785421
-1100144
1778637
-1111079
1771786
-1121971
1764869
-1132822
1757884
-1143629
1750834
-1154394
1743718
-1165115
1736536
-1175792
1729289
-1186426
1721977
-1197014
1714600
-1207557
1707158
-1218055
1699652
-1228507
1692082
-1238913
1684448
-1249272
1676751
-1259584
1668991
-1269849
1661168
-1280066
1653282
-1290234
1645334
-1300354
1637325
-1310425
1629253
-1320447
1621120
-1330419
1612926
-1340341
1604672
-1350212
1596357
-1360033
1587982
-1369803
1579547
-1379520
1571053
-1389186
1562499
-1398800
1553887
-1408361
1545216
-1417869
1536487
-1427324
1527700
-1436724
1518856
-1446071
1509955
-1455364
1500996
-1464601
1491981
-1473784
1482910
-1482910
1473784
-1491981
1464601
-1500996
1455364
-1509955
1446071
-1518856
1436724
-1527700
1427324
-1536487
1417869
-1545216
1408361
-1553887
1398800
-1562499
1389186
-1571053
1379520
-1579547
1369803
-1587982
1360033
-1596357
1350212
-1604672
1340341
-1612926
1330419
-1621120
1320447
-1629253
1310425
-1637325
1300354
-1645334
1290234
-1653282
1280066
-1661168
1269849
-1668991
1259584
-1676751
1249272
-1684448
1238913
-1692082
1228507
-1699652
1218055
-1707158
1207557
-1714600
1197014
-1721977
1186426
-1729289
1175792
-1736536
1165115
-1743718
1154394
-1750834
1143629
-1757884
1132822
-1764869
1121971
-1771786
1111079
-1778637
1100144
-1785421
1089168
-1792138
1078152
-1798787
1067094
-1805369
1055996
-1811882
1044859
-1818328
1033682
-1824705
1022467
-1831013
1011213
-1837252
999920
-1843422
988590
-1849523
977224
-1855554
965820
-1861515
954379
-1867406
942903
-1873227
931392
-1878977
919845
-1884657
908264
-1890266
896648
-1895803
884999
-1901269
873316
-1906663
861600
-1911986
849853
-1917237
838073
-1922415
826261
-1927521
814418
-1932555
802545
-1937516
790642
-1942404
778708
-1947218
766746
-1951960
754754
-1956628
742735
-1961222
730687
-1965742
718612
-1970189
706509
-1974561
694380
-1978859
682225
-1983082
670044
-1987231
657838
-1991305
645607
-1995304
633352
-1999228
621073
-2003076
608771
-2006849
596446
-2010547
584098
-2014169
571728
-2017715
559337
-2021185
546925
-2024579
534492
-2027897
522039
-2031138
509566
-2034303
497074
-2037391
484564
-2040403
472035
-2043338
459488
-2046196
446925
-2048976
434344
-2051680
421747
-2054307
409134
-2056856
396506
-2059327
383862
-2061722
371205
-2064038
358533
-2066277
345848
-2068438
333150
-2070521
320439
-2072526
307716
-2074453
294982
-2076302
282236
-2078073
269480
-2079766
256714
-2081380
243938
-2082916
231153
-2084374
218359
-2085753
205557
-2087054
192747
-2088276
179930
-2089419
167106
-2090484
154276
-2091470
141440
-2092377
128599
-2093205
115753
-2093955
102902
-2094626
90048
-2095218
77190
-2095731
64330
-2096165
51467
-2096520
38602
-2096797
25735
-2096994
12868
-2097112
0
-2097152
-12868
-2097112
-25735
-2096994
-38602
-2096797
-51467
-2096520
-64330
-2096165
-77190
-2095731
-90048
-2095218
-102902
-2094626
-115753
-2093955
-128599
-2093205
-141440
-2092377
-154276
-2091470
-167106
-2090484
-179930
-2089419
-192747
-2088276
-205557
-2087054
-218359
-2085753
-231153
-2084374
-243938
-2082916
-256714
-2081380
-269480
-2079766
-282236
-2078073
-294982
-2076302
-307716
-2074453
-320439
-2072526
-333150
-2070521
-345848
-2068438
-358533
-2066277
-371205
-2064038
-383862
-2061722
-396506
-2059327
-409134
-2056856
-421747
-2054307
-434344
-2051680
-446925
-2048976
-459488
-2046196
-472035
-2043338
-484564
-2040403
-497074
-2037391
-509566
-2034303
-522039
-2031138
-534492
-2027897
-546925
-2024579
-559337
-2021185
-571728
-2017715
-584098
-2014169
-596446
-2010547
-608771
-2006849
-621073
-2003076
-633352
-1999228
-645607
-1995304
-657838
-1991305
-670044
-1987231
-682225
-1983082
-694380
-1978859
-706509
-1974561
-718612
-1970189
-730687
-1965742
-742735
-1961222
-754754
-1956628
-766746
-1951960
-778708
-1947218
-790642
-1942404
-802545
-1937516
-814418
-1932555
-826261
-1927521
-838073
-1922415
-849853
-1917237
-861600
-1911986
-873316
-1906663
-884999
-1901269
-896648
-1895803
-908264
-1890266
-919845
-1884657
-931392
-1878977
-942903
-1873227
-954379
-1867406
-965820
-1861515
-977224
-1855554
-988590
-1849523
-999920
-1843422
-1011213
-1837252
-1022467
-1831013
-1033682
-1824705
-1044859
-1818328
-1055996
-1811882
-1067094
-1805369
-1078152
-1798787
-1089168
-1792138
-1100144
-1785421
-1111079
-1778637
-1121971
-1771786
-1132822
-1764869
-1143629
-1757884
-1154394
-1750834
-1165115
-1743718
-1175792
-1736536
-1186426
-1729289
-1197014
-1721977
-1207557
-1714600
-1218055
-1707158
-1228507
-1699652
-1238913
-1692082
-1249272
-1684448
-1259584
-1676751
-1269849
-1668991
-1280066
-1661168
-1290234
-1653282
-1300354
-1645334
-1310425
-1637325
-1320447
-1629253
-1330419
-1621120
-1340341
-1612926
-1350212
-1604672
-1360033
-1596357
-1369803
-1587982
-1379520
-1579547
-1389186
-1571053
-1398800
-1562499
-1408361
-1553887
-1417869
-1545216
-1427324
-1536487
-1436724
-1527700
-1446071
-1518856
-1455364
-1509955
-1464601
-1500996
-1473784
-1491981
-1482910
-1482910
-1491981
-1473784
-1500996
-1464601
-1509955
-1455364
-1518856
-1446071
-1527700
-1436724
-1536487
-1427324
-1545216
-1417869
-1553887
-1408361
-1562499
-1398800
-1571053
-1389186
-1579547
-1379520
-1587982
-1369803
-1596357
-1360033
-1604672
-1350212
-1612926
-1340341
-1621120
-1330419
-1629253
-1320447
-1637325
-1310425
-1645334
-1300354
-1653282
-1290234
-1661168
-1280066
-1668991
-1269849
-1676751
-1259584
-1684448
-1249272
-1692082
-1238913
-1699652
-1228507
-1707158
-1218055
-1714600
-1207557
-1721977
-1197014
-1729289
-1186426
-1736536
-1175792
-1743718
-1165115
-1750834
-1154394
-1757884
-1143629
-1764869
-1132822
-1771786
-1121971
-1778637
-1111079
-1785421
-1100144
-1792138
-1089168
-1798787
-1078152
-1805369
-1067094
-1811882
-1055996
-1818328
-1044859
-1824705
-1033682
-1831013
-1022467
-1837252
-1011213
-1843422
-999920
-1849523
-988590
-1855554
-977224
-1861515
-965820
-1867406
-954379
-1873227
-942903
-1878977
-931392
-1884657
-919845
-1890266
-908264
-1895803
-896648
-1901269
-884999
-1906663
-873316
-1911986
-861600
-1917237
-849853
-1922415
-838073
-1927521
-826261
-1932555
-814418
-1937516
-802545
-1942404
-790642
-1947218
-778708
-1951960
-766746
-1956628
-754754
-1961222
-742735
-1965742
-730687
-1970189
-718612
-1974561
-706509
-1978859
-694380
-1983082
-682225
-1987231
-670044
-1991305
-657838
-1995304
-645607
-1999228
-633352
-2003076
-621073
-2006849
-608771
-2010547
-596446
-2014169
-584098
-2017715
-571728
-2021185
-559337
-2024579
-546925
-2027897
-534492
-2031138
-522039
-2034303
-509566
-2037391
-497074
-2040403
-484564
-2043338
-472035
-2046196
-459488
-2048976
-446925
-2051680
-434344
-2054307
-421747
-2056856
-409134
-2059327
-396506
-2061722
-383862
-2064038
-371205
-2066277
-358533
-2068438
-345848
-2070521
-333150
-2072526
-320439
-2074453
-307716
-2076302
-294982
-2078073
-282236
-2079766
-269480
-2081380
-256714
-2082916
-243938
-2084374
-231153
-2085753
-218359
-2087054
-205557
-2088276
-192747
-2089419
-179930
-2090484
-167106
-2091470
-154276
-2092377
-141440
-2093205
-128599
-2093955
-115753
-2094626
-102902
-2095218
-90048
-2095731
-77190
-2096165
-64330
-2096520
-51467
-2096797
-38602
-2096994
-25735
-2097112
-12868
