16777215
0
16777137
-51472
16776900
-102943
16776505
-154413
16775953
-205882
16775242
-257349
16774374
-308814
16773347
-360275
16772163
-411733
16770821
-463188
16769321
-514638
16767663
-566083
16765847
-617523
16763874
-668957
16761743
-720384
16759454
-771805
16757007
-823219
16754403
-874625
16751640
-926022
16748721
-977411
16745643
-1028791
16742408
-1080161
16739015
-1131521
16735465
-1182870
16731757
-1234208
16727892
-1285535
16723869
-1336849
16719689
-1388151
16715352
-1439440
16710857
-1490715
16706205
-1541976
16701396
-1593223
16696429
-1644455
16691305
-1695671
16686025
-1746871
16680587
-1798055
16674992
-1849222
16669240
-1900371
16663331
-1951503
16657266
-2002616
16651044
-2053710
16644664
-2104785
16638129
-2155840
16631436
-2206875
16624588
-2257890
16617582
-2308882
16610420
-2359854
16603102
-2410802
16595628
-2461729
16587997
-2512632
16580211
-2563511
16572268
-2614367
16564169
-2665197
16555914
-2716003
16547504
-2766783
16538938
-2817537
16530216
-2868264
16521338
-2918965
16512305
-2969638
16503117
-3020283
16493773
-3070900
16484274
-3121487
16474620
-3172046
16464811
-3222574
16454846
-3273072
16444727
-3323540
16434454
-3373976
16424025
-3424380
16413442
-3474752
16402704
-3525092
16391812
-3575398
16380766
-3625670
16369565
-3675909
16358211
-3726113
16346702
-3776281
16335040
-3826414
16323224
-3876512
16311254
-3926572
16299130
-3976596
16286854
-4026582
16274424
-4076531
16261841
-4126441
16249104
-4176312
16236215
-4226144
16223173
-4275936
16209978
-4325688
16196631
-4375399
16183131
-4425069
16169479
-4474698
16155675
-4524284
16141718
-4573827
16127610
-4623328
16113350
-4672785
16098938
-4722198
16084375
-4771567
16069660
-4820890
16054795
-4870169
16039778
-4919401
16024610
-4968587
16009291
-5017727
15993821
-5066819
15978201
-5115864
15962431
-5164860
15946510
-5213808
15930439
-5262706
15914219
-5311555
15897848
-5360354
15881328
-5409103
15864658
-5457801
15847839
-5506447
15830871
-5555042
15813754
-5603584
15796488
-5652074
15779073
-5700510
15761510
-5748893
15743799
-5797221
15725939
-5845495
15707931
-5893714
15689776
-5941878
15671472
-5989986
15653022
-6038037
15634424
-6086031
15615678
-6133968
15596786
-6181848
15577747
-6229669
15558561
-6277431
15539229
-6325135
15519751
-6372779
15500126
-6420362
15480356
-6467886
15460440
-6515349
15440378
-6562750
15420172
-6610090
15399820
-6657367
15379322
-6704582
15358681
-6751733
15337894
-6798821
15316964
-6845845
15295889
-6892804
15274670
-6939699
15253308
-6986529
15231801
-7033292
15210152
-7079990
15188359
-7126620
15166424
-7173184
15144345
-7219680
15122124
-7266108
15099761
-7312468
15077256
-7358759
15054608
-7404981
15031819
-7451133
15008889
-7497215
14985817
-7543226
14962604
-7589167
14939250
-7635036
14915756
-7680833
14892122
-7726557
14868347
-7772209
14844432
-7817788
14820378
-7863294
14796184
-7908725
14771850
-7954082
14747378
-7999364
14722767
-8044570
14698017
-8089701
14673129
-8134756
14648103
-8179734
14622939
-8224636
14597637
-8269459
14572198
-8314205
14546622
-8358873
14520909
-8403462
14495059
-8447972
14469073
-8492403
14442950
-8536753
14416692
-8581023
14390298
-8625213
14363769
-8669321
14337104
-8713348
14310304
-8757292
14283370
-8801154
14256301
-8844934
14229098
-8888630
14201761
-8932242
14174291
-8975771
14146687
-9019214
14118950
-9062573
14091080
-9105847
14063077
-9149035
14034942
-9192137
14006675
-9235152
13978276
-9278081
13949745
-9320922
13921083
-9363675
13892290
-9406340
13863367
-9448917
13834313
-9491405
13805128
-9533803
13775814
-9576112
13746370
-9618330
13716797
-9660458
13687094
-9702495
13657263
-9744441
13627304
-9786295
13597215
-9828057
13566999
-9869726
13536656
-9911303
13506184
-9952786
13475586
-9994176
13444861
-10035471
13414009
-10076672
13383032
-10117778
13351928
-10158790
13320698
-10199705
13289343
-10240524
13257863
-10281247
13226258
-10321873
13194529
-10362402
13162675
-10402834
13130698
-10443167
13098597
-10483402
13066373
-10523539
13034026
-10563577
13001556
-10603515
12968963
-10643353
12936249
-10683091
12903413
-10722729
12870455
-10762266
12837376
-10801701
12804177
-10841034
12770857
-10880266
12737416
-10919395
12703856
-10958422
12670176
-10997345
12636378
-11036165
12602460
-11074881
12568423
-11113492
12534268
-11152000
12499995
-11190402
12465605
-11228698
12431097
-11266890
12396472
-11304975
12361731
-11342953
12326873
-11380825
12291899
-11418590
12256809
-11456247
12221604
-11493797
12186284
-11531238
12150850
-11568571
12115301
-11605794
12079638
-11642909
12043861
-11679914
12007971
-11716809
11971967
-11753594
11935852
-11790268
11899623
-11826831
11863283
-11863283
11826831
-11899623
11790268
-11935852
11753594
-11971967
11716809
-12007971
11679914
-12043861
11642909
-12079638
11605794
-12115301
11568571
-12150850
11531238
-12186284
11493797
-12221604
11456247
-12256809
11418590
-12291899
11380825
-12326873
11342953
-12361731
11304975
-12396472
11266890
-12431097
11228698
-12465605
11190402
-12499995
11152000
-12534268
11113492
-12568423
11074881
-12602460
11036165
-12636378
10997345
-12670176
10958422
-12703856
10919395
-12737416
10880266
-12770857
10841034
-12804177
10801701
-12837376
10762266
-12870455
10722729
-12903413
10683091
-12936249
10643353
-12968963
10603515
-13001556
10563577
-13034026
10523539
-13066373
10483402
-13098597
10443167
-13130698
10402834
-13162675
10362402
-13194529
10321873
-13226258
10281247
-13257863
10240524
-13289343
10199705
-13320698
10158790
-13351928
10117778
-13383032
10076672
-13414009
10035471
-13444861
9994176
-13475586
9952786
-13506184
9911303
-13536656
9869726
-13566999
9828057
-13597215
9786295
-13627304
9744441
-13657263
9702495
-13687094
9660458
-13716797
9618330
-13746370
9576112
-13775814
9533803
-13805128
9491405
-13834313
9448917
-13863367
9406340
-13892290
9363675
-13921083
9320922
-13949745
9278081
-13978276
9235152
-14006675
9192137
-14034942
9149035
-14063077
9105847
-14091080
9062573
-14118950
9019214
-14146687
8975771
-14174291
8932242
-14201761
8888630
-14229098
8844934
-14256301
8801154
-14283370
8757292
-14310304
8713348
-14337104
8669321
-14363769
8625213
-14390298
8581023
-14416692
8536753
-14442950
8492403
-14469073
8447972
-14495059
8403462
-14520909
8358873
-14546622
8314205
-14572198
8269459
-14597637
8224636
-14622939
8179734
-14648103
8134756
-14673129
8089701
-14698017
8044570
-14722767
7999364
-14747378
7954082
-14771850
7908725
-14796184
7863294
-14820378
7817788
-14844432
7772209
-14868347
7726557
-14892122
7680833
-14915756
7635036
-14939250
7589167
-14962604
7543226
-14985817
7497215
-15008889
7451133
-15031819
7404981
-15054608
7358759
-15077256
7312468
-15099761
7266108
-15122124
7219680
-15144345
7173184
-15166424
7126620
-15188359
7079990
-15210152
7033292
-15231801
6986529
-15253308
6939699
-15274670
6892804
-15295889
6845845
-15316964
6798821
-15337894
6751733
-15358681
6704582
-15379322
6657367
-15399820
6610090
-15420172
6562750
-15440378
6515349
-15460440
6467886
-15480356
6420362
-15500126
6372779
-15519751
6325135
-15539229
6277431
-15558561
6229669
-15577747
6181848
-15596786
6133968
-15615678
6086031
-15634424
6038037
-15653022
5989986
-15671472
5941878
-15689776
5893714
-15707931
5845495
-15725939
5797221
-15743799
5748893
-15761510
5700510
-15779073
5652074
-15796488
5603584
-15813754
5555042
-15830871
5506447
-15847839
5457801
-15864658
5409103
-15881328
5360354
-15897848
5311555
-15914219
5262706
-15930439
5213808
-15946510
5164860
-15962431
5115864
-15978201
5066819
-15993821
5017727
-16009291
4968587
-16024610
4919401
-16039778
4870169
-16054795
4820890
-16069660
4771567
-16084375
4722198
-16098938
4672785
-16113350
4623328
-16127610
4573827
-16141718
4524284
-16155675
4474698
-16169479
4425069
-16183131
4375399
-16196631
4325688
-16209978
4275936
-16223173
4226144
-16236215
4176312
-16249104
4126441
-16261841
4076531
-16274424
4026582
-16286854
3976596
-16299130
3926572
-16311254
3876512
-16323224
3826414
-16335040
3776281
-16346702
3726113
-16358211
3675909
-16369565
3625670
-16380766
3575398
-16391812
3525092
-16402704
3474752
-16413442
3424380
-16424025
3373976
-16434454
3323540
-16444727
3273072
-16454846
3222574
-16464811
3172046
-16474620
3121487
-16484274
3070900
-16493773
3020283
-16503117
2969638
-16512305
2918965
-16521338
2868264
-16530216
2817537
-16538938
2766783
-16547504
2716003
-16555914
2665197
-16564169
2614367
-16572268
2563511
-16580211
2512632
-16587997
2461729
-16595628
2410802
-16603102
2359854
-16610420
2308882
-16617582
2257890
-16624588
2206875
-16631436
2155840
-16638129
2104785
-16644664
2053710
-16651044
2002616
-16657266
1951503
-16663331
1900371
-16669240
1849222
-16674992
1798055
-16680587
1746871
-16686025
1695671
-16691305
1644455
-16696429
1593223
-16701396
1541976
-16706205
1490715
-16710857
1439440
-16715352
1388151
-16719689
1336849
-16723869
1285535
-16727892
1234208
-16731757
1182870
-16735465
1131521
-16739015
1080161
-16742408
1028791
-16745643
977411
-16748721
926022
-16751640
874625
-16754403
823219
-16757007
771805
-16759454
720384
-16761743
668957
-16763874
617523
-16765847
566083
-16767663
514638
-16769321
463188
-16770821
411733
-16772163
360275
-16773347
308814
-16774374
257349
-16775242
205882
-16775953
154413
-16776505
102943
-16776900
51472
-16777137
0
-16777216
-51472
-16777137
-102943
-16776900
-154413
-16776505
-205882
-16775953
-257349
-16775242
-308814
-16774374
-360275
-16773347
-411733
-16772163
-463188
-16770821
-514638
-16769321
-566083
-16767663
-617523
-16765847
-668957
-16763874
-720384
-16761743
-771805
-16759454
-823219
-16757007
-874625
-16754403
-926022
-16751640
-977411
-16748721
-1028791
-16745643
-1080161
-16742408
-1131521
-16739015
-1182870
-16735465
-1234208
-16731757
-1285535
-16727892
-1336849
-16723869
-1388151
-16719689
-1439440
-16715352
-1490715
-16710857
-1541976
-16706205
-1593223
-16701396
-1644455
-16696429
-1695671
-16691305
-1746871
-16686025
-1798055
-16680587
-1849222
-16674992
-1900371
-16669240
-1951503
-16663331
-2002616
-16657266
-2053710
-16651044
-2104785
-16644664
-2155840
-16638129
-2206875
-16631436
-2257890
-16624588
-2308882
-16617582
-2359854
-16610420
-2410802
-16603102
-2461729
-16595628
-2512632
-16587997
-2563511
-16580211
-2614367
-16572268
-2665197
-16564169
-2716003
-16555914
-2766783
-16547504
-2817537
-16538938
-2868264
-16530216
-2918965
-16521338
-2969638
-16512305
-3020283
-16503117
-3070900
-16493773
-3121487
-16484274
-3172046
-16474620
-3222574
-16464811
-3273072
-16454846
-3323540
-16444727
-3373976
-16434454
-3424380
-16424025
-3474752
-16413442
-3525092
-16402704
-3575398
-16391812
-3625670
-16380766
-3675909
-16369565
-3726113
-16358211
-3776281
-16346702
-3826414
-16335040
-3876512
-16323224
-3926572
-16311254
-3976596
-16299130
-4026582
-16286854
-4076531
-16274424
-4126441
-16261841
-4176312
-16249104
-4226144
-16236215
-4275936
-16223173
-4325688
-16209978
-4375399
-16196631
-4425069
-16183131
-4474698
-16169479
-4524284
-16155675
-4573827
-16141718
-4623328
-16127610
-4672785
-16113350
-4722198
-16098938
-4771567
-16084375
-4820890
-16069660
-4870169
-16054795
-4919401
-16039778
-4968587
-16024610
-5017727
-16009291
-5066819
-15993821
-5115864
-15978201
-5164860
-15962431
-5213808
-15946510
-5262706
-15930439
-5311555
-15914219
-5360354
-15897848
-5409103
-15881328
-5457801
-15864658
-5506447
-15847839
-5555042
-15830871
-5603584
-15813754
-5652074
-15796488
-5700510
-15779073
-5748893
-15761510
-5797221
-15743799
-5845495
-15725939
-5893714
-15707931
-5941878
-15689776
-5989986
-15671472
-6038037
-15653022
-6086031
-15634424
-6133968
-15615678
-6181848
-15596786
-6229669
-15577747
-6277431
-15558561
-6325135
-15539229
-6372779
-15519751
-6420362
-15500126
-6467886
-15480356
-6515349
-15460440
-6562750
-15440378
-6610090
-15420172
-6657367
-15399820
-6704582
-15379322
-6751733
-15358681
-6798821
-15337894
-6845845
-15316964
-6892804
-15295889
-6939699
-15274670
-6986529
-15253308
-7033292
-15231801
-7079990
-15210152
-7126620
-15188359
-7173184
-15166424
-7219680
-15144345
-7266108
-15122124
-7312468
-15099761
-7358759
-15077256
-7404981
-15054608
-7451133
-15031819
-7497215
-15008889
-7543226
-14985817
-7589167
-14962604
-7635036
-14939250
-7680833
-14915756
-7726557
-14892122
-7772209
-14868347
-7817788
-14844432
-7863294
-14820378
-7908725
-14796184
-7954082
-14771850
-7999364
-14747378
-8044570
-14722767
-8089701
-14698017
-8134756
-14673129
-8179734
-14648103
-8224636
-14622939
-8269459
-14597637
-8314205
-14572198
-8358873
-14546622
-8403462
-14520909
-8447972
-14495059
-8492403
-14469073
-8536753
-14442950
-8581023
-14416692
-8625213
-14390298
-8669321
-14363769
-8713348
-14337104
-8757292
-14310304
-8801154
-14283370
-8844934
-14256301
-8888630
-14229098
-8932242
-14201761
-8975771
-14174291
-9019214
-14146687
-9062573
-14118950
-9105847
-14091080
-9149035
-14063077
-9192137
-14034942
-9235152
-14006675
-9278081
-13978276
-9320922
-13949745
-9363675
-13921083
-9406340
-13892290
-9448917
-13863367
-9491405
-13834313
-9533803
-13805128
-9576112
-13775814
-9618330
-13746370
-9660458
-13716797
-9702495
-13687094
-9744441
-13657263
-9786295
-13627304
-9828057
-13597215
-9869726
-13566999
-9911303
-13536656
-9952786
-13506184
-9994176
-13475586
-10035471
-13444861
-10076672
-13414009
-10117778
-13383032
-10158790
-13351928
-10199705
-13320698
-10240524
-13289343
-10281247
-13257863
-10321873
-13226258
-10362402
-13194529
-10402834
-13162675
-10443167
-13130698
-10483402
-13098597
-10523539
-13066373
-10563577
-13034026
-10603515
-13001556
-10643353
-12968963
-10683091
-12936249
-10722729
-12903413
-10762266
-12870455
-10801701
-12837376
-10841034
-12804177
-10880266
-12770857
-10919395
-12737416
-10958422
-12703856
-10997345
-12670176
-11036165
-12636378
-11074881
-12602460
-11113492
-12568423
-11152000
-12534268
-11190402
-12499995
-11228698
-12465605
-11266890
-12431097
-11304975
-12396472
-11342953
-12361731
-11380825
-12326873
-11418590
-12291899
-11456247
-12256809
-11493797
-12221604
-11531238
-12186284
-11568571
-12150850
-11605794
-12115301
-11642909
-12079638
-11679914
-12043861
-11716809
-12007971
-11753594
-11971967
-11790268
-11935852
-11826831
-11899623
-11863283
-11863283
-11899623
-11826831
-11935852
-11790268
-11971967
-11753594
-12007971
-11716809
-12043861
-11679914
-12079638
-11642909
-12115301
-11605794
-12150850
-11568571
-12186284
-11531238
-12221604
-11493797
-12256809
-11456247
-12291899
-11418590
-12326873
-11380825
-12361731
-11342953
-12396472
-11304975
-12431097
-11266890
-12465605
-11228698
-12499995
-11190402
-12534268
-11152000
-12568423
-11113492
-12602460
-11074881
-12636378
-11036165
-12670176
-10997345
-12703856
-10958422
-12737416
-10919395
-12770857
-10880266
-12804177
-10841034
-12837376
-10801701
-12870455
-10762266
-12903413
-10722729
-12936249
-10683091
-12968963
-10643353
-13001556
-10603515
-13034026
-10563577
-13066373
-10523539
-13098597
-10483402
-13130698
-10443167
-13162675
-10402834
-13194529
-10362402
-13226258
-10321873
-13257863
-10281247
-13289343
-10240524
-13320698
-10199705
-13351928
-10158790
-13383032
-10117778
-13414009
-10076672
-13444861
-10035471
-13475586
-9994176
-13506184
-9952786
-13536656
-9911303
-13566999
-9869726
-13597215
-9828057
-13627304
-9786295
-13657263
-9744441
-13687094
-9702495
-13716797
-9660458
-13746370
-9618330
-13775814
-9576112
-13805128
-9533803
-13834313
-9491405
-13863367
-9448917
-13892290
-9406340
-13921083
-9363675
-13949745
-9320922
-13978276
-9278081
-14006675
-9235152
-14034942
-9192137
-14063077
-9149035
-14091080
-9105847
-14118950
-9062573
-14146687
-9019214
-14174291
-8975771
-14201761
-8932242
-14229098
-8888630
-14256301
-8844934
-14283370
-8801154
-14310304
-8757292
-14337104
-8713348
-14363769
-8669321
-14390298
-8625213
-14416692
-8581023
-14442950
-8536753
-14469073
-8492403
-14495059
-8447972
-14520909
-8403462
-14546622
-8358873
-14572198
-8314205
-14597637
-8269459
-14622939
-8224636
-14648103
-8179734
-14673129
-8134756
-14698017
-8089701
-14722767
-8044570
-14747378
-7999364
-14771850
-7954082
-14796184
-7908725
-14820378
-7863294
-14844432
-7817788
-14868347
-7772209
-14892122
-7726557
-14915756
-7680833
-14939250
-7635036
-14962604
-7589167
-14985817
-7543226
-15008889
-7497215
-15031819
-7451133
-15054608
-7404981
-15077256
-7358759
-15099761
-7312468
-15122124
-7266108
-15144345
-7219680
-15166424
-7173184
-15188359
-7126620
-15210152
-7079990
-15231801
-7033292
-15253308
-6986529
-15274670
-6939699
-15295889
-6892804
-15316964
-6845845
-15337894
-6798821
-15358681
-6751733
-15379322
-6704582
-15399820
-6657367
-15420172
-6610090
-15440378
-6562750
-15460440
-6515349
-15480356
-6467886
-15500126
-6420362
-15519751
-6372779
-15539229
-6325135
-15558561
-6277431
-15577747
-6229669
-15596786
-6181848
-15615678
-6133968
-15634424
-6086031
-15653022
-6038037
-15671472
-5989986
-15689776
-5941878
-15707931
-5893714
-15725939
-5845495
-15743799
-5797221
-15761510
-5748893
-15779073
-5700510
-15796488
-5652074
-15813754
-5603584
-15830871
-5555042
-15847839
-5506447
-15864658
-5457801
-15881328
-5409103
-15897848
-5360354
-15914219
-5311555
-15930439
-5262706
-15946510
-5213808
-15962431
-5164860
-15978201
-5115864
-15993821
-5066819
-16009291
-5017727
-16024610
-4968587
-16039778
-4919401
-16054795
-4870169
-16069660
-4820890
-16084375
-4771567
-16098938
-4722198
-16113350
-4672785
-16127610
-4623328
-16141718
-4573827
-16155675
-4524284
-16169479
-4474698
-16183131
-4425069
-16196631
-4375399
-16209978
-4325688
-16223173
-4275936
-16236215
-4226144
-16249104
-4176312
-16261841
-4126441
-16274424
-4076531
-16286854
-4026582
-16299130
-3976596
-16311254
-3926572
-16323224
-3876512
-16335040
-3826414
-16346702
-3776281
-16358211
-3726113
-16369565
-3675909
-16380766
-3625670
-16391812
-3575398
-16402704
-3525092
-16413442
-3474752
-16424025
-3424380
-16434454
-3373976
-16444727
-3323540
-16454846
-3273072
-16464811
-3222574
-16474620
-3172046
-16484274
-3121487
-16493773
-3070900
-16503117
-3020283
-16512305
-2969638
-16521338
-2918965
-16530216
-2868264
-16538938
-2817537
-16547504
-2766783
-16555914
-2716003
-16564169
-2665197
-16572268
-2614367
-16580211
-2563511
-16587997
-2512632
-16595628
-2461729
-16603102
-2410802
-16610420
-2359854
-16617582
-2308882
-16624588
-2257890
-16631436
-2206875
-16638129
-2155840
-16644664
-2104785
-16651044
-2053710
-16657266
-2002616
-16663331
-1951503
-16669240
-1900371
-16674992
-1849222
-16680587
-1798055
-16686025
-1746871
-16691305
-1695671
-16696429
-1644455
-16701396
-1593223
-16706205
-1541976
-16710857
-1490715
-16715352
-1439440
-16719689
-1388151
-16723869
-1336849
-16727892
-1285535
-16731757
-1234208
-16735465
-1182870
-16739015
-1131521
-16742408
-1080161
-16745643
-1028791
-16748721
-977411
-16751640
-926022
-16754403
-874625
-16757007
-823219
-16759454
-771805
-16761743
-720384
-16763874
-668957
-16765847
-617523
-16767663
-566083
-16769321
-514638
-16770821
-463188
-16772163
-411733
-16773347
-360275
-16774374
-308814
-16775242
-257349
-16775953
-205882
-16776505
-154413
-16776900
-102943
-16777137
-51472
