524287
0
524130
-12867
523656
-25726
522867
-38569
521763
-51389
520345
-64178
518613
-76929
516569
-89633
514214
-102284
511549
-114872
508576
-127392
505296
-139834
501712
-152193
497826
-164460
493640
-176627
489157
-188689
484379
-200636
479309
-212463
473951
-224162
468307
-235726
462381
-247148
456176
-258420
449697
-269538
442946
-280493
435930
-291279
428650
-301889
421112
-312318
413320
-322558
405280
-332605
396996
-342451
388472
-352090
379714
-361518
370728
-370728
361518
-379714
352090
-388472
342451
-396996
332605
-405280
322558
-413320
312318
-421112
301889
-428650
291279
-435930
280493
-442946
269538
-449697
258420
-456176
247148
-462381
235726
-468307
224162
-473951
212463
-479309
200636
-484379
188689
-489157
176627
-493640
164460
-497826
152193
-501712
139834
-505296
127392
-508576
114872
-511549
102284
-514214
89633
-516569
76929
-518613
64178
-520345
51389
-521763
38569
-522867
25726
-523656
12867
-524130
0
-524288
-12867
-524130
-25726
-523656
-38569
-522867
-51389
-521763
-64178
-520345
-76929
-518613
-89633
-516569
-102284
-514214
-114872
-511549
-127392
-508576
-139834
-505296
-152193
-501712
-164460
-497826
-176627
-493640
-188689
-489157
-200636
-484379
-212463
-479309
-224162
-473951
-235726
-468307
-247148
-462381
-258420
-456176
-269538
-449697
-280493
-442946
-291279
-435930
-301889
-428650
-312318
-421112
-322558
-413320
-332605
-405280
-342451
-396996
-352090
-388472
-361518
-379714
-370728
-370728
-379714
-361518
-388472
-352090
-396996
-342451
-405280
-332605
-413320
-322558
-421112
-312318
-428650
-301889
-435930
-291279
-442946
-280493
-449697
-269538
-456176
-258420
-462381
-247148
-468307
-235726
-473951
-224162
-479309
-212463
-484379
-200636
-489157
-188689
-493640
-176627
-497826
-164460
-501712
-152193
-505296
-139834
-508576
-127392
-511549
-114872
-514214
-102284
-516569
-89633
-518613
-76929
-520345
-64178
-521763
-51389
-522867
-38569
-523656
-25726
-524130
-12867
