32767
0
32767
-201
32766
-402
32762
-603
32758
-804
32752
-1005
32746
-1206
32738
-1407
32728
-1608
32718
-1809
32706
-2009
32693
-2210
32679
-2410
32664
-2611
32647
-2811
32629
-3012
32610
-3212
32590
-3412
32568
-3612
32546
-3812
32522
-4011
32496
-4211
32470
-4410
32442
-4609
32413
-4808
32383
-5007
32352
-5205
32319
-5404
32286
-5602
32250
-5800
32214
-5998
32177
-6195
32138
-6393
32098
-6590
32058
-6787
32015
-6983
31972
-7180
31927
-7376
31881
-7571
31834
-7767
31786
-7962
31736
-8157
31686
-8351
31634
-8546
31581
-8740
31527
-8933
31471
-9126
31415
-9319
31357
-9512
31298
-9704
31238
-9896
31176
-10088
31114
-10279
31050
-10469
30986
-10660
30920
-10850
30852
-11039
30784
-11228
30715
-11417
30644
-11605
30572
-11793
30499
-11980
30425
-12167
30350
-12354
30274
-12540
30196
-12725
30118
-12910
30038
-13095
29957
-13279
29875
-13462
29792
-13646
29707
-13828
29622
-14010
29535
-14192
29448
-14372
29359
-14553
29269
-14733
29178
-14912
29086
-15091
28993
-15269
28899
-15447
28803
-15624
28707
-15800
28610
-15976
28511
-16151
28411
-16326
28311
-16500
28209
-16673
28106
-16846
28002
-17018
27897
-17190
27791
-17360
27684
-17531
27576
-17700
27467
-17869
27357
-18037
27246
-18205
27133
-18372
27020
-18538
26906
-18703
26790
-18868
26674
-19032
26557
-19195
26439
-19358
26320
-19520
26199
-19681
26078
-19841
25956
-20001
25832
-20160
25708
-20318
25583
-20475
25457
-20632
25330
-20788
25202
-20943
25073
-21097
24943
-21250
24812
-21403
24680
-21555
24548
-21706
24414
-21856
24279
-22006
24144
-22154
24008
-22302
23870
-22449
23732
-22595
23593
-22740
23453
-22884
23312
-23028
23170
-23170
23028
-23312
22884
-23453
22740
-23593
22595
-23732
22449
-23870
22302
-24008
22154
-24144
22006
-24279
21856
-24414
21706
-24548
21555
-24680
21403
-24812
21250
-24943
21097
-25073
20943
-25202
20788
-25330
20632
-25457
20475
-25583
20318
-25708
20160
-25832
20001
-25956
19841
-26078
19681
-26199
19520
-26320
19358
-26439
19195
-26557
19032
-26674
18868
-26790
18703
-26906
18538
-27020
18372
-27133
18205
-27246
18037
-27357
17869
-27467
17700
-27576
17531
-27684
17360
-27791
17190
-27897
17018
-28002
16846
-28106
16673
-28209
16500
-28311
16326
-28411
16151
-28511
15976
-28610
15800
-28707
15624
-28803
15447
-28899
15269
-28993
15091
-29086
14912
-29178
14733
-29269
14553
-29359
14372
-29448
14192
-29535
14010
-29622
13828
-29707
13646
-29792
13462
-29875
13279
-29957
13095
-30038
12910
-30118
12725
-30196
12540
-30274
12354
-30350
12167
-30425
11980
-30499
11793
-30572
11605
-30644
11417
-30715
11228
-30784
11039
-30852
10850
-30920
10660
-30986
10469
-31050
10279
-31114
10088
-31176
9896
-31238
9704
-31298
9512
-31357
9319
-31415
9126
-31471
8933
-31527
8740
-31581
8546
-31634
8351
-31686
8157
-31736
7962
-31786
7767
-31834
7571
-31881
7376
-31927
7180
-31972
6983
-32015
6787
-32058
6590
-32098
6393
-32138
6195
-32177
5998
-32214
5800
-32250
5602
-32286
5404
-32319
5205
-32352
5007
-32383
4808
-32413
4609
-32442
4410
-32470
4211
-32496
4011
-32522
3812
-32546
3612
-32568
3412
-32590
3212
-32610
3012
-32629
2811
-32647
2611
-32664
2410
-32679
2210
-32693
2009
-32706
1809
-32718
1608
-32728
1407
-32738
1206
-32746
1005
-32752
804
-32758
603
-32762
402
-32766
201
-32767
0
-32768
-201
-32767
-402
-32766
-603
-32762
-804
-32758
-1005
-32752
-1206
-32746
-1407
-32738
-1608
-32728
-1809
-32718
-2009
-32706
-2210
-32693
-2410
-32679
-2611
-32664
-2811
-32647
-3012
-32629
-3212
-32610
-3412
-32590
-3612
-32568
-3812
-32546
-4011
-32522
-4211
-32496
-4410
-32470
-4609
-32442
-4808
-32413
-5007
-32383
-5205
-32352
-5404
-32319
-5602
-32286
-5800
-32250
-5998
-32214
-6195
-32177
-6393
-32138
-6590
-32098
-6787
-32058
-6983
-32015
-7180
-31972
-7376
-31927
-7571
-31881
-7767
-31834
-7962
-31786
-8157
-31736
-8351
-31686
-8546
-31634
-8740
-31581
-8933
-31527
-9126
-31471
-9319
-31415
-9512
-31357
-9704
-31298
-9896
-31238
-10088
-31176
-10279
-31114
-10469
-31050
-10660
-30986
-10850
-30920
-11039
-30852
-11228
-30784
-11417
-30715
-11605
-30644
-11793
-30572
-11980
-30499
-12167
-30425
-12354
-30350
-12540
-30274
-12725
-30196
-12910
-30118
-13095
-30038
-13279
-29957
-13462
-29875
-13646
-29792
-13828
-29707
-14010
-29622
-14192
-29535
-14372
-29448
-14553
-29359
-14733
-29269
-14912
-29178
-15091
-29086
-15269
-28993
-15447
-28899
-15624
-28803
-15800
-28707
-15976
-28610
-16151
-28511
-16326
-28411
-16500
-28311
-16673
-28209
-16846
-28106
-17018
-28002
-17190
-27897
-17360
-27791
-17531
-27684
-17700
-27576
-17869
-27467
-18037
-27357
-18205
-27246
-18372
-27133
-18538
-27020
-18703
-26906
-18868
-26790
-19032
-26674
-19195
-26557
-19358
-26439
-19520
-26320
-19681
-26199
-19841
-26078
-20001
-25956
-20160
-25832
-20318
-25708
-20475
-25583
-20632
-25457
-20788
-25330
-20943
-25202
-21097
-25073
-21250
-24943
-21403
-24812
-21555
-24680
-21706
-24548
-21856
-24414
-22006
-24279
-22154
-24144
-22302
-24008
-22449
-23870
-22595
-23732
-22740
-23593
-22884
-23453
-23028
-23312
-23170
-23170
-23312
-23028
-23453
-22884
-23593
-22740
-23732
-22595
-23870
-22449
-24008
-22302
-24144
-22154
-24279
-22006
-24414
-21856
-24548
-21706
-24680
-21555
-24812
-21403
-24943
-21250
-25073
-21097
-25202
-20943
-25330
-20788
-25457
-20632
-25583
-20475
-25708
-20318
-25832
-20160
-25956
-20001
-26078
-19841
-26199
-19681
-26320
-19520
-26439
-19358
-26557
-19195
-26674
-19032
-26790
-18868
-26906
-18703
-27020
-18538
-27133
-18372
-27246
-18205
-27357
-18037
-27467
-17869
-27576
-17700
-27684
-17531
-27791
-17360
-27897
-17190
-28002
-17018
-28106
-16846
-28209
-16673
-28311
-16500
-28411
-16326
-28511
-16151
-28610
-15976
-28707
-15800
-28803
-15624
-28899
-15447
-28993
-15269
-29086
-15091
-29178
-14912
-29269
-14733
-29359
-14553
-29448
-14372
-29535
-14192
-29622
-14010
-29707
-13828
-29792
-13646
-29875
-13462
-29957
-13279
-30038
-13095
-30118
-12910
-30196
-12725
-30274
-12540
-30350
-12354
-30425
-12167
-30499
-11980
-30572
-11793
-30644
-11605
-30715
-11417
-30784
-11228
-30852
-11039
-30920
-10850
-30986
-10660
-31050
-10469
-31114
-10279
-31176
-10088
-31238
-9896
-31298
-9704
-31357
-9512
-31415
-9319
-31471
-9126
-31527
-8933
-31581
-8740
-31634
-8546
-31686
-8351
-31736
-8157
-31786
-7962
-31834
-7767
-31881
-7571
-31927
-7376
-31972
-7180
-32015
-6983
-32058
-6787
-32098
-6590
-32138
-6393
-32177
-6195
-32214
-5998
-32250
-5800
-32286
-5602
-32319
-5404
-32352
-5205
-32383
-5007
-32413
-4808
-32442
-4609
-32470
-4410
-32496
-4211
-32522
-4011
-32546
-3812
-32568
-3612
-32590
-3412
-32610
-3212
-32629
-3012
-32647
-2811
-32664
-2611
-32679
-2410
-32693
-2210
-32706
-2009
-32718
-1809
-32728
-1608
-32738
-1407
-32746
-1206
-32752
-1005
-32758
-804
-32762
-603
-32766
-402
-32767
-201
