131071
0
131071
-402
131070
-804
131066
-1206
131062
-1608
131056
-2010
131050
-2412
131042
-2815
131032
-3217
131022
-3619
131010
-4020
130997
-4422
130983
-4824
130968
-5226
130951
-5628
130933
-6030
130914
-6431
130894
-6833
130872
-7234
130849
-7636
130825
-8037
130800
-8439
130774
-8840
130746
-9241
130717
-9642
130687
-10043
130655
-10444
130622
-10845
130589
-11246
130554
-11646
130517
-12047
130480
-12447
130441
-12847
130401
-13247
130360
-13647
130317
-14047
130273
-14447
130228
-14847
130182
-15246
130135
-15645
130086
-16044
130036
-16444
129985
-16842
129933
-17241
129880
-17640
129825
-18038
129769
-18436
129712
-18834
129653
-19232
129594
-19630
129533
-20027
129471
-20425
129408
-20822
129343
-21219
129277
-21615
129210
-22012
129142
-22408
129073
-22804
129002
-23200
128930
-23596
128858
-23991
128783
-24386
128708
-24782
128631
-25176
128553
-25571
128474
-25965
128394
-26359
128313
-26753
128230
-27146
128146
-27540
128061
-27933
127975
-28326
127887
-28718
127798
-29110
127708
-29502
127617
-29894
127525
-30285
127432
-30676
127337
-31067
127241
-31458
127144
-31848
127046
-32238
126946
-32627
126845
-33017
126744
-33406
126640
-33794
126536
-34183
126431
-34571
126324
-34958
126216
-35346
126107
-35733
125997
-36120
125886
-36506
125773
-36892
125659
-37278
125544
-37663
125428
-38048
125311
-38433
125192
-38817
125072
-39201
124952
-39584
124830
-39968
124706
-40350
124582
-40733
124456
-41115
124330
-41496
124202
-41878
124073
-42258
123943
-42639
123811
-43019
123679
-43399
123545
-43778
123410
-44157
123274
-44535
123137
-44913
122998
-45291
122859
-45668
122718
-46045
122576
-46421
122433
-46797
122289
-47172
122144
-47547
121997
-47922
121850
-48296
121701
-48669
121551
-49042
121400
-49415
121248
-49787
121095
-50159
120940
-50530
120785
-50901
120628
-51271
120470
-51641
120311
-52011
120151
-52380
119990
-52748
119827
-53116
119664
-53483
119499
-53850
119333
-54216
119166
-54582
118998
-54948
118829
-55312
118659
-55677
118488
-56040
118315
-56404
118142
-56766
117967
-57129
117791
-57490
117614
-57851
117436
-58212
117257
-58572
117077
-58931
116895
-59290
116713
-59649
116529
-60006
116345
-60364
116159
-60720
115972
-61076
115784
-61432
115595
-61787
115405
-62141
115214
-62495
115022
-62848
114828
-63201
114634
-63553
114438
-63904
114242
-64255
114044
-64605
113845
-64955
113645
-65304
113444
-65652
113243
-66000
113040
-66347
112836
-66693
112630
-67039
112424
-67384
112217
-67729
112008
-68073
111799
-68416
111589
-68759
111377
-69101
111165
-69442
110951
-69783
110737
-70123
110521
-70462
110304
-70801
110086
-71139
109868
-71477
109648
-71814
109427
-72150
109205
-72485
108982
-72820
108758
-73154
108534
-73487
108308
-73820
108080
-74152
107852
-74483
107624
-74813
107394
-75143
107162
-75472
106930
-75801
106697
-76128
106463
-76455
106228
-76782
105992
-77107
105755
-77432
105517
-77756
105278
-78079
105038
-78402
104797
-78724
104555
-79045
104312
-79366
104068
-79685
103823
-80004
103577
-80322
103330
-80640
103082
-80956
102833
-81272
102584
-81587
102333
-81902
102081
-82215
101828
-82528
101575
-82840
101320
-83151
101064
-83462
100808
-83771
100550
-84080
100292
-84388
100033
-84696
99772
-85002
99511
-85308
99249
-85613
98986
-85917
98722
-86220
98457
-86522
98191
-86824
97924
-87125
97656
-87425
97388
-87724
97118
-88022
96847
-88320
96576
-88617
96304
-88913
96030
-89208
95756
-89502
95481
-89795
95205
-90088
94928
-90379
94651
-90670
94372
-90960
94093
-91249
93812
-91538
93531
-91825
93249
-92111
92966
-92397
92682
-92682
92397
-92966
92111
-93249
91825
-93531
91538
-93812
91249
-94093
90960
-94372
90670
-94651
90379
-94928
90088
-95205
89795
-95481
89502
-95756
89208
-96030
88913
-96304
88617
-96576
88320
-96847
88022
-97118
87724
-97388
87425
-97656
87125
-97924
86824
-98191
86522
-98457
86220
-98722
85917
-98986
85613
-99249
85308
-99511
85002
-99772
84696
-100033
84388
-100292
84080
-100550
83771
-100808
83462
-101064
83151
-101320
82840
-101575
82528
-101828
82215
-102081
81902
-102333
81587
-102584
81272
-102833
80956
-103082
80640
-103330
80322
-103577
80004
-103823
79685
-104068
79366
-104312
79045
-104555
78724
-104797
78402
-105038
78079
-105278
77756
-105517
77432
-105755
77107
-105992
76782
-106228
76455
-106463
76128
-106697
75801
-106930
75472
-107162
75143
-107394
74813
-107624
74483
-107852
74152
-108080
73820
-108308
73487
-108534
73154
-108758
72820
-108982
72485
-109205
72150
-109427
71814
-109648
71477
-109868
71139
-110086
70801
-110304
70462
-110521
70123
-110737
69783
-110951
69442
-111165
69101
-111377
68759
-111589
68416
-111799
68073
-112008
67729
-112217
67384
-112424
67039
-112630
66693
-112836
66347
-113040
66000
-113243
65652
-113444
65304
-113645
64955
-113845
64605
-114044
64255
-114242
63904
-114438
63553
-114634
63201
-114828
62848
-115022
62495
-115214
62141
-115405
61787
-115595
61432
-115784
61076
-115972
60720
-116159
60364
-116345
60006
-116529
59649
-116713
59290
-116895
58931
-117077
58572
-117257
58212
-117436
57851
-117614
57490
-117791
57129
-117967
56766
-118142
56404
-118315
56040
-118488
55677
-118659
55312
-118829
54948
-118998
54582
-119166
54216
-119333
53850
-119499
53483
-119664
53116
-119827
52748
-119990
52380
-120151
52011
-120311
51641
-120470
51271
-120628
50901
-120785
50530
-120940
50159
-121095
49787
-121248
49415
-121400
49042
-121551
48669
-121701
48296
-121850
47922
-121997
47547
-122144
47172
-122289
46797
-122433
46421
-122576
46045
-122718
45668
-122859
45291
-122998
44913
-123137
44535
-123274
44157
-123410
43778
-123545
43399
-123679
43019
-123811
42639
-123943
42258
-124073
41878
-124202
41496
-124330
41115
-124456
40733
-124582
40350
-124706
39968
-124830
39584
-124952
39201
-125072
38817
-125192
38433
-125311
38048
-125428
37663
-125544
37278
-125659
36892
-125773
36506
-125886
36120
-125997
35733
-126107
35346
-126216
34958
-126324
34571
-126431
34183
-126536
33794
-126640
33406
-126744
33017
-126845
32627
-126946
32238
-127046
31848
-127144
31458
-127241
31067
-127337
30676
-127432
30285
-127525
29894
-127617
29502
-127708
29110
-127798
28718
-127887
28326
-127975
27933
-128061
27540
-128146
27146
-128230
26753
-128313
26359
-128394
25965
-128474
25571
-128553
25176
-128631
24782
-128708
24386
-128783
23991
-128858
23596
-128930
23200
-129002
22804
-129073
22408
-129142
22012
-129210
21615
-129277
21219
-129343
20822
-129408
20425
-129471
20027
-129533
19630
-129594
19232
-129653
18834
-129712
18436
-129769
18038
-129825
17640
-129880
17241
-129933
16842
-129985
16444
-130036
16044
-130086
15645
-130135
15246
-130182
14847
-130228
14447
-130273
14047
-130317
13647
-130360
13247
-130401
12847
-130441
12447
-130480
12047
-130517
11646
-130554
11246
-130589
10845
-130622
10444
-130655
10043
-130687
9642
-130717
9241
-130746
8840
-130774
8439
-130800
8037
-130825
7636
-130849
7234
-130872
6833
-130894
6431
-130914
6030
-130933
5628
-130951
5226
-130968
4824
-130983
4422
-130997
4020
-131010
3619
-131022
3217
-131032
2815
-131042
2412
-131050
2010
-131056
1608
-131062
1206
-131066
804
-131070
402
-131071
0
-131072
-402
-131071
-804
-131070
-1206
-131066
-1608
-131062
-2010
-131056
-2412
-131050
-2815
-131042
-3217
-131032
-3619
-131022
-4020
-131010
-4422
-130997
-4824
-130983
-5226
-130968
-5628
-130951
-6030
-130933
-6431
-130914
-6833
-130894
-7234
-130872
-7636
-130849
-8037
-130825
-8439
-130800
-8840
-130774
-9241
-130746
-9642
-130717
-10043
-130687
-10444
-130655
-10845
-130622
-11246
-130589
-11646
-130554
-12047
-130517
-12447
-130480
-12847
-130441
-13247
-130401
-13647
-130360
-14047
-130317
-14447
-130273
-14847
-130228
-15246
-130182
-15645
-130135
-16044
-130086
-16444
-130036
-16842
-129985
-17241
-129933
-17640
-129880
-18038
-129825
-18436
-129769
-18834
-129712
-19232
-129653
-19630
-129594
-20027
-129533
-20425
-129471
-20822
-129408
-21219
-129343
-21615
-129277
-22012
-129210
-22408
-129142
-22804
-129073
-23200
-129002
-23596
-128930
-23991
-128858
-24386
-128783
-24782
-128708
-25176
-128631
-25571
-128553
-25965
-128474
-26359
-128394
-26753
-128313
-27146
-128230
-27540
-128146
-27933
-128061
-28326
-127975
-28718
-127887
-29110
-127798
-29502
-127708
-29894
-127617
-30285
-127525
-30676
-127432
-31067
-127337
-31458
-127241
-31848
-127144
-32238
-127046
-32627
-126946
-33017
-126845
-33406
-126744
-33794
-126640
-34183
-126536
-34571
-126431
-34958
-126324
-35346
-126216
-35733
-126107
-36120
-125997
-36506
-125886
-36892
-125773
-37278
-125659
-37663
-125544
-38048
-125428
-38433
-125311
-38817
-125192
-39201
-125072
-39584
-124952
-39968
-124830
-40350
-124706
-40733
-124582
-41115
-124456
-41496
-124330
-41878
-124202
-42258
-124073
-42639
-123943
-43019
-123811
-43399
-123679
-43778
-123545
-44157
-123410
-44535
-123274
-44913
-123137
-45291
-122998
-45668
-122859
-46045
-122718
-46421
-122576
-46797
-122433
-47172
-122289
-47547
-122144
-47922
-121997
-48296
-121850
-48669
-121701
-49042
-121551
-49415
-121400
-49787
-121248
-50159
-121095
-50530
-120940
-50901
-120785
-51271
-120628
-51641
-120470
-52011
-120311
-52380
-120151
-52748
-119990
-53116
-119827
-53483
-119664
-53850
-119499
-54216
-119333
-54582
-119166
-54948
-118998
-55312
-118829
-55677
-118659
-56040
-118488
-56404
-118315
-56766
-118142
-57129
-117967
-57490
-117791
-57851
-117614
-58212
-117436
-58572
-117257
-58931
-117077
-59290
-116895
-59649
-116713
-60006
-116529
-60364
-116345
-60720
-116159
-61076
-115972
-61432
-115784
-61787
-115595
-62141
-115405
-62495
-115214
-62848
-115022
-63201
-114828
-63553
-114634
-63904
-114438
-64255
-114242
-64605
-114044
-64955
-113845
-65304
-113645
-65652
-113444
-66000
-113243
-66347
-113040
-66693
-112836
-67039
-112630
-67384
-112424
-67729
-112217
-68073
-112008
-68416
-111799
-68759
-111589
-69101
-111377
-69442
-111165
-69783
-110951
-70123
-110737
-70462
-110521
-70801
-110304
-71139
-110086
-71477
-109868
-71814
-109648
-72150
-109427
-72485
-109205
-72820
-108982
-73154
-108758
-73487
-108534
-73820
-108308
-74152
-108080
-74483
-107852
-74813
-107624
-75143
-107394
-75472
-107162
-75801
-106930
-76128
-106697
-76455
-106463
-76782
-106228
-77107
-105992
-77432
-105755
-77756
-105517
-78079
-105278
-78402
-105038
-78724
-104797
-79045
-104555
-79366
-104312
-79685
-104068
-80004
-103823
-80322
-103577
-80640
-103330
-80956
-103082
-81272
-102833
-81587
-102584
-81902
-102333
-82215
-102081
-82528
-101828
-82840
-101575
-83151
-101320
-83462
-101064
-83771
-100808
-84080
-100550
-84388
-100292
-84696
-100033
-85002
-99772
-85308
-99511
-85613
-99249
-85917
-98986
-86220
-98722
-86522
-98457
-86824
-98191
-87125
-97924
-87425
-97656
-87724
-97388
-88022
-97118
-88320
-96847
-88617
-96576
-88913
-96304
-89208
-96030
-89502
-95756
-89795
-95481
-90088
-95205
-90379
-94928
-90670
-94651
-90960
-94372
-91249
-94093
-91538
-93812
-91825
-93531
-92111
-93249
-92397
-92966
-92682
-92682
-92966
-92397
-93249
-92111
-93531
-91825
-93812
-91538
-94093
-91249
-94372
-90960
-94651
-90670
-94928
-90379
-95205
-90088
-95481
-89795
-95756
-89502
-96030
-89208
-96304
-88913
-96576
-88617
-96847
-88320
-97118
-88022
-97388
-87724
-97656
-87425
-97924
-87125
-98191
-86824
-98457
-86522
-98722
-86220
-98986
-85917
-99249
-85613
-99511
-85308
-99772
-85002
-100033
-84696
-100292
-84388
-100550
-84080
-100808
-83771
-101064
-83462
-101320
-83151
-101575
-82840
-101828
-82528
-102081
-82215
-102333
-81902
-102584
-81587
-102833
-81272
-103082
-80956
-103330
-80640
-103577
-80322
-103823
-80004
-104068
-79685
-104312
-79366
-104555
-79045
-104797
-78724
-105038
-78402
-105278
-78079
-105517
-77756
-105755
-77432
-105992
-77107
-106228
-76782
-106463
-76455
-106697
-76128
-106930
-75801
-107162
-75472
-107394
-75143
-107624
-74813
-107852
-74483
-108080
-74152
-108308
-73820
-108534
-73487
-108758
-73154
-108982
-72820
-109205
-72485
-109427
-72150
-109648
-71814
-109868
-71477
-110086
-71139
-110304
-70801
-110521
-70462
-110737
-70123
-110951
-69783
-111165
-69442
-111377
-69101
-111589
-68759
-111799
-68416
-112008
-68073
-112217
-67729
-112424
-67384
-112630
-67039
-112836
-66693
-113040
-66347
-113243
-66000
-113444
-65652
-113645
-65304
-113845
-64955
-114044
-64605
-114242
-64255
-114438
-63904
-114634
-63553
-114828
-63201
-115022
-62848
-115214
-62495
-115405
-62141
-115595
-61787
-115784
-61432
-115972
-61076
-116159
-60720
-116345
-60364
-116529
-60006
-116713
-59649
-116895
-59290
-117077
-58931
-117257
-58572
-117436
-58212
-117614
-57851
-117791
-57490
-117967
-57129
-118142
-56766
-118315
-56404
-118488
-56040
-118659
-55677
-118829
-55312
-118998
-54948
-119166
-54582
-119333
-54216
-119499
-53850
-119664
-53483
-119827
-53116
-119990
-52748
-120151
-52380
-120311
-52011
-120470
-51641
-120628
-51271
-120785
-50901
-120940
-50530
-121095
-50159
-121248
-49787
-121400
-49415
-121551
-49042
-121701
-48669
-121850
-48296
-121997
-47922
-122144
-47547
-122289
-47172
-122433
-46797
-122576
-46421
-122718
-46045
-122859
-45668
-122998
-45291
-123137
-44913
-123274
-44535
-123410
-44157
-123545
-43778
-123679
-43399
-123811
-43019
-123943
-42639
-124073
-42258
-124202
-41878
-124330
-41496
-124456
-41115
-124582
-40733
-124706
-40350
-124830
-39968
-124952
-39584
-125072
-39201
-125192
-38817
-125311
-38433
-125428
-38048
-125544
-37663
-125659
-37278
-125773
-36892
-125886
-36506
-125997
-36120
-126107
-35733
-126216
-35346
-126324
-34958
-126431
-34571
-126536
-34183
-126640
-33794
-126744
-33406
-126845
-33017
-126946
-32627
-127046
-32238
-127144
-31848
-127241
-31458
-127337
-31067
-127432
-30676
-127525
-30285
-127617
-29894
-127708
-29502
-127798
-29110
-127887
-28718
-127975
-28326
-128061
-27933
-128146
-27540
-128230
-27146
-128313
-26753
-128394
-26359
-128474
-25965
-128553
-25571
-128631
-25176
-128708
-24782
-128783
-24386
-128858
-23991
-128930
-23596
-129002
-23200
-129073
-22804
-129142
-22408
-129210
-22012
-129277
-21615
-129343
-21219
-129408
-20822
-129471
-20425
-129533
-20027
-129594
-19630
-129653
-19232
-129712
-18834
-129769
-18436
-129825
-18038
-129880
-17640
-129933
-17241
-129985
-16842
-130036
-16444
-130086
-16044
-130135
-15645
-130182
-15246
-130228
-14847
-130273
-14447
-130317
-14047
-130360
-13647
-130401
-13247
-130441
-12847
-130480
-12447
-130517
-12047
-130554
-11646
-130589
-11246
-130622
-10845
-130655
-10444
-130687
-10043
-130717
-9642
-130746
-9241
-130774
-8840
-130800
-8439
-130825
-8037
-130849
-7636
-130872
-7234
-130894
-6833
-130914
-6431
-130933
-6030
-130951
-5628
-130968
-5226
-130983
-4824
-130997
-4422
-131010
-4020
-131022
-3619
-131032
-3217
-131042
-2815
-131050
-2412
-131056
-2010
-131062
-1608
-131066
-1206
-131070
-804
-131071
-402
