2097151
0
2097151
-1608
2097150
-3217
2097146
-4825
2097142
-6434
2097136
-8042
2097130
-9651
2097122
-11259
2097112
-12868
2097102
-14476
2097090
-16085
2097077
-17693
2097063
-19302
2097048
-20910
2097031
-22518
2097013
-24127
2096994
-25735
2096974
-27344
2096952
-28952
2096929
-30560
2096905
-32169
2096880
-33777
2096853
-35385
2096826
-36993
2096797
-38602
2096766
-40210
2096735
-41818
2096702
-43426
2096668
-45034
2096633
-46642
2096597
-48250
2096559
-49859
2096520
-51467
2096480
-53075
2096439
-54683
2096396
-56290
2096352
-57898
2096308
-59506
2096261
-61114
2096214
-62722
2096165
-64330
2096115
-65937
2096064
-67545
2096012
-69153
2095958
-70760
2095903
-72368
2095847
-73975
2095790
-75583
2095731
-77190
2095671
-78798
2095610
-80405
2095548
-82012
2095484
-83620
2095420
-85227
2095354
-86834
2095286
-88441
2095218
-90048
2095148
-91655
2095077
-93262
2095005
-94869
2094932
-96476
2094857
-98082
2094781
-99689
2094704
-101296
2094626
-102902
2094546
-104509
2094466
-106115
2094384
-107722
2094300
-109328
2094216
-110934
2094130
-112540
2094043
-114147
2093955
-115753
2093866
-117359
2093775
-118965
2093683
-120571
2093590
-122176
2093496
-123782
2093400
-125388
2093303
-126993
2093205
-128599
2093106
-130204
2093006
-131810
2092904
-133415
2092801
-135020
2092697
-136625
2092591
-138230
2092485
-139835
2092377
-141440
2092268
-143045
2092157
-144650
2092046
-146254
2091933
-147859
2091819
-149463
2091704
-151068
2091587
-152672
2091470
-154276
2091351
-155880
2091230
-157484
2091109
-159088
2090986
-160692
2090863
-162296
2090738
-163899
2090611
-165503
2090484
-167106
2090355
-168710
2090225
-170313
2090094
-171916
2089961
-173519
2089827
-175122
2089692
-176725
2089556
-178327
2089419
-179930
2089280
-181532
2089140
-183135
2088999
-184737
2088857
-186339
2088714
-187941
2088569
-189543
2088423
-191145
2088276
-192747
2088127
-194349
2087977
-195950
2087826
-197552
2087674
-199153
2087521
-200754
2087366
-202355
2087211
-203956
2087054
-205557
2086895
-207158
2086736
-208758
2086575
-210358
2086413
-211959
2086250
-213559
2086086
-215159
2085920
-216759
2085753
-218359
2085585
-219958
2085416
-221558
2085245
-223158
2085073
-224757
2084900
-226356
2084726
-227955
2084551
-229554
2084374
-231153
2084196
-232751
2084017
-234350
2083836
-235948
2083655
-237546
2083472
-239144
2083288
-240742
2083103
-242340
2082916
-243938
2082729
-245535
2082540
-247133
2082350
-248730
2082158
-250327
2081966
-251924
2081772
-253521
2081577
-255117
2081380
-256714
2081183
-258310
2080984
-259906
2080784
-261502
2080583
-263098
2080381
-264694
2080177
-266289
2079972
-267885
2079766
-269480
2079559
-271075
2079350
-272670
2079140
-274265
2078930
-275859
2078717
-277454
2078504
-279048
2078289
-280642
2078073
-282236
2077856
-283830
2077638
-285424
2077418
-287017
2077198
-288610
2076976
-290203
2076752
-291796
2076528
-293389
2076302
-294982
2076076
-296574
2075848
-298166
2075618
-299758
2075388
-301350
2075156
-302942
2074923
-304534
2074689
-306125
2074453
-307716
2074217
-309307
2073979
-310898
2073740
-312488
2073500
-314079
2073258
-315669
2073015
-317259
2072771
-318849
2072526
-320439
2072280
-322028
2072032
-323618
2071784
-325207
2071533
-326796
2071282
-328384
2071030
-329973
2070776
-331562
2070521
-333150
2070265
-334738
2070008
-336325
2069749
-337913
2069489
-339500
2069228
-341088
2068966
-342674
2068703
-344261
2068438
-345848
2068172
-347434
2067905
-349020
2067637
-350606
2067367
-352192
2067096
-353778
2066824
-355363
2066551
-356948
2066277
-358533
2066001
-360118
2065724
-361702
2065446
-363286
2065167
-364871
2064887
-366454
2064605
-368038
2064322
-369622
2064038
-371205
2063753
-372788
2063466
-374370
2063178
-375953
2062890
-377535
2062599
-379117
2062308
-380699
2062015
-382281
2061722
-383862
2061426
-385444
2061130
-387025
2060833
-388605
2060534
-390186
2060234
-391766
2059933
-393346
2059631
-394926
2059327
-396506
2059023
-398085
2058717
-399664
2058410
-401243
2058101
-402822
2057792
-404400
2057481
-405978
2057169
-407556
2056856
-409134
2056541
-410712
2056226
-412289
2055909
-413866
2055591
-415442
2055272
-417019
2054951
-418595
2054630
-420171
2054307
-421747
2053982
-423322
2053657
-424898
2053331
-426473
2053003
-428048
2052674
-429622
2052344
-431196
2052013
-432770
2051680
-434344
2051346
-435918
2051012
-437491
2050675
-439064
2050338
-440636
2049999
-442209
2049660
-443781
2049319
-445353
2048976
-446925
2048633
-448496
2048288
-450067
2047943
-451638
2047596
-453209
2047248
-454779
2046898
-456349
2046547
-457919
2046196
-459488
2045843
-461058
2045488
-462627
2045133
-464196
2044776
-465764
2044418
-467332
2044059
-468900
2043699
-470468
2043338
-472035
2042975
-473602
2042611
-475169
2042246
-476736
2041880
-478302
2041512
-479868
2041144
-481433
2040774
-482999
2040403
-484564
2040031
-486129
2039657
-487693
2039282
-489258
2038907
-490822
2038530
-492385
2038151
-493949
2037772
-495512
2037391
-497074
2037009
-498637
2036626
-500199
2036242
-501761
2035857
-503323
2035470
-504884
2035082
-506445
2034693
-508006
2034303
-509566
2033912
-511126
2033519
-512686
2033125
-514246
2032730
-515805
2032334
-517364
2031936
-518923
2031538
-520481
2031138
-522039
2030737
-523597
2030335
-525154
2029931
-526711
2029527
-528268
2029121
-529824
2028714
-531381
2028306
-532936
2027897
-534492
2027486
-536047
2027074
-537602
2026661
-539157
2026247
-540711
2025832
-542265
2025415
-543818
2024998
-545372
2024579
-546925
2024159
-548478
2023738
-550030
2023315
-551582
2022891
-553134
2022466
-554685
2022040
-556236
2021613
-557787
2021185
-559337
2020755
-560887
2020324
-562437
2019892
-563986
2019459
-565535
2019025
-567084
2018589
-568632
2018153
-570181
2017715
-571728
2017276
-573276
2016835
-574823
2016394
-576370
2015951
-577916
2015507
-579462
2015062
-581008
2014616
-582553
2014169
-584098
2013720
-585643
2013270
-587187
2012819
-588731
2012367
-590275
2011914
-591818
2011459
-593361
2011004
-594904
2010547
-596446
2010089
-597988
2009630
-599529
2009169
-601070
2008708
-602611
2008245
-604152
2007781
-605692
2007316
-607232
2006849
-608771
2006382
-610310
2005913
-611849
2005443
-613387
2004972
-614925
2004500
-616463
2004026
-618000
2003552
-619537
2003076
-621073
2002599
-622610
2002121
-624145
2001642
-625681
2001161
-627216
2000680
-628750
2000197
-630285
1999713
-631819
1999228
-633352
1998741
-634886
1998254
-636418
1997765
-637951
1997275
-639483
1996784
-641015
1996292
-642546
1995798
-644077
1995304
-645607
1994808
-647138
1994311
-648667
1993813
-650197
1993314
-651726
1992813
-653254
1992312
-654783
1991809
-656311
1991305
-657838
1990800
-659365
1990293
-660892
1989786
-662418
1989277
-663944
1988768
-665470
1988256
-666995
1987744
-668520
1987231
-670044
1986716
-671568
1986201
-673092
1985684
-674615
1985166
-676138
1984647
-677660
1984126
-679182
1983605
-680704
1983082
-682225
1982558
-683746
1982033
-685266
1981507
-686786
1980980
-688306
1980451
-689825
1979922
-691344
1979391
-692862
1978859
-694380
1978326
-695898
1977791
-697415
1977256
-698932
1976719
-700448
1976181
-701964
1975642
-703479
1975102
-704994
1974561
-706509
1974018
-708023
1973475
-709537
1972930
-711051
1972384
-712564
1971837
-714076
1971289
-715588
1970739
-717100
1970189
-718612
1969637
-720122
1969084
-721633
1968530
-723143
1967975
-724653
1967418
-726162
1966861
-727671
1966302
-729179
1965742
-730687
1965181
-732194
1964619
-733701
1964056
-735208
1963491
-736714
1962926
-738220
1962359
-739725
1961791
-741230
1961222
-742735
1960652
-744239
1960080
-745742
1959508
-747245
1958934
-748748
1958359
-750250
1957783
-751752
1957206
-753254
1956628
-754754
1956048
-756255
1955468
-757755
1954886
-759255
1954303
-760754
1953719
-762252
1953134
-763751
1952547
-765249
1951960
-766746
1951371
-768243
1950781
-769739
1950190
-771235
1949598
-772731
1949005
-774226
1948410
-775721
1947815
-777215
1947218
-778708
1946620
-780202
1946022
-781695
1945421
-783187
1944820
-784679
1944218
-786170
1943614
-787661
1943010
-789152
1942404
-790642
1941797
-792131
1941188
-793620
1940579
-795109
1939969
-796597
1939357
-798085
1938744
-799572
1938131
-801059
1937516
-802545
1936900
-804031
1936282
-805516
1935664
-807001
1935044
-808486
1934424
-809970
1933802
-811453
1933179
-812936
1932555
-814418
1931930
-815900
1931303
-817382
1930676
-818863
1930047
-820344
1929418
-821824
1928787
-823303
1928154
-824782
1927521
-826261
1926887
-827739
1926252
-829217
1925615
-830694
1924977
-832171
1924338
-833647
1923699
-835123
1923058
-836598
1922415
-838073
1921772
-839547
1921127
-841021
1920482
-842494
1919835
-843967
1919187
-845439
1918538
-846911
1917888
-848382
1917237
-849853
1916584
-851323
1915931
-852793
1915276
-854262
1914620
-855731
1913964
-857199
1913306
-858666
1912646
-860134
1911986
-861600
1911325
-863067
1910662
-864532
1909998
-865998
1909334
-867462
1908668
-868926
1908001
-870390
1907333
-871853
1906663
-873316
1905993
-874778
1905322
-876240
1904649
-877701
1903975
-879162
1903300
-880622
1902624
-882081
1901947
-883540
1901269
-884999
1900590
-886457
1899909
-887914
1899228
-889371
1898545
-890828
1897861
-892283
1897176
-893739
1896490
-895194
1895803
-896648
1895115
-898102
1894425
-899555
1893735
-901008
1893043
-902460
1892350
-903912
1891656
-905363
1890962
-906813
1890266
-908264
1889568
-909713
1888870
-911162
1888171
-912610
1887470
-914058
1886768
-915506
1886066
-916953
1885362
-918399
1884657
-919845
1883951
-921290
1883244
-922735
1882535
-924179
1881826
-925623
1881116
-927066
1880404
-928508
1879691
-929950
1878977
-931392
1878262
-932832
1877546
-934273
1876829
-935713
1876111
-937152
1875392
-938590
1874671
-940029
1873950
-941466
1873227
-942903
1872503
-944340
1871778
-945776
1871052
-947211
1870326
-948646
1869597
-950080
1868868
-951514
1868138
-952947
1867406
-954379
1866674
-955811
1865940
-957243
1865205
-958674
1864470
-960104
1863732
-961534
1862994
-962963
1862255
-964392
1861515
-965820
1860774
-967247
1860031
-968674
1859288
-970100
1858543
-971526
1857798
-972951
1857051
-974376
1856303
-975800
1855554
-977224
1854804
-978646
1854053
-980069
1853300
-981490
1852547
-982912
1851793
-984332
1851037
-985752
1850281
-987172
1849523
-988590
1848764
-990009
1848004
-991426
1847243
-992844
1846481
-994260
1845718
-995676
1844954
-997092
1844189
-998506
1843422
-999920
1842655
-1001334
1841886
-1002747
1841116
-1004159
1840346
-1005571
1839574
-1006982
1838801
-1008393
1838027
-1009803
1837252
-1011213
1836476
-1012622
1835699
-1014030
1834920
-1015437
1834141
-1016844
1833361
-1018251
1832579
-1019657
1831796
-1021062
1831013
-1022467
1830228
-1023871
1829442
-1025274
1828655
-1026677
1827867
-1028079
1827078
-1029481
1826288
-1030882
1825497
-1032282
1824705
-1033682
1823911
-1035082
1823117
-1036480
1822321
-1037878
1821525
-1039276
1820727
-1040672
1819928
-1042069
1819129
-1043464
1818328
-1044859
1817526
-1046253
1816723
-1047647
1815919
-1049040
1815114
-1050433
1814307
-1051825
1813500
-1053216
1812692
-1054606
1811882
-1055996
1811072
-1057386
1810260
-1058775
1809448
-1060163
1808634
-1061550
1807819
-1062937
1807004
-1064323
1806187
-1065709
1805369
-1067094
1804550
-1068478
1803730
-1069862
1802909
-1071245
1802086
-1072628
1801263
-1074010
1800439
-1075391
1799614
-1076772
1798787
-1078152
1797960
-1079531
1797131
-1080910
1796302
-1082288
1795471
-1083665
1794639
-1085042
1793807
-1086418
1792973
-1087794
1792138
-1089168
1791302
-1090543
1790465
-1091916
1789627
-1093289
1788788
-1094662
1787948
-1096033
1787107
-1097404
1786264
-1098774
1785421
-1100144
1784577
-1101513
1783732
-1102882
1782885
-1104250
1782038
-1105617
1781189
-1106983
1780340
-1108349
1779489
-1109714
1778637
-1111079
1777784
-1112442
1776931
-1113806
1776076
-1115168
1775220
-1116530
1774363
-1117892
1773505
-1119252
1772646
-1120612
1771786
-1121971
1770925
-1123330
1770063
-1124688
1769200
-1126045
1768336
-1127402
1767470
-1128758
1766604
-1130113
1765737
-1131468
1764869
-1132822
1763999
-1134175
1763129
-1135528
1762257
-1136880
1761385
-1138231
1760511
-1139582
1759637
-1140931
1758761
-1142281
1757884
-1143629
1757007
-1144977
1756128
-1146324
1755248
-1147671
1754368
-1149017
1753486
-1150362
1752603
-1151707
1751719
-1153051
1750834
-1154394
1749948
-1155736
1749061
-1157078
1748173
-1158420
1747284
-1159760
1746394
-1161100
1745503
-1162439
1744611
-1163777
1743718
-1165115
1742824
-1166452
1741929
-1167789
1741033
-1169124
1740135
-1170459
1739237
-1171794
1738338
-1173127
1737438
-1174460
1736536
-1175792
1735634
-1177124
1734731
-1178455
1733826
-1179785
1732921
-1181115
1732014
-1182443
1731107
-1183772
1730198
-1185099
1729289
-1186426
1728378
-1187752
1727467
-1189077
1726554
-1190401
1725641
-1191725
1724726
-1193048
1723811
-1194371
1722894
-1195693
1721977
-1197014
1721058
-1198334
1720138
-1199654
1719218
-1200973
1718296
-1202291
1717374
-1203609
1716450
-1204926
1715525
-1206242
1714600
-1207557
1713673
-1208872
1712745
-1210186
1711816
-1211499
1710887
-1212812
1709956
-1214124
1709024
-1215435
1708092
-1216745
1707158
-1218055
1706223
-1219364
1705287
-1220672
1704351
-1221980
1703413
-1223287
1702474
-1224593
1701534
-1225898
1700594
-1227203
1699652
-1228507
1698709
-1229810
1697765
-1231113
1696821
-1232415
1695875
-1233716
1694928
-1235016
1693980
-1236316
1693032
-1237615
1692082
-1238913
1691131
-1240210
1690180
-1241507
1689227
-1242803
1688273
-1244098
1687318
-1245393
1686363
-1246686
1685406
-1247980
1684448
-1249272
1683490
-1250564
1682530
-1251854
1681569
-1253144
1680608
-1254434
1679645
-1255722
1678681
-1257010
1677717
-1258298
1676751
-1259584
1675784
-1260870
1674817
-1262155
1673848
-1263439
1672879
-1264722
1671908
-1266005
1670937
-1267287
1669964
-1268568
1668991
-1269849
1668016
-1271128
1667041
-1272407
1666065
-1273686
1665087
-1274963
1664109
-1276240
1663130
-1277516
1662149
-1278791
1661168
-1280066
1660186
-1281339
1659202
-1282612
1658218
-1283884
1657233
-1285156
1656247
-1286426
1655260
-1287696
1654271
-1288966
1653282
-1290234
1652292
-1291502
1651301
-1292769
1650309
-1294035
1649316
-1295300
1648322
-1296565
1647327
-1297829
1646331
-1299092
1645334
-1300354
1644336
-1301616
1643338
-1302876
1642338
-1304137
1641337
-1305396
1640336
-1306654
1639333
-1307912
1638329
-1309169
1637325
-1310425
1636319
-1311681
1635312
-1312935
1634305
-1314189
1633296
-1315442
1632287
-1316695
1631277
-1317946
1630265
-1319197
1629253
-1320447
1628240
-1321696
1627226
-1322945
1626210
-1324192
1625194
-1325439
1624177
-1326685
1623159
-1327931
1622140
-1329175
1621120
-1330419
1620100
-1331662
1619078
-1332904
1618055
-1334146
1617031
-1335386
1616006
-1336626
1614981
-1337865
1613954
-1339104
1612926
-1340341
1611898
-1341578
1610869
-1342814
1609838
-1344049
1608807
-1345283
1607774
-1346517
1606741
-1347749
1605707
-1348981
1604672
-1350212
1603636
-1351443
1602599
-1352672
1601561
-1353901
1600522
-1355129
1599482
-1356356
1598441
-1357583
1597400
-1358808
1596357
-1360033
1595314
-1361257
1594269
-1362480
1593223
-1363703
1592177
-1364924
1591130
-1366145
1590081
-1367365
1589032
-1368584
1587982
-1369803
1586931
-1371020
1585879
-1372237
1584826
-1373453
1583772
-1374668
1582717
-1375882
1581662
-1377096
1580605
-1378309
1579547
-1379520
1578489
-1380732
1577429
-1381942
1576369
-1383151
1575307
-1384360
1574245
-1385568
1573182
-1386775
1572118
-1387981
1571053
-1389186
1569987
-1390391
1568920
-1391595
1567852
-1392798
1566784
-1394000
1565714
-1395201
1564643
-1396402
1563572
-1397601
1562499
-1398800
1561426
-1399998
1560352
-1401195
1559277
-1402392
1558200
-1403587
1557124
-1404782
1556046
-1405976
1554967
-1407169
1553887
-1408361
1552806
-1409552
1551725
-1410743
1550642
-1411933
1549559
-1413122
1548475
-1414310
1547390
-1415497
1546303
-1416684
1545216
-1417869
1544128
-1419054
1543040
-1420238
1541950
-1421421
1540859
-1422603
1539768
-1423784
1538675
-1424965
1537582
-1426145
1536487
-1427324
1535392
-1428502
1534296
-1429679
1533199
-1430855
1532101
-1432031
1531002
-1433206
1529903
-1434379
1528802
-1435552
1527700
-1436724
1526598
-1437896
1525495
-1439066
1524391
-1440236
1523286
-1441405
1522180
-1442573
1521073
-1443740
1519965
-1444906
1518856
-1446071
1517747
-1447236
1516636
-1448400
1515525
-1449562
1514412
-1450724
1513299
-1451885
1512185
-1453046
1511070
-1454205
1509955
-1455364
1508838
-1456521
1507720
-1457678
1506602
-1458834
1505482
-1459989
1504362
-1461144
1503241
-1462297
1502119
-1463449
1500996
-1464601
1499872
-1465752
1498748
-1466902
1497622
-1468051
1496496
-1469199
1495369
-1470346
1494240
-1471493
1493111
-1472639
1491981
-1473784
1490851
-1474927
1489719
-1476070
1488586
-1477212
1487453
-1478354
1486318
-1479494
1485183
-1480634
1484047
-1481772
1482910
-1482910
1481772
-1484047
1480634
-1485183
1479494
-1486318
1478354
-1487453
1477212
-1488586
1476070
-1489719
1474927
-1490851
1473784
-1491981
1472639
-1493111
1471493
-1494240
1470346
-1495369
1469199
-1496496
1468051
-1497622
1466902
-1498748
1465752
-1499872
1464601
-1500996
1463449
-1502119
1462297
-1503241
1461144
-1504362
1459989
-1505482
1458834
-1506602
1457678
-1507720
1456521
-1508838
1455364
-1509955
1454205
-1511070
1453046
-1512185
1451885
-1513299
1450724
-1514412
1449562
-1515525
1448400
-1516636
1447236
-1517747
1446071
-1518856
1444906
-1519965
1443740
-1521073
1442573
-1522180
1441405
-1523286
1440236
-1524391
1439066
-1525495
1437896
-1526598
1436724
-1527700
1435552
-1528802
1434379
-1529903
1433206
-1531002
1432031
-1532101
1430855
-1533199
1429679
-1534296
1428502
-1535392
1427324
-1536487
1426145
-1537582
1424965
-1538675
1423784
-1539768
1422603
-1540859
1421421
-1541950
1420238
-1543040
1419054
-1544128
1417869
-1545216
1416684
-1546303
1415497
-1547390
1414310
-1548475
1413122
-1549559
1411933
-1550642
1410743
-1551725
1409552
-1552806
1408361
-1553887
1407169
-1554967
1405976
-1556046
1404782
-1557124
1403587
-1558200
1402392
-1559277
1401195
-1560352
1399998
-1561426
1398800
-1562499
1397601
-1563572
1396402
-1564643
1395201
-1565714
1394000
-1566784
1392798
-1567852
1391595
-1568920
1390391
-1569987
1389186
-1571053
1387981
-1572118
1386775
-1573182
1385568
-1574245
1384360
-1575307
1383151
-1576369
1381942
-1577429
1380732
-1578489
1379520
-1579547
1378309
-1580605
1377096
-1581662
1375882
-1582717
1374668
-1583772
1373453
-1584826
1372237
-1585879
1371020
-1586931
1369803
-1587982
1368584
-1589032
1367365
-1590081
1366145
-1591130
1364924
-1592177
1363703
-1593223
1362480
-1594269
1361257
-1595314
1360033
-1596357
1358808
-1597400
1357583
-1598441
1356356
-1599482
1355129
-1600522
1353901
-1601561
1352672
-1602599
1351443
-1603636
1350212
-1604672
1348981
-1605707
1347749
-1606741
1346517
-1607774
1345283
-1608807
1344049
-1609838
1342814
-1610869
1341578
-1611898
1340341
-1612926
1339104
-1613954
1337865
-1614981
1336626
-1616006
1335386
-1617031
1334146
-1618055
1332904
-1619078
1331662
-1620100
1330419
-1621120
1329175
-1622140
1327931
-1623159
1326685
-1624177
1325439
-1625194
1324192
-1626210
1322945
-1627226
1321696
-1628240
1320447
-1629253
1319197
-1630265
1317946
-1631277
1316695
-1632287
1315442
-1633296
1314189
-1634305
1312935
-1635312
1311681
-1636319
1310425
-1637325
1309169
-1638329
1307912
-1639333
1306654
-1640336
1305396
-1641337
1304137
-1642338
1302876
-1643338
1301616
-1644336
1300354
-1645334
1299092
-1646331
1297829
-1647327
1296565
-1648322
1295300
-1649316
1294035
-1650309
1292769
-1651301
1291502
-1652292
1290234
-1653282
1288966
-1654271
1287696
-1655260
1286426
-1656247
1285156
-1657233
1283884
-1658218
1282612
-1659202
1281339
-1660186
1280066
-1661168
1278791
-1662149
1277516
-1663130
1276240
-1664109
1274963
-1665087
1273686
-1666065
1272407
-1667041
1271128
-1668016
1269849
-1668991
1268568
-1669964
1267287
-1670937
1266005
-1671908
1264722
-1672879
1263439
-1673848
1262155
-1674817
1260870
-1675784
1259584
-1676751
1258298
-1677717
1257010
-1678681
1255722
-1679645
1254434
-1680608
1253144
-1681569
1251854
-1682530
1250564
-1683490
1249272
-1684448
1247980
-1685406
1246686
-1686363
1245393
-1687318
1244098
-1688273
1242803
-1689227
1241507
-1690180
1240210
-1691131
1238913
-1692082
1237615
-1693032
1236316
-1693980
1235016
-1694928
1233716
-1695875
1232415
-1696821
1231113
-1697765
1229810
-1698709
1228507
-1699652
1227203
-1700594
1225898
-1701534
1224593
-1702474
1223287
-1703413
1221980
-1704351
1220672
-1705287
1219364
-1706223
1218055
-1707158
1216745
-1708092
1215435
-1709024
1214124
-1709956
1212812
-1710887
1211499
-1711816
1210186
-1712745
1208872
-1713673
1207557
-1714600
1206242
-1715525
1204926
-1716450
1203609
-1717374
1202291
-1718296
1200973
-1719218
1199654
-1720138
1198334
-1721058
1197014
-1721977
1195693
-1722894
1194371
-1723811
1193048
-1724726
1191725
-1725641
1190401
-1726554
1189077
-1727467
1187752
-1728378
1186426
-1729289
1185099
-1730198
1183772
-1731107
1182443
-1732014
1181115
-1732921
1179785
-1733826
1178455
-1734731
1177124
-1735634
1175792
-1736536
1174460
-1737438
1173127
-1738338
1171794
-1739237
1170459
-1740135
1169124
-1741033
1167789
-1741929
1166452
-1742824
1165115
-1743718
1163777
-1744611
1162439
-1745503
1161100
-1746394
1159760
-1747284
1158420
-1748173
1157078
-1749061
1155736
-1749948
1154394
-1750834
1153051
-1751719
1151707
-1752603
1150362
-1753486
1149017
-1754368
1147671
-1755248
1146324
-1756128
1144977
-1757007
1143629
-1757884
1142281
-1758761
1140931
-1759637
1139582
-1760511
1138231
-1761385
1136880
-1762257
1135528
-1763129
1134175
-1763999
1132822
-1764869
1131468
-1765737
1130113
-1766604
1128758
-1767470
1127402
-1768336
1126045
-1769200
1124688
-1770063
1123330
-1770925
1121971
-1771786
1120612
-1772646
1119252
-1773505
1117892
-1774363
1116530
-1775220
1115168
-1776076
1113806
-1776931
1112442
-1777784
1111079
-1778637
1109714
-1779489
1108349
-1780340
1106983
-1781189
1105617
-1782038
1104250
-1782885
1102882
-1783732
1101513
-1784577
1100144
-1785421
1098774
-1786264
1097404
-1787107
1096033
-1787948
1094662
-1788788
1093289
-1789627
1091916
-1790465
1090543
-1791302
1089168
-1792138
1087794
-1792973
1086418
-1793807
1085042
-1794639
1083665
-1795471
1082288
-1796302
1080910
-1797131
1079531
-1797960
1078152
-1798787
1076772
-1799614
1075391
-1800439
1074010
-1801263
1072628
-1802086
1071245
-1802909
1069862
-1803730
1068478
-1804550
1067094
-1805369
1065709
-1806187
1064323
-1807004
1062937
-1807819
1061550
-1808634
1060163
-1809448
1058775
-1810260
1057386
-1811072
1055996
-1811882
1054606
-1812692
1053216
-1813500
1051825
-1814307
1050433
-1815114
1049040
-1815919
1047647
-1816723
1046253
-1817526
1044859
-1818328
1043464
-1819129
1042069
-1819928
1040672
-1820727
1039276
-1821525
1037878
-1822321
1036480
-1823117
1035082
-1823911
1033682
-1824705
1032282
-1825497
1030882
-1826288
1029481
-1827078
1028079
-1827867
1026677
-1828655
1025274
-1829442
1023871
-1830228
1022467
-1831013
1021062
-1831796
1019657
-1832579
1018251
-1833361
1016844
-1834141
1015437
-1834920
1014030
-1835699
1012622
-1836476
1011213
-1837252
1009803
-1838027
1008393
-1838801
1006982
-1839574
1005571
-1840346
1004159
-1841116
1002747
-1841886
1001334
-1842655
999920
-1843422
998506
-1844189
997092
-1844954
995676
-1845718
994260
-1846481
992844
-1847243
991426
-1848004
990009
-1848764
988590
-1849523
987172
-1850281
985752
-1851037
984332
-1851793
982912
-1852547
981490
-1853300
980069
-1854053
978646
-1854804
977224
-1855554
975800
-1856303
974376
-1857051
972951
-1857798
971526
-1858543
970100
-1859288
968674
-1860031
967247
-1860774
965820
-1861515
964392
-1862255
962963
-1862994
961534
-1863732
960104
-1864470
958674
-1865205
957243
-1865940
955811
-1866674
954379
-1867406
952947
-1868138
951514
-1868868
950080
-1869597
948646
-1870326
947211
-1871052
945776
-1871778
944340
-1872503
942903
-1873227
941466
-1873950
940029
-1874671
938590
-1875392
937152
-1876111
935713
-1876829
934273
-1877546
932832
-1878262
931392
-1878977
929950
-1879691
928508
-1880404
927066
-1881116
925623
-1881826
924179
-1882535
922735
-1883244
921290
-1883951
919845
-1884657
918399
-1885362
916953
-1886066
915506
-1886768
914058
-1887470
912610
-1888171
911162
-1888870
909713
-1889568
908264
-1890266
906813
-1890962
905363
-1891656
903912
-1892350
902460
-1893043
901008
-1893735
899555
-1894425
898102
-1895115
896648
-1895803
895194
-1896490
893739
-1897176
892283
-1897861
890828
-1898545
889371
-1899228
887914
-1899909
886457
-1900590
884999
-1901269
883540
-1901947
882081
-1902624
880622
-1903300
879162
-1903975
877701
-1904649
876240
-1905322
874778
-1905993
873316
-1906663
871853
-1907333
870390
-1908001
868926
-1908668
867462
-1909334
865998
-1909998
864532
-1910662
863067
-1911325
861600
-1911986
860134
-1912646
858666
-1913306
857199
-1913964
855731
-1914620
854262
-1915276
852793
-1915931
851323
-1916584
849853
-1917237
848382
-1917888
846911
-1918538
845439
-1919187
843967
-1919835
842494
-1920482
841021
-1921127
839547
-1921772
838073
-1922415
836598
-1923058
835123
-1923699
833647
-1924338
832171
-1924977
830694
-1925615
829217
-1926252
827739
-1926887
826261
-1927521
824782
-1928154
823303
-1928787
821824
-1929418
820344
-1930047
818863
-1930676
817382
-1931303
815900
-1931930
814418
-1932555
812936
-1933179
811453
-1933802
809970
-1934424
808486
-1935044
807001
-1935664
805516
-1936282
804031
-1936900
802545
-1937516
801059
-1938131
799572
-1938744
798085
-1939357
796597
-1939969
795109
-1940579
793620
-1941188
792131
-1941797
790642
-1942404
789152
-1943010
787661
-1943614
786170
-1944218
784679
-1944820
783187
-1945421
781695
-1946022
780202
-1946620
778708
-1947218
777215
-1947815
775721
-1948410
774226
-1949005
772731
-1949598
771235
-1950190
769739
-1950781
768243
-1951371
766746
-1951960
765249
-1952547
763751
-1953134
762252
-1953719
760754
-1954303
759255
-1954886
757755
-1955468
756255
-1956048
754754
-1956628
753254
-1957206
751752
-1957783
750250
-1958359
748748
-1958934
747245
-1959508
745742
-1960080
744239
-1960652
742735
-1961222
741230
-1961791
739725
-1962359
738220
-1962926
736714
-1963491
735208
-1964056
733701
-1964619
732194
-1965181
730687
-1965742
729179
-1966302
727671
-1966861
726162
-1967418
724653
-1967975
723143
-1968530
721633
-1969084
720122
-1969637
718612
-1970189
717100
-1970739
715588
-1971289
714076
-1971837
712564
-1972384
711051
-1972930
709537
-1973475
708023
-1974018
706509
-1974561
704994
-1975102
703479
-1975642
701964
-1976181
700448
-1976719
698932
-1977256
697415
-1977791
695898
-1978326
694380
-1978859
692862
-1979391
691344
-1979922
689825
-1980451
688306
-1980980
686786
-1981507
685266
-1982033
683746
-1982558
682225
-1983082
680704
-1983605
679182
-1984126
677660
-1984647
676138
-1985166
674615
-1985684
673092
-1986201
671568
-1986716
670044
-1987231
668520
-1987744
666995
-1988256
665470
-1988768
663944
-1989277
662418
-1989786
660892
-1990293
659365
-1990800
657838
-1991305
656311
-1991809
654783
-1992312
653254
-1992813
651726
-1993314
650197
-1993813
648667
-1994311
647138
-1994808
645607
-1995304
644077
-1995798
642546
-1996292
641015
-1996784
639483
-1997275
637951
-1997765
636418
-1998254
634886
-1998741
633352
-1999228
631819
-1999713
630285
-2000197
628750
-2000680
627216
-2001161
625681
-2001642
624145
-2002121
622610
-2002599
621073
-2003076
619537
-2003552
618000
-2004026
616463
-2004500
614925
-2004972
613387
-2005443
611849
-2005913
610310
-2006382
608771
-2006849
607232
-2007316
605692
-2007781
604152
-2008245
602611
-2008708
601070
-2009169
599529
-2009630
597988
-2010089
596446
-2010547
594904
-2011004
593361
-2011459
591818
-2011914
590275
-2012367
588731
-2012819
587187
-2013270
585643
-2013720
584098
-2014169
582553
-2014616
581008
-2015062
579462
-2015507
577916
-2015951
576370
-2016394
574823
-2016835
573276
-2017276
571728
-2017715
570181
-2018153
568632
-2018589
567084
-2019025
565535
-2019459
563986
-2019892
562437
-2020324
560887
-2020755
559337
-2021185
557787
-2021613
556236
-2022040
554685
-2022466
553134
-2022891
551582
-2023315
550030
-2023738
548478
-2024159
546925
-2024579
545372
-2024998
543818
-2025415
542265
-2025832
540711
-2026247
539157
-2026661
537602
-2027074
536047
-2027486
534492
-2027897
532936
-2028306
531381
-2028714
529824
-2029121
528268
-2029527
526711
-2029931
525154
-2030335
523597
-2030737
522039
-2031138
520481
-2031538
518923
-2031936
517364
-2032334
515805
-2032730
514246
-2033125
512686
-2033519
511126
-2033912
509566
-2034303
508006
-2034693
506445
-2035082
504884
-2035470
503323
-2035857
501761
-2036242
500199
-2036626
498637
-2037009
497074
-2037391
495512
-2037772
493949
-2038151
492385
-2038530
490822
-2038907
489258
-2039282
487693
-2039657
486129
-2040031
484564
-2040403
482999
-2040774
481433
-2041144
479868
-2041512
478302
-2041880
476736
-2042246
475169
-2042611
473602
-2042975
472035
-2043338
470468
-2043699
468900
-2044059
467332
-2044418
465764
-2044776
464196
-2045133
462627
-2045488
461058
-2045843
459488
-2046196
457919
-2046547
456349
-2046898
454779
-2047248
453209
-2047596
451638
-2047943
450067
-2048288
448496
-2048633
446925
-2048976
445353
-2049319
443781
-2049660
442209
-2049999
440636
-2050338
439064
-2050675
437491
-2051012
435918
-2051346
434344
-2051680
432770
-2052013
431196
-2052344
429622
-2052674
428048
-2053003
426473
-2053331
424898
-2053657
423322
-2053982
421747
-2054307
420171
-2054630
418595
-2054951
417019
-2055272
415442
-2055591
413866
-2055909
412289
-2056226
410712
-2056541
409134
-2056856
407556
-2057169
405978
-2057481
404400
-2057792
402822
-2058101
401243
-2058410
399664
-2058717
398085
-2059023
396506
-2059327
394926
-2059631
393346
-2059933
391766
-2060234
390186
-2060534
388605
-2060833
387025
-2061130
385444
-2061426
383862
-2061722
382281
-2062015
380699
-2062308
379117
-2062599
377535
-2062890
375953
-2063178
374370
-2063466
372788
-2063753
371205
-2064038
369622
-2064322
368038
-2064605
366454
-2064887
364871
-2065167
363286
-2065446
361702
-2065724
360118
-2066001
358533
-2066277
356948
-2066551
355363
-2066824
353778
-2067096
352192
-2067367
350606
-2067637
349020
-2067905
347434
-2068172
345848
-2068438
344261
-2068703
342674
-2068966
341088
-2069228
339500
-2069489
337913
-2069749
336325
-2070008
334738
-2070265
333150
-2070521
331562
-2070776
329973
-2071030
328384
-2071282
326796
-2071533
325207
-2071784
323618
-2072032
322028
-2072280
320439
-2072526
318849
-2072771
317259
-2073015
315669
-2073258
314079
-2073500
312488
-2073740
310898
-2073979
309307
-2074217
307716
-2074453
306125
-2074689
304534
-2074923
302942
-2075156
301350
-2075388
299758
-2075618
298166
-2075848
296574
-2076076
294982
-2076302
293389
-2076528
291796
-2076752
290203
-2076976
288610
-2077198
287017
-2077418
285424
-2077638
283830
-2077856
282236
-2078073
280642
-2078289
279048
-2078504
277454
-2078717
275859
-2078930
274265
-2079140
272670
-2079350
271075
-2079559
269480
-2079766
267885
-2079972
266289
-2080177
264694
-2080381
263098
-2080583
261502
-2080784
259906
-2080984
258310
-2081183
256714
-2081380
255117
-2081577
253521
-2081772
251924
-2081966
250327
-2082158
248730
-2082350
247133
-2082540
245535
-2082729
243938
-2082916
242340
-2083103
240742
-2083288
239144
-2083472
237546
-2083655
235948
-2083836
234350
-2084017
232751
-2084196
231153
-2084374
229554
-2084551
227955
-2084726
226356
-2084900
224757
-2085073
223158
-2085245
221558
-2085416
219958
-2085585
218359
-2085753
216759
-2085920
215159
-2086086
213559
-2086250
211959
-2086413
210358
-2086575
208758
-2086736
207158
-2086895
205557
-2087054
203956
-2087211
202355
-2087366
200754
-2087521
199153
-2087674
197552
-2087826
195950
-2087977
194349
-2088127
192747
-2088276
191145
-2088423
189543
-2088569
187941
-2088714
186339
-2088857
184737
-2088999
183135
-2089140
181532
-2089280
179930
-2089419
178327
-2089556
176725
-2089692
175122
-2089827
173519
-2089961
171916
-2090094
170313
-2090225
168710
-2090355
167106
-2090484
165503
-2090611
163899
-2090738
162296
-2090863
160692
-2090986
159088
-2091109
157484
-2091230
155880
-2091351
154276
-2091470
152672
-2091587
151068
-2091704
149463
-2091819
147859
-2091933
146254
-2092046
144650
-2092157
143045
-2092268
141440
-2092377
139835
-2092485
138230
-2092591
136625
-2092697
135020
-2092801
133415
-2092904
131810
-2093006
130204
-2093106
128599
-2093205
126993
-2093303
125388
-2093400
123782
-2093496
122176
-2093590
120571
-2093683
118965
-2093775
117359
-2093866
115753
-2093955
114147
-2094043
112540
-2094130
110934
-2094216
109328
-2094300
107722
-2094384
106115
-2094466
104509
-2094546
102902
-2094626
101296
-2094704
99689
-2094781
98082
-2094857
96476
-2094932
94869
-2095005
93262
-2095077
91655
-2095148
90048
-2095218
88441
-2095286
86834
-2095354
85227
-2095420
83620
-2095484
82012
-2095548
80405
-2095610
78798
-2095671
77190
-2095731
75583
-2095790
73975
-2095847
72368
-2095903
70760
-2095958
69153
-2096012
67545
-2096064
65937
-2096115
64330
-2096165
62722
-2096214
61114
-2096261
59506
-2096308
57898
-2096352
56290
-2096396
54683
-2096439
53075
-2096480
51467
-2096520
49859
-2096559
48250
-2096597
46642
-2096633
45034
-2096668
43426
-2096702
41818
-2096735
40210
-2096766
38602
-2096797
36993
-2096826
35385
-2096853
33777
-2096880
32169
-2096905
30560
-2096929
28952
-2096952
27344
-2096974
25735
-2096994
24127
-2097013
22518
-2097031
20910
-2097048
19302
-2097063
17693
-2097077
16085
-2097090
14476
-2097102
12868
-2097112
11259
-2097122
9651
-2097130
8042
-2097136
6434
-2097142
4825
-2097146
3217
-2097150
1608
-2097151
0
-2097152
-1608
-2097151
-3217
-2097150
-4825
-2097146
-6434
-2097142
-8042
-2097136
-9651
-2097130
-11259
-2097122
-12868
-2097112
-14476
-2097102
-16085
-2097090
-17693
-2097077
-19302
-2097063
-20910
-2097048
-22518
-2097031
-24127
-2097013
-25735
-2096994
-27344
-2096974
-28952
-2096952
-30560
-2096929
-32169
-2096905
-33777
-2096880
-35385
-2096853
-36993
-2096826
-38602
-2096797
-40210
-2096766
-41818
-2096735
-43426
-2096702
-45034
-2096668
-46642
-2096633
-48250
-2096597
-49859
-2096559
-51467
-2096520
-53075
-2096480
-54683
-2096439
-56290
-2096396
-57898
-2096352
-59506
-2096308
-61114
-2096261
-62722
-2096214
-64330
-2096165
-65937
-2096115
-67545
-2096064
-69153
-2096012
-70760
-2095958
-72368
-2095903
-73975
-2095847
-75583
-2095790
-77190
-2095731
-78798
-2095671
-80405
-2095610
-82012
-2095548
-83620
-2095484
-85227
-2095420
-86834
-2095354
-88441
-2095286
-90048
-2095218
-91655
-2095148
-93262
-2095077
-94869
-2095005
-96476
-2094932
-98082
-2094857
-99689
-2094781
-101296
-2094704
-102902
-2094626
-104509
-2094546
-106115
-2094466
-107722
-2094384
-109328
-2094300
-110934
-2094216
-112540
-2094130
-114147
-2094043
-115753
-2093955
-117359
-2093866
-118965
-2093775
-120571
-2093683
-122176
-2093590
-123782
-2093496
-125388
-2093400
-126993
-2093303
-128599
-2093205
-130204
-2093106
-131810
-2093006
-133415
-2092904
-135020
-2092801
-136625
-2092697
-138230
-2092591
-139835
-2092485
-141440
-2092377
-143045
-2092268
-144650
-2092157
-146254
-2092046
-147859
-2091933
-149463
-2091819
-151068
-2091704
-152672
-2091587
-154276
-2091470
-155880
-2091351
-157484
-2091230
-159088
-2091109
-160692
-2090986
-162296
-2090863
-163899
-2090738
-165503
-2090611
-167106
-2090484
-168710
-2090355
-170313
-2090225
-171916
-2090094
-173519
-2089961
-175122
-2089827
-176725
-2089692
-178327
-2089556
-179930
-2089419
-181532
-2089280
-183135
-2089140
-184737
-2088999
-186339
-2088857
-187941
-2088714
-189543
-2088569
-191145
-2088423
-192747
-2088276
-194349
-2088127
-195950
-2087977
-197552
-2087826
-199153
-2087674
-200754
-2087521
-202355
-2087366
-203956
-2087211
-205557
-2087054
-207158
-2086895
-208758
-2086736
-210358
-2086575
-211959
-2086413
-213559
-2086250
-215159
-2086086
-216759
-2085920
-218359
-2085753
-219958
-2085585
-221558
-2085416
-223158
-2085245
-224757
-2085073
-226356
-2084900
-227955
-2084726
-229554
-2084551
-231153
-2084374
-232751
-2084196
-234350
-2084017
-235948
-2083836
-237546
-2083655
-239144
-2083472
-240742
-2083288
-242340
-2083103
-243938
-2082916
-245535
-2082729
-247133
-2082540
-248730
-2082350
-250327
-2082158
-251924
-2081966
-253521
-2081772
-255117
-2081577
-256714
-2081380
-258310
-2081183
-259906
-2080984
-261502
-2080784
-263098
-2080583
-264694
-2080381
-266289
-2080177
-267885
-2079972
-269480
-2079766
-271075
-2079559
-272670
-2079350
-274265
-2079140
-275859
-2078930
-277454
-2078717
-279048
-2078504
-280642
-2078289
-282236
-2078073
-283830
-2077856
-285424
-2077638
-287017
-2077418
-288610
-2077198
-290203
-2076976
-291796
-2076752
-293389
-2076528
-294982
-2076302
-296574
-2076076
-298166
-2075848
-299758
-2075618
-301350
-2075388
-302942
-2075156
-304534
-2074923
-306125
-2074689
-307716
-2074453
-309307
-2074217
-310898
-2073979
-312488
-2073740
-314079
-2073500
-315669
-2073258
-317259
-2073015
-318849
-2072771
-320439
-2072526
-322028
-2072280
-323618
-2072032
-325207
-2071784
-326796
-2071533
-328384
-2071282
-329973
-2071030
-331562
-2070776
-333150
-2070521
-334738
-2070265
-336325
-2070008
-337913
-2069749
-339500
-2069489
-341088
-2069228
-342674
-2068966
-344261
-2068703
-345848
-2068438
-347434
-2068172
-349020
-2067905
-350606
-2067637
-352192
-2067367
-353778
-2067096
-355363
-2066824
-356948
-2066551
-358533
-2066277
-360118
-2066001
-361702
-2065724
-363286
-2065446
-364871
-2065167
-366454
-2064887
-368038
-2064605
-369622
-2064322
-371205
-2064038
-372788
-2063753
-374370
-2063466
-375953
-2063178
-377535
-2062890
-379117
-2062599
-380699
-2062308
-382281
-2062015
-383862
-2061722
-385444
-2061426
-387025
-2061130
-388605
-2060833
-390186
-2060534
-391766
-2060234
-393346
-2059933
-394926
-2059631
-396506
-2059327
-398085
-2059023
-399664
-2058717
-401243
-2058410
-402822
-2058101
-404400
-2057792
-405978
-2057481
-407556
-2057169
-409134
-2056856
-410712
-2056541
-412289
-2056226
-413866
-2055909
-415442
-2055591
-417019
-2055272
-418595
-2054951
-420171
-2054630
-421747
-2054307
-423322
-2053982
-424898
-2053657
-426473
-2053331
-428048
-2053003
-429622
-2052674
-431196
-2052344
-432770
-2052013
-434344
-2051680
-435918
-2051346
-437491
-2051012
-439064
-2050675
-440636
-2050338
-442209
-2049999
-443781
-2049660
-445353
-2049319
-446925
-2048976
-448496
-2048633
-450067
-2048288
-451638
-2047943
-453209
-2047596
-454779
-2047248
-456349
-2046898
-457919
-2046547
-459488
-2046196
-461058
-2045843
-462627
-2045488
-464196
-2045133
-465764
-2044776
-467332
-2044418
-468900
-2044059
-470468
-2043699
-472035
-2043338
-473602
-2042975
-475169
-2042611
-476736
-2042246
-478302
-2041880
-479868
-2041512
-481433
-2041144
-482999
-2040774
-484564
-2040403
-486129
-2040031
-487693
-2039657
-489258
-2039282
-490822
-2038907
-492385
-2038530
-493949
-2038151
-495512
-2037772
-497074
-2037391
-498637
-2037009
-500199
-2036626
-501761
-2036242
-503323
-2035857
-504884
-2035470
-506445
-2035082
-508006
-2034693
-509566
-2034303
-511126
-2033912
-512686
-2033519
-514246
-2033125
-515805
-2032730
-517364
-2032334
-518923
-2031936
-520481
-2031538
-522039
-2031138
-523597
-2030737
-525154
-2030335
-526711
-2029931
-528268
-2029527
-529824
-2029121
-531381
-2028714
-532936
-2028306
-534492
-2027897
-536047
-2027486
-537602
-2027074
-539157
-2026661
-540711
-2026247
-542265
-2025832
-543818
-2025415
-545372
-2024998
-546925
-2024579
-548478
-2024159
-550030
-2023738
-551582
-2023315
-553134
-2022891
-554685
-2022466
-556236
-2022040
-557787
-2021613
-559337
-2021185
-560887
-2020755
-562437
-2020324
-563986
-2019892
-565535
-2019459
-567084
-2019025
-568632
-2018589
-570181
-2018153
-571728
-2017715
-573276
-2017276
-574823
-2016835
-576370
-2016394
-577916
-2015951
-579462
-2015507
-581008
-2015062
-582553
-2014616
-584098
-2014169
-585643
-2013720
-587187
-2013270
-588731
-2012819
-590275
-2012367
-591818
-2011914
-593361
-2011459
-594904
-2011004
-596446
-2010547
-597988
-2010089
-599529
-2009630
-601070
-2009169
-602611
-2008708
-604152
-2008245
-605692
-2007781
-607232
-2007316
-608771
-2006849
-610310
-2006382
-611849
-2005913
-613387
-2005443
-614925
-2004972
-616463
-2004500
-618000
-2004026
-619537
-2003552
-621073
-2003076
-622610
-2002599
-624145
-2002121
-625681
-2001642
-627216
-2001161
-628750
-2000680
-630285
-2000197
-631819
-1999713
-633352
-1999228
-634886
-1998741
-636418
-1998254
-637951
-1997765
-639483
-1997275
-641015
-1996784
-642546
-1996292
-644077
-1995798
-645607
-1995304
-647138
-1994808
-648667
-1994311
-650197
-1993813
-651726
-1993314
-653254
-1992813
-654783
-1992312
-656311
-1991809
-657838
-1991305
-659365
-1990800
-660892
-1990293
-662418
-1989786
-663944
-1989277
-665470
-1988768
-666995
-1988256
-668520
-1987744
-670044
-1987231
-671568
-1986716
-673092
-1986201
-674615
-1985684
-676138
-1985166
-677660
-1984647
-679182
-1984126
-680704
-1983605
-682225
-1983082
-683746
-1982558
-685266
-1982033
-686786
-1981507
-688306
-1980980
-689825
-1980451
-691344
-1979922
-692862
-1979391
-694380
-1978859
-695898
-1978326
-697415
-1977791
-698932
-1977256
-700448
-1976719
-701964
-1976181
-703479
-1975642
-704994
-1975102
-706509
-1974561
-708023
-1974018
-709537
-1973475
-711051
-1972930
-712564
-1972384
-714076
-1971837
-715588
-1971289
-717100
-1970739
-718612
-1970189
-720122
-1969637
-721633
-1969084
-723143
-1968530
-724653
-1967975
-726162
-1967418
-727671
-1966861
-729179
-1966302
-730687
-1965742
-732194
-1965181
-733701
-1964619
-735208
-1964056
-736714
-1963491
-738220
-1962926
-739725
-1962359
-741230
-1961791
-742735
-1961222
-744239
-1960652
-745742
-1960080
-747245
-1959508
-748748
-1958934
-750250
-1958359
-751752
-1957783
-753254
-1957206
-754754
-1956628
-756255
-1956048
-757755
-1955468
-759255
-1954886
-760754
-1954303
-762252
-1953719
-763751
-1953134
-765249
-1952547
-766746
-1951960
-768243
-1951371
-769739
-1950781
-771235
-1950190
-772731
-1949598
-774226
-1949005
-775721
-1948410
-777215
-1947815
-778708
-1947218
-780202
-1946620
-781695
-1946022
-783187
-1945421
-784679
-1944820
-786170
-1944218
-787661
-1943614
-789152
-1943010
-790642
-1942404
-792131
-1941797
-793620
-1941188
-795109
-1940579
-796597
-1939969
-798085
-1939357
-799572
-1938744
-801059
-1938131
-802545
-1937516
-804031
-1936900
-805516
-1936282
-807001
-1935664
-808486
-1935044
-809970
-1934424
-811453
-1933802
-812936
-1933179
-814418
-1932555
-815900
-1931930
-817382
-1931303
-818863
-1930676
-820344
-1930047
-821824
-1929418
-823303
-1928787
-824782
-1928154
-826261
-1927521
-827739
-1926887
-829217
-1926252
-830694
-1925615
-832171
-1924977
-833647
-1924338
-835123
-1923699
-836598
-1923058
-838073
-1922415
-839547
-1921772
-841021
-1921127
-842494
-1920482
-843967
-1919835
-845439
-1919187
-846911
-1918538
-848382
-1917888
-849853
-1917237
-851323
-1916584
-852793
-1915931
-854262
-1915276
-855731
-1914620
-857199
-1913964
-858666
-1913306
-860134
-1912646
-861600
-1911986
-863067
-1911325
-864532
-1910662
-865998
-1909998
-867462
-1909334
-868926
-1908668
-870390
-1908001
-871853
-1907333
-873316
-1906663
-874778
-1905993
-876240
-1905322
-877701
-1904649
-879162
-1903975
-880622
-1903300
-882081
-1902624
-883540
-1901947
-884999
-1901269
-886457
-1900590
-887914
-1899909
-889371
-1899228
-890828
-1898545
-892283
-1897861
-893739
-1897176
-895194
-1896490
-896648
-1895803
-898102
-1895115
-899555
-1894425
-901008
-1893735
-902460
-1893043
-903912
-1892350
-905363
-1891656
-906813
-1890962
-908264
-1890266
-909713
-1889568
-911162
-1888870
-912610
-1888171
-914058
-1887470
-915506
-1886768
-916953
-1886066
-918399
-1885362
-919845
-1884657
-921290
-1883951
-922735
-1883244
-924179
-1882535
-925623
-1881826
-927066
-1881116
-928508
-1880404
-929950
-1879691
-931392
-1878977
-932832
-1878262
-934273
-1877546
-935713
-1876829
-937152
-1876111
-938590
-1875392
-940029
-1874671
-941466
-1873950
-942903
-1873227
-944340
-1872503
-945776
-1871778
-947211
-1871052
-948646
-1870326
-950080
-1869597
-951514
-1868868
-952947
-1868138
-954379
-1867406
-955811
-1866674
-957243
-1865940
-958674
-1865205
-960104
-1864470
-961534
-1863732
-962963
-1862994
-964392
-1862255
-965820
-1861515
-967247
-1860774
-968674
-1860031
-970100
-1859288
-971526
-1858543
-972951
-1857798
-974376
-1857051
-975800
-1856303
-977224
-1855554
-978646
-1854804
-980069
-1854053
-981490
-1853300
-982912
-1852547
-984332
-1851793
-985752
-1851037
-987172
-1850281
-988590
-1849523
-990009
-1848764
-991426
-1848004
-992844
-1847243
-994260
-1846481
-995676
-1845718
-997092
-1844954
-998506
-1844189
-999920
-1843422
-1001334
-1842655
-1002747
-1841886
-1004159
-1841116
-1005571
-1840346
-1006982
-1839574
-1008393
-1838801
-1009803
-1838027
-1011213
-1837252
-1012622
-1836476
-1014030
-1835699
-1015437
-1834920
-1016844
-1834141
-1018251
-1833361
-1019657
-1832579
-1021062
-1831796
-1022467
-1831013
-1023871
-1830228
-1025274
-1829442
-1026677
-1828655
-1028079
-1827867
-1029481
-1827078
-1030882
-1826288
-1032282
-1825497
-1033682
-1824705
-1035082
-1823911
-1036480
-1823117
-1037878
-1822321
-1039276
-1821525
-1040672
-1820727
-1042069
-1819928
-1043464
-1819129
-1044859
-1818328
-1046253
-1817526
-1047647
-1816723
-1049040
-1815919
-1050433
-1815114
-1051825
-1814307
-1053216
-1813500
-1054606
-1812692
-1055996
-1811882
-1057386
-1811072
-1058775
-1810260
-1060163
-1809448
-1061550
-1808634
-1062937
-1807819
-1064323
-1807004
-1065709
-1806187
-1067094
-1805369
-1068478
-1804550
-1069862
-1803730
-1071245
-1802909
-1072628
-1802086
-1074010
-1801263
-1075391
-1800439
-1076772
-1799614
-1078152
-1798787
-1079531
-1797960
-1080910
-1797131
-1082288
-1796302
-1083665
-1795471
-1085042
-1794639
-1086418
-1793807
-1087794
-1792973
-1089168
-1792138
-1090543
-1791302
-1091916
-1790465
-1093289
-1789627
-1094662
-1788788
-1096033
-1787948
-1097404
-1787107
-1098774
-1786264
-1100144
-1785421
-1101513
-1784577
-1102882
-1783732
-1104250
-1782885
-1105617
-1782038
-1106983
-1781189
-1108349
-1780340
-1109714
-1779489
-1111079
-1778637
-1112442
-1777784
-1113806
-1776931
-1115168
-1776076
-1116530
-1775220
-1117892
-1774363
-1119252
-1773505
-1120612
-1772646
-1121971
-1771786
-1123330
-1770925
-1124688
-1770063
-1126045
-1769200
-1127402
-1768336
-1128758
-1767470
-1130113
-1766604
-1131468
-1765737
-1132822
-1764869
-1134175
-1763999
-1135528
-1763129
-1136880
-1762257
-1138231
-1761385
-1139582
-1760511
-1140931
-1759637
-1142281
-1758761
-1143629
-1757884
-1144977
-1757007
-1146324
-1756128
-1147671
-1755248
-1149017
-1754368
-1150362
-1753486
-1151707
-1752603
-1153051
-1751719
-1154394
-1750834
-1155736
-1749948
-1157078
-1749061
-1158420
-1748173
-1159760
-1747284
-1161100
-1746394
-1162439
-1745503
-1163777
-1744611
-1165115
-1743718
-1166452
-1742824
-1167789
-1741929
-1169124
-1741033
-1170459
-1740135
-1171794
-1739237
-1173127
-1738338
-1174460
-1737438
-1175792
-1736536
-1177124
-1735634
-1178455
-1734731
-1179785
-1733826
-1181115
-1732921
-1182443
-1732014
-1183772
-1731107
-1185099
-1730198
-1186426
-1729289
-1187752
-1728378
-1189077
-1727467
-1190401
-1726554
-1191725
-1725641
-1193048
-1724726
-1194371
-1723811
-1195693
-1722894
-1197014
-1721977
-1198334
-1721058
-1199654
-1720138
-1200973
-1719218
-1202291
-1718296
-1203609
-1717374
-1204926
-1716450
-1206242
-1715525
-1207557
-1714600
-1208872
-1713673
-1210186
-1712745
-1211499
-1711816
-1212812
-1710887
-1214124
-1709956
-1215435
-1709024
-1216745
-1708092
-1218055
-1707158
-1219364
-1706223
-1220672
-1705287
-1221980
-1704351
-1223287
-1703413
-1224593
-1702474
-1225898
-1701534
-1227203
-1700594
-1228507
-1699652
-1229810
-1698709
-1231113
-1697765
-1232415
-1696821
-1233716
-1695875
-1235016
-1694928
-1236316
-1693980
-1237615
-1693032
-1238913
-1692082
-1240210
-1691131
-1241507
-1690180
-1242803
-1689227
-1244098
-1688273
-1245393
-1687318
-1246686
-1686363
-1247980
-1685406
-1249272
-1684448
-1250564
-1683490
-1251854
-1682530
-1253144
-1681569
-1254434
-1680608
-1255722
-1679645
-1257010
-1678681
-1258298
-1677717
-1259584
-1676751
-1260870
-1675784
-1262155
-1674817
-1263439
-1673848
-1264722
-1672879
-1266005
-1671908
-1267287
-1670937
-1268568
-1669964
-1269849
-1668991
-1271128
-1668016
-1272407
-1667041
-1273686
-1666065
-1274963
-1665087
-1276240
-1664109
-1277516
-1663130
-1278791
-1662149
-1280066
-1661168
-1281339
-1660186
-1282612
-1659202
-1283884
-1658218
-1285156
-1657233
-1286426
-1656247
-1287696
-1655260
-1288966
-1654271
-1290234
-1653282
-1291502
-1652292
-1292769
-1651301
-1294035
-1650309
-1295300
-1649316
-1296565
-1648322
-1297829
-1647327
-1299092
-1646331
-1300354
-1645334
-1301616
-1644336
-1302876
-1643338
-1304137
-1642338
-1305396
-1641337
-1306654
-1640336
-1307912
-1639333
-1309169
-1638329
-1310425
-1637325
-1311681
-1636319
-1312935
-1635312
-1314189
-1634305
-1315442
-1633296
-1316695
-1632287
-1317946
-1631277
-1319197
-1630265
-1320447
-1629253
-1321696
-1628240
-1322945
-1627226
-1324192
-1626210
-1325439
-1625194
-1326685
-1624177
-1327931
-1623159
-1329175
-1622140
-1330419
-1621120
-1331662
-1620100
-1332904
-1619078
-1334146
-1618055
-1335386
-1617031
-1336626
-1616006
-1337865
-1614981
-1339104
-1613954
-1340341
-1612926
-1341578
-1611898
-1342814
-1610869
-1344049
-1609838
-1345283
-1608807
-1346517
-1607774
-1347749
-1606741
-1348981
-1605707
-1350212
-1604672
-1351443
-1603636
-1352672
-1602599
-1353901
-1601561
-1355129
-1600522
-1356356
-1599482
-1357583
-1598441
-1358808
-1597400
-1360033
-1596357
-1361257
-1595314
-1362480
-1594269
-1363703
-1593223
-1364924
-1592177
-1366145
-1591130
-1367365
-1590081
-1368584
-1589032
-1369803
-1587982
-1371020
-1586931
-1372237
-1585879
-1373453
-1584826
-1374668
-1583772
-1375882
-1582717
-1377096
-1581662
-1378309
-1580605
-1379520
-1579547
-1380732
-1578489
-1381942
-1577429
-1383151
-1576369
-1384360
-1575307
-1385568
-1574245
-1386775
-1573182
-1387981
-1572118
-1389186
-1571053
-1390391
-1569987
-1391595
-1568920
-1392798
-1567852
-1394000
-1566784
-1395201
-1565714
-1396402
-1564643
-1397601
-1563572
-1398800
-1562499
-1399998
-1561426
-1401195
-1560352
-1402392
-1559277
-1403587
-1558200
-1404782
-1557124
-1405976
-1556046
-1407169
-1554967
-1408361
-1553887
-1409552
-1552806
-1410743
-1551725
-1411933
-1550642
-1413122
-1549559
-1414310
-1548475
-1415497
-1547390
-1416684
-1546303
-1417869
-1545216
-1419054
-1544128
-1420238
-1543040
-1421421
-1541950
-1422603
-1540859
-1423784
-1539768
-1424965
-1538675
-1426145
-1537582
-1427324
-1536487
-1428502
-1535392
-1429679
-1534296
-1430855
-1533199
-1432031
-1532101
-1433206
-1531002
-1434379
-1529903
-1435552
-1528802
-1436724
-1527700
-1437896
-1526598
-1439066
-1525495
-1440236
-1524391
-1441405
-1523286
-1442573
-1522180
-1443740
-1521073
-1444906
-1519965
-1446071
-1518856
-1447236
-1517747
-1448400
-1516636
-1449562
-1515525
-1450724
-1514412
-1451885
-1513299
-1453046
-1512185
-1454205
-1511070
-1455364
-1509955
-1456521
-1508838
-1457678
-1507720
-1458834
-1506602
-1459989
-1505482
-1461144
-1504362
-1462297
-1503241
-1463449
-1502119
-1464601
-1500996
-1465752
-1499872
-1466902
-1498748
-1468051
-1497622
-1469199
-1496496
-1470346
-1495369
-1471493
-1494240
-1472639
-1493111
-1473784
-1491981
-1474927
-1490851
-1476070
-1489719
-1477212
-1488586
-1478354
-1487453
-1479494
-1486318
-1480634
-1485183
-1481772
-1484047
-1482910
-1482910
-1484047
-1481772
-1485183
-1480634
-1486318
-1479494
-1487453
-1478354
-1488586
-1477212
-1489719
-1476070
-1490851
-1474927
-1491981
-1473784
-1493111
-1472639
-1494240
-1471493
-1495369
-1470346
-1496496
-1469199
-1497622
-1468051
-1498748
-1466902
-1499872
-1465752
-1500996
-1464601
-1502119
-1463449
-1503241
-1462297
-1504362
-1461144
-1505482
-1459989
-1506602
-1458834
-1507720
-1457678
-1508838
-1456521
-1509955
-1455364
-1511070
-1454205
-1512185
-1453046
-1513299
-1451885
-1514412
-1450724
-1515525
-1449562
-1516636
-1448400
-1517747
-1447236
-1518856
-1446071
-1519965
-1444906
-1521073
-1443740
-1522180
-1442573
-1523286
-1441405
-1524391
-1440236
-1525495
-1439066
-1526598
-1437896
-1527700
-1436724
-1528802
-1435552
-1529903
-1434379
-1531002
-1433206
-1532101
-1432031
-1533199
-1430855
-1534296
-1429679
-1535392
-1428502
-1536487
-1427324
-1537582
-1426145
-1538675
-1424965
-1539768
-1423784
-1540859
-1422603
-1541950
-1421421
-1543040
-1420238
-1544128
-1419054
-1545216
-1417869
-1546303
-1416684
-1547390
-1415497
-1548475
-1414310
-1549559
-1413122
-1550642
-1411933
-1551725
-1410743
-1552806
-1409552
-1553887
-1408361
-1554967
-1407169
-1556046
-1405976
-1557124
-1404782
-1558200
-1403587
-1559277
-1402392
-1560352
-1401195
-1561426
-1399998
-1562499
-1398800
-1563572
-1397601
-1564643
-1396402
-1565714
-1395201
-1566784
-1394000
-1567852
-1392798
-1568920
-1391595
-1569987
-1390391
-1571053
-1389186
-1572118
-1387981
-1573182
-1386775
-1574245
-1385568
-1575307
-1384360
-1576369
-1383151
-1577429
-1381942
-1578489
-1380732
-1579547
-1379520
-1580605
-1378309
-1581662
-1377096
-1582717
-1375882
-1583772
-1374668
-1584826
-1373453
-1585879
-1372237
-1586931
-1371020
-1587982
-1369803
-1589032
-1368584
-1590081
-1367365
-1591130
-1366145
-1592177
-1364924
-1593223
-1363703
-1594269
-1362480
-1595314
-1361257
-1596357
-1360033
-1597400
-1358808
-1598441
-1357583
-1599482
-1356356
-1600522
-1355129
-1601561
-1353901
-1602599
-1352672
-1603636
-1351443
-1604672
-1350212
-1605707
-1348981
-1606741
-1347749
-1607774
-1346517
-1608807
-1345283
-1609838
-1344049
-1610869
-1342814
-1611898
-1341578
-1612926
-1340341
-1613954
-1339104
-1614981
-1337865
-1616006
-1336626
-1617031
-1335386
-1618055
-1334146
-1619078
-1332904
-1620100
-1331662
-1621120
-1330419
-1622140
-1329175
-1623159
-1327931
-1624177
-1326685
-1625194
-1325439
-1626210
-1324192
-1627226
-1322945
-1628240
-1321696
-1629253
-1320447
-1630265
-1319197
-1631277
-1317946
-1632287
-1316695
-1633296
-1315442
-1634305
-1314189
-1635312
-1312935
-1636319
-1311681
-1637325
-1310425
-1638329
-1309169
-1639333
-1307912
-1640336
-1306654
-1641337
-1305396
-1642338
-1304137
-1643338
-1302876
-1644336
-1301616
-1645334
-1300354
-1646331
-1299092
-1647327
-1297829
-1648322
-1296565
-1649316
-1295300
-1650309
-1294035
-1651301
-1292769
-1652292
-1291502
-1653282
-1290234
-1654271
-1288966
-1655260
-1287696
-1656247
-1286426
-1657233
-1285156
-1658218
-1283884
-1659202
-1282612
-1660186
-1281339
-1661168
-1280066
-1662149
-1278791
-1663130
-1277516
-1664109
-1276240
-1665087
-1274963
-1666065
-1273686
-1667041
-1272407
-1668016
-1271128
-1668991
-1269849
-1669964
-1268568
-1670937
-1267287
-1671908
-1266005
-1672879
-1264722
-1673848
-1263439
-1674817
-1262155
-1675784
-1260870
-1676751
-1259584
-1677717
-1258298
-1678681
-1257010
-1679645
-1255722
-1680608
-1254434
-1681569
-1253144
-1682530
-1251854
-1683490
-1250564
-1684448
-1249272
-1685406
-1247980
-1686363
-1246686
-1687318
-1245393
-1688273
-1244098
-1689227
-1242803
-1690180
-1241507
-1691131
-1240210
-1692082
-1238913
-1693032
-1237615
-1693980
-1236316
-1694928
-1235016
-1695875
-1233716
-1696821
-1232415
-1697765
-1231113
-1698709
-1229810
-1699652
-1228507
-1700594
-1227203
-1701534
-1225898
-1702474
-1224593
-1703413
-1223287
-1704351
-1221980
-1705287
-1220672
-1706223
-1219364
-1707158
-1218055
-1708092
-1216745
-1709024
-1215435
-1709956
-1214124
-1710887
-1212812
-1711816
-1211499
-1712745
-1210186
-1713673
-1208872
-1714600
-1207557
-1715525
-1206242
-1716450
-1204926
-1717374
-1203609
-1718296
-1202291
-1719218
-1200973
-1720138
-1199654
-1721058
-1198334
-1721977
-1197014
-1722894
-1195693
-1723811
-1194371
-1724726
-1193048
-1725641
-1191725
-1726554
-1190401
-1727467
-1189077
-1728378
-1187752
-1729289
-1186426
-1730198
-1185099
-1731107
-1183772
-1732014
-1182443
-1732921
-1181115
-1733826
-1179785
-1734731
-1178455
-1735634
-1177124
-1736536
-1175792
-1737438
-1174460
-1738338
-1173127
-1739237
-1171794
-1740135
-1170459
-1741033
-1169124
-1741929
-1167789
-1742824
-1166452
-1743718
-1165115
-1744611
-1163777
-1745503
-1162439
-1746394
-1161100
-1747284
-1159760
-1748173
-1158420
-1749061
-1157078
-1749948
-1155736
-1750834
-1154394
-1751719
-1153051
-1752603
-1151707
-1753486
-1150362
-1754368
-1149017
-1755248
-1147671
-1756128
-1146324
-1757007
-1144977
-1757884
-1143629
-1758761
-1142281
-1759637
-1140931
-1760511
-1139582
-1761385
-1138231
-1762257
-1136880
-1763129
-1135528
-1763999
-1134175
-1764869
-1132822
-1765737
-1131468
-1766604
-1130113
-1767470
-1128758
-1768336
-1127402
-1769200
-1126045
-1770063
-1124688
-1770925
-1123330
-1771786
-1121971
-1772646
-1120612
-1773505
-1119252
-1774363
-1117892
-1775220
-1116530
-1776076
-1115168
-1776931
-1113806
-1777784
-1112442
-1778637
-1111079
-1779489
-1109714
-1780340
-1108349
-1781189
-1106983
-1782038
-1105617
-1782885
-1104250
-1783732
-1102882
-1784577
-1101513
-1785421
-1100144
-1786264
-1098774
-1787107
-1097404
-1787948
-1096033
-1788788
-1094662
-1789627
-1093289
-1790465
-1091916
-1791302
-1090543
-1792138
-1089168
-1792973
-1087794
-1793807
-1086418
-1794639
-1085042
-1795471
-1083665
-1796302
-1082288
-1797131
-1080910
-1797960
-1079531
-1798787
-1078152
-1799614
-1076772
-1800439
-1075391
-1801263
-1074010
-1802086
-1072628
-1802909
-1071245
-1803730
-1069862
-1804550
-1068478
-1805369
-1067094
-1806187
-1065709
-1807004
-1064323
-1807819
-1062937
-1808634
-1061550
-1809448
-1060163
-1810260
-1058775
-1811072
-1057386
-1811882
-1055996
-1812692
-1054606
-1813500
-1053216
-1814307
-1051825
-1815114
-1050433
-1815919
-1049040
-1816723
-1047647
-1817526
-1046253
-1818328
-1044859
-1819129
-1043464
-1819928
-1042069
-1820727
-1040672
-1821525
-1039276
-1822321
-1037878
-1823117
-1036480
-1823911
-1035082
-1824705
-1033682
-1825497
-1032282
-1826288
-1030882
-1827078
-1029481
-1827867
-1028079
-1828655
-1026677
-1829442
-1025274
-1830228
-1023871
-1831013
-1022467
-1831796
-1021062
-1832579
-1019657
-1833361
-1018251
-1834141
-1016844
-1834920
-1015437
-1835699
-1014030
-1836476
-1012622
-1837252
-1011213
-1838027
-1009803
-1838801
-1008393
-1839574
-1006982
-1840346
-1005571
-1841116
-1004159
-1841886
-1002747
-1842655
-1001334
-1843422
-999920
-1844189
-998506
-1844954
-997092
-1845718
-995676
-1846481
-994260
-1847243
-992844
-1848004
-991426
-1848764
-990009
-1849523
-988590
-1850281
-987172
-1851037
-985752
-1851793
-984332
-1852547
-982912
-1853300
-981490
-1854053
-980069
-1854804
-978646
-1855554
-977224
-1856303
-975800
-1857051
-974376
-1857798
-972951
-1858543
-971526
-1859288
-970100
-1860031
-968674
-1860774
-967247
-1861515
-965820
-1862255
-964392
-1862994
-962963
-1863732
-961534
-1864470
-960104
-1865205
-958674
-1865940
-957243
-1866674
-955811
-1867406
-954379
-1868138
-952947
-1868868
-951514
-1869597
-950080
-1870326
-948646
-1871052
-947211
-1871778
-945776
-1872503
-944340
-1873227
-942903
-1873950
-941466
-1874671
-940029
-1875392
-938590
-1876111
-937152
-1876829
-935713
-1877546
-934273
-1878262
-932832
-1878977
-931392
-1879691
-929950
-1880404
-928508
-1881116
-927066
-1881826
-925623
-1882535
-924179
-1883244
-922735
-1883951
-921290
-1884657
-919845
-1885362
-918399
-1886066
-916953
-1886768
-915506
-1887470
-914058
-1888171
-912610
-1888870
-911162
-1889568
-909713
-1890266
-908264
-1890962
-906813
-1891656
-905363
-1892350
-903912
-1893043
-902460
-1893735
-901008
-1894425
-899555
-1895115
-898102
-1895803
-896648
-1896490
-895194
-1897176
-893739
-1897861
-892283
-1898545
-890828
-1899228
-889371
-1899909
-887914
-1900590
-886457
-1901269
-884999
-1901947
-883540
-1902624
-882081
-1903300
-880622
-1903975
-879162
-1904649
-877701
-1905322
-876240
-1905993
-874778
-1906663
-873316
-1907333
-871853
-1908001
-870390
-1908668
-868926
-1909334
-867462
-1909998
-865998
-1910662
-864532
-1911325
-863067
-1911986
-861600
-1912646
-860134
-1913306
-858666
-1913964
-857199
-1914620
-855731
-1915276
-854262
-1915931
-852793
-1916584
-851323
-1917237
-849853
-1917888
-848382
-1918538
-846911
-1919187
-845439
-1919835
-843967
-1920482
-842494
-1921127
-841021
-1921772
-839547
-1922415
-838073
-1923058
-836598
-1923699
-835123
-1924338
-833647
-1924977
-832171
-1925615
-830694
-1926252
-829217
-1926887
-827739
-1927521
-826261
-1928154
-824782
-1928787
-823303
-1929418
-821824
-1930047
-820344
-1930676
-818863
-1931303
-817382
-1931930
-815900
-1932555
-814418
-1933179
-812936
-1933802
-811453
-1934424
-809970
-1935044
-808486
-1935664
-807001
-1936282
-805516
-1936900
-804031
-1937516
-802545
-1938131
-801059
-1938744
-799572
-1939357
-798085
-1939969
-796597
-1940579
-795109
-1941188
-793620
-1941797
-792131
-1942404
-790642
-1943010
-789152
-1943614
-787661
-1944218
-786170
-1944820
-784679
-1945421
-783187
-1946022
-781695
-1946620
-780202
-1947218
-778708
-1947815
-777215
-1948410
-775721
-1949005
-774226
-1949598
-772731
-1950190
-771235
-1950781
-769739
-1951371
-768243
-1951960
-766746
-1952547
-765249
-1953134
-763751
-1953719
-762252
-1954303
-760754
-1954886
-759255
-1955468
-757755
-1956048
-756255
-1956628
-754754
-1957206
-753254
-1957783
-751752
-1958359
-750250
-1958934
-748748
-1959508
-747245
-1960080
-745742
-1960652
-744239
-1961222
-742735
-1961791
-741230
-1962359
-739725
-1962926
-738220
-1963491
-736714
-1964056
-735208
-1964619
-733701
-1965181
-732194
-1965742
-730687
-1966302
-729179
-1966861
-727671
-1967418
-726162
-1967975
-724653
-1968530
-723143
-1969084
-721633
-1969637
-720122
-1970189
-718612
-1970739
-717100
-1971289
-715588
-1971837
-714076
-1972384
-712564
-1972930
-711051
-1973475
-709537
-1974018
-708023
-1974561
-706509
-1975102
-704994
-1975642
-703479
-1976181
-701964
-1976719
-700448
-1977256
-698932
-1977791
-697415
-1978326
-695898
-1978859
-694380
-1979391
-692862
-1979922
-691344
-1980451
-689825
-1980980
-688306
-1981507
-686786
-1982033
-685266
-1982558
-683746
-1983082
-682225
-1983605
-680704
-1984126
-679182
-1984647
-677660
-1985166
-676138
-1985684
-674615
-1986201
-673092
-1986716
-671568
-1987231
-670044
-1987744
-668520
-1988256
-666995
-1988768
-665470
-1989277
-663944
-1989786
-662418
-1990293
-660892
-1990800
-659365
-1991305
-657838
-1991809
-656311
-1992312
-654783
-1992813
-653254
-1993314
-651726
-1993813
-650197
-1994311
-648667
-1994808
-647138
-1995304
-645607
-1995798
-644077
-1996292
-642546
-1996784
-641015
-1997275
-639483
-1997765
-637951
-1998254
-636418
-1998741
-634886
-1999228
-633352
-1999713
-631819
-2000197
-630285
-2000680
-628750
-2001161
-627216
-2001642
-625681
-2002121
-624145
-2002599
-622610
-2003076
-621073
-2003552
-619537
-2004026
-618000
-2004500
-616463
-2004972
-614925
-2005443
-613387
-2005913
-611849
-2006382
-610310
-2006849
-608771
-2007316
-607232
-2007781
-605692
-2008245
-604152
-2008708
-602611
-2009169
-601070
-2009630
-599529
-2010089
-597988
-2010547
-596446
-2011004
-594904
-2011459
-593361
-2011914
-591818
-2012367
-590275
-2012819
-588731
-2013270
-587187
-2013720
-585643
-2014169
-584098
-2014616
-582553
-2015062
-581008
-2015507
-579462
-2015951
-577916
-2016394
-576370
-2016835
-574823
-2017276
-573276
-2017715
-571728
-2018153
-570181
-2018589
-568632
-2019025
-567084
-2019459
-565535
-2019892
-563986
-2020324
-562437
-2020755
-560887
-2021185
-559337
-2021613
-557787
-2022040
-556236
-2022466
-554685
-2022891
-553134
-2023315
-551582
-2023738
-550030
-2024159
-548478
-2024579
-546925
-2024998
-545372
-2025415
-543818
-2025832
-542265
-2026247
-540711
-2026661
-539157
-2027074
-537602
-2027486
-536047
-2027897
-534492
-2028306
-532936
-2028714
-531381
-2029121
-529824
-2029527
-528268
-2029931
-526711
-2030335
-525154
-2030737
-523597
-2031138
-522039
-2031538
-520481
-2031936
-518923
-2032334
-517364
-2032730
-515805
-2033125
-514246
-2033519
-512686
-2033912
-511126
-2034303
-509566
-2034693
-508006
-2035082
-506445
-2035470
-504884
-2035857
-503323
-2036242
-501761
-2036626
-500199
-2037009
-498637
-2037391
-497074
-2037772
-495512
-2038151
-493949
-2038530
-492385
-2038907
-490822
-2039282
-489258
-2039657
-487693
-2040031
-486129
-2040403
-484564
-2040774
-482999
-2041144
-481433
-2041512
-479868
-2041880
-478302
-2042246
-476736
-2042611
-475169
-2042975
-473602
-2043338
-472035
-2043699
-470468
-2044059
-468900
-2044418
-467332
-2044776
-465764
-2045133
-464196
-2045488
-462627
-2045843
-461058
-2046196
-459488
-2046547
-457919
-2046898
-456349
-2047248
-454779
-2047596
-453209
-2047943
-451638
-2048288
-450067
-2048633
-448496
-2048976
-446925
-2049319
-445353
-2049660
-443781
-2049999
-442209
-2050338
-440636
-2050675
-439064
-2051012
-437491
-2051346
-435918
-2051680
-434344
-2052013
-432770
-2052344
-431196
-2052674
-429622
-2053003
-428048
-2053331
-426473
-2053657
-424898
-2053982
-423322
-2054307
-421747
-2054630
-420171
-2054951
-418595
-2055272
-417019
-2055591
-415442
-2055909
-413866
-2056226
-412289
-2056541
-410712
-2056856
-409134
-2057169
-407556
-2057481
-405978
-2057792
-404400
-2058101
-402822
-2058410
-401243
-2058717
-399664
-2059023
-398085
-2059327
-396506
-2059631
-394926
-2059933
-393346
-2060234
-391766
-2060534
-390186
-2060833
-388605
-2061130
-387025
-2061426
-385444
-2061722
-383862
-2062015
-382281
-2062308
-380699
-2062599
-379117
-2062890
-377535
-2063178
-375953
-2063466
-374370
-2063753
-372788
-2064038
-371205
-2064322
-369622
-2064605
-368038
-2064887
-366454
-2065167
-364871
-2065446
-363286
-2065724
-361702
-2066001
-360118
-2066277
-358533
-2066551
-356948
-2066824
-355363
-2067096
-353778
-2067367
-352192
-2067637
-350606
-2067905
-349020
-2068172
-347434
-2068438
-345848
-2068703
-344261
-2068966
-342674
-2069228
-341088
-2069489
-339500
-2069749
-337913
-2070008
-336325
-2070265
-334738
-2070521
-333150
-2070776
-331562
-2071030
-329973
-2071282
-328384
-2071533
-326796
-2071784
-325207
-2072032
-323618
-2072280
-322028
-2072526
-320439
-2072771
-318849
-2073015
-317259
-2073258
-315669
-2073500
-314079
-2073740
-312488
-2073979
-310898
-2074217
-309307
-2074453
-307716
-2074689
-306125
-2074923
-304534
-2075156
-302942
-2075388
-301350
-2075618
-299758
-2075848
-298166
-2076076
-296574
-2076302
-294982
-2076528
-293389
-2076752
-291796
-2076976
-290203
-2077198
-288610
-2077418
-287017
-2077638
-285424
-2077856
-283830
-2078073
-282236
-2078289
-280642
-2078504
-279048
-2078717
-277454
-2078930
-275859
-2079140
-274265
-2079350
-272670
-2079559
-271075
-2079766
-269480
-2079972
-267885
-2080177
-266289
-2080381
-264694
-2080583
-263098
-2080784
-261502
-2080984
-259906
-2081183
-258310
-2081380
-256714
-2081577
-255117
-2081772
-253521
-2081966
-251924
-2082158
-250327
-2082350
-248730
-2082540
-247133
-2082729
-245535
-2082916
-243938
-2083103
-242340
-2083288
-240742
-2083472
-239144
-2083655
-237546
-2083836
-235948
-2084017
-234350
-2084196
-232751
-2084374
-231153
-2084551
-229554
-2084726
-227955
-2084900
-226356
-2085073
-224757
-2085245
-223158
-2085416
-221558
-2085585
-219958
-2085753
-218359
-2085920
-216759
-2086086
-215159
-2086250
-213559
-2086413
-211959
-2086575
-210358
-2086736
-208758
-2086895
-207158
-2087054
-205557
-2087211
-203956
-2087366
-202355
-2087521
-200754
-2087674
-199153
-2087826
-197552
-2087977
-195950
-2088127
-194349
-2088276
-192747
-2088423
-191145
-2088569
-189543
-2088714
-187941
-2088857
-186339
-2088999
-184737
-2089140
-183135
-2089280
-181532
-2089419
-179930
-2089556
-178327
-2089692
-176725
-2089827
-175122
-2089961
-173519
-2090094
-171916
-2090225
-170313
-2090355
-168710
-2090484
-167106
-2090611
-165503
-2090738
-163899
-2090863
-162296
-2090986
-160692
-2091109
-159088
-2091230
-157484
-2091351
-155880
-2091470
-154276
-2091587
-152672
-2091704
-151068
-2091819
-149463
-2091933
-147859
-2092046
-146254
-2092157
-144650
-2092268
-143045
-2092377
-141440
-2092485
-139835
-2092591
-138230
-2092697
-136625
-2092801
-135020
-2092904
-133415
-2093006
-131810
-2093106
-130204
-2093205
-128599
-2093303
-126993
-2093400
-125388
-2093496
-123782
-2093590
-122176
-2093683
-120571
-2093775
-118965
-2093866
-117359
-2093955
-115753
-2094043
-114147
-2094130
-112540
-2094216
-110934
-2094300
-109328
-2094384
-107722
-2094466
-106115
-2094546
-104509
-2094626
-102902
-2094704
-101296
-2094781
-99689
-2094857
-98082
-2094932
-96476
-2095005
-94869
-2095077
-93262
-2095148
-91655
-2095218
-90048
-2095286
-88441
-2095354
-86834
-2095420
-85227
-2095484
-83620
-2095548
-82012
-2095610
-80405
-2095671
-78798
-2095731
-77190
-2095790
-75583
-2095847
-73975
-2095903
-72368
-2095958
-70760
-2096012
-69153
-2096064
-67545
-2096115
-65937
-2096165
-64330
-2096214
-62722
-2096261
-61114
-2096308
-59506
-2096352
-57898
-2096396
-56290
-2096439
-54683
-2096480
-53075
-2096520
-51467
-2096559
-49859
-2096597
-48250
-2096633
-46642
-2096668
-45034
-2096702
-43426
-2096735
-41818
-2096766
-40210
-2096797
-38602
-2096826
-36993
-2096853
-35385
-2096880
-33777
-2096905
-32169
-2096929
-30560
-2096952
-28952
-2096974
-27344
-2096994
-25735
-2097013
-24127
-2097031
-22518
-2097048
-20910
-2097063
-19302
-2097077
-17693
-2097090
-16085
-2097102
-14476
-2097112
-12868
-2097122
-11259
-2097130
-9651
-2097136
-8042
-2097142
-6434
-2097146
-4825
-2097150
-3217
-2097151
-1608
