8388607
0
8387976
-102941
8386082
-205867
8382924
-308761
8378504
-411609
8372822
-514396
8365879
-617104
8357676
-719720
8348214
-822227
8337496
-924611
8325522
-1026855
8312294
-1128945
8297814
-1230864
8282084
-1332599
8265108
-1434132
8246886
-1535450
8227423
-1636536
8206721
-1737376
8184783
-1837954
8161612
-1938256
8137212
-2038265
8111586
-2137968
8084740
-2237349
8056675
-2336392
8027397
-2435084
7996911
-2533410
7965220
-2631353
7932329
-2728900
7898244
-2826037
7862970
-2922748
7826511
-3019018
7788874
-3114834
7750063
-3210181
7710086
-3305045
7668947
-3399410
7626654
-3493264
7583212
-3586592
7538628
-3679380
7492908
-3771613
7446061
-3863279
7398092
-3954362
7349008
-4044851
7298819
-4134730
7247530
-4223986
7195149
-4312606
7141685
-4400577
7087145
-4487885
7031538
-4574518
6974873
-4660461
6917156
-4745702
6858398
-4830229
6798608
-4914028
6737793
-4997088
6675964
-5079395
6613129
-5160937
6549298
-5241701
6484482
-5321676
6418688
-5400850
6351928
-5479211
6284212
-5556746
6215548
-5633445
6145949
-5709295
6075425
-5784285
6003985
-5858404
5931642
-5931642
5858404
-6003985
5784285
-6075425
5709295
-6145949
5633445
-6215548
5556746
-6284212
5479211
-6351928
5400850
-6418688
5321676
-6484482
5241701
-6549298
5160937
-6613129
5079395
-6675964
4997088
-6737793
4914028
-6798608
4830229
-6858398
4745702
-6917156
4660461
-6974873
4574518
-7031538
4487885
-7087145
4400577
-7141685
4312606
-7195149
4223986
-7247530
4134730
-7298819
4044851
-7349008
3954362
-7398092
3863279
-7446061
3771613
-7492908
3679380
-7538628
3586592
-7583212
3493264
-7626654
3399410
-7668947
3305045
-7710086
3210181
-7750063
3114834
-7788874
3019018
-7826511
2922748
-7862970
2826037
-7898244
2728900
-7932329
2631353
-7965220
2533410
-7996911
2435084
-8027397
2336392
-8056675
2237349
-8084740
2137968
-8111586
2038265
-8137212
1938256
-8161612
1837954
-8184783
1737376
-8206721
1636536
-8227423
1535450
-8246886
1434132
-8265108
1332599
-8282084
1230864
-8297814
1128945
-8312294
1026855
-8325522
924611
-8337496
822227
-8348214
719720
-8357676
617104
-8365879
514396
-8372822
411609
-8378504
308761
-8382924
205867
-8386082
102941
-8387976
0
-8388608
-102941
-8387976
-205867
-8386082
-308761
-8382924
-411609
-8378504
-514396
-8372822
-617104
-8365879
-719720
-8357676
-822227
-8348214
-924611
-8337496
-1026855
-8325522
-1128945
-8312294
-1230864
-8297814
-1332599
-8282084
-1434132
-8265108
-1535450
-8246886
-1636536
-8227423
-1737376
-8206721
-1837954
-8184783
-1938256
-8161612
-2038265
-8137212
-2137968
-8111586
-2237349
-8084740
-2336392
-8056675
-2435084
-8027397
-2533410
-7996911
-2631353
-7965220
-2728900
-7932329
-2826037
-7898244
-2922748
-7862970
-3019018
-7826511
-3114834
-7788874
-3210181
-7750063
-3305045
-7710086
-3399410
-7668947
-3493264
-7626654
-3586592
-7583212
-3679380
-7538628
-3771613
-7492908
-3863279
-7446061
-3954362
-7398092
-4044851
-7349008
-4134730
-7298819
-4223986
-7247530
-4312606
-7195149
-4400577
-7141685
-4487885
-7087145
-4574518
-7031538
-4660461
-6974873
-4745702
-6917156
-4830229
-6858398
-4914028
-6798608
-4997088
-6737793
-5079395
-6675964
-5160937
-6613129
-5241701
-6549298
-5321676
-6484482
-5400850
-6418688
-5479211
-6351928
-5556746
-6284212
-5633445
-6215548
-5709295
-6145949
-5784285
-6075425
-5858404
-6003985
-5931642
-5931642
-6003985
-5858404
-6075425
-5784285
-6145949
-5709295
-6215548
-5633445
-6284212
-5556746
-6351928
-5479211
-6418688
-5400850
-6484482
-5321676
-6549298
-5241701
-6613129
-5160937
-6675964
-5079395
-6737793
-4997088
-6798608
-4914028
-6858398
-4830229
-6917156
-4745702
-6974873
-4660461
-7031538
-4574518
-7087145
-4487885
-7141685
-4400577
-7195149
-4312606
-7247530
-4223986
-7298819
-4134730
-7349008
-4044851
-7398092
-3954362
-7446061
-3863279
-7492908
-3771613
-7538628
-3679380
-7583212
-3586592
-7626654
-3493264
-7668947
-3399410
-7710086
-3305045
-7750063
-3210181
-7788874
-3114834
-7826511
-3019018
-7862970
-2922748
-7898244
-2826037
-7932329
-2728900
-7965220
-2631353
-7996911
-2533410
-8027397
-2435084
-8056675
-2336392
-8084740
-2237349
-8111586
-2137968
-8137212
-2038265
-8161612
-1938256
-8184783
-1837954
-8206721
-1737376
-8227423
-1636536
-8246886
-1535450
-8265108
-1434132
-8282084
-1332599
-8297814
-1230864
-8312294
-1128945
-8325522
-1026855
-8337496
-924611
-8348214
-822227
-8357676
-719720
-8365879
-617104
-8372822
-514396
-8378504
-411609
-8382924
-308761
-8386082
-205867
-8387976
-102941
