8191
0
8190
-201
8182
-402
8170
-603
8152
-803
8130
-1003
8103
-1202
8071
-1400
8034
-1598
7993
-1795
7946
-1990
7895
-2185
7839
-2378
7778
-2570
7713
-2760
7643
-2948
7568
-3135
7489
-3320
7405
-3502
7317
-3683
7225
-3862
7128
-4038
7026
-4212
6921
-4383
6811
-4551
6698
-4717
6580
-4880
6458
-5040
6332
-5197
6203
-5351
6070
-5501
5933
-5649
5792
-5792
5649
-5933
5501
-6070
5351
-6203
5197
-6332
5040
-6458
4880
-6580
4717
-6698
4551
-6811
4383
-6921
4212
-7026
4038
-7128
3862
-7225
3683
-7317
3502
-7405
3320
-7489
3135
-7568
2948
-7643
2760
-7713
2570
-7778
2378
-7839
2185
-7895
1990
-7946
1795
-7993
1598
-8034
1400
-8071
1202
-8103
1003
-8130
803
-8152
603
-8170
402
-8182
201
-8190
0
-8192
-201
-8190
-402
-8182
-603
-8170
-803
-8152
-1003
-8130
-1202
-8103
-1400
-8071
-1598
-8034
-1795
-7993
-1990
-7946
-2185
-7895
-2378
-7839
-2570
-7778
-2760
-7713
-2948
-7643
-3135
-7568
-3320
-7489
-3502
-7405
-3683
-7317
-3862
-7225
-4038
-7128
-4212
-7026
-4383
-6921
-4551
-6811
-4717
-6698
-4880
-6580
-5040
-6458
-5197
-6332
-5351
-6203
-5501
-6070
-5649
-5933
-5792
-5792
-5933
-5649
-6070
-5501
-6203
-5351
-6332
-5197
-6458
-5040
-6580
-4880
-6698
-4717
-6811
-4551
-6921
-4383
-7026
-4212
-7128
-4038
-7225
-3862
-7317
-3683
-7405
-3502
-7489
-3320
-7568
-3135
-7643
-2948
-7713
-2760
-7778
-2570
-7839
-2378
-7895
-2185
-7946
-1990
-7993
-1795
-8034
-1598
-8071
-1400
-8103
-1202
-8130
-1003
-8152
-803
-8170
-603
-8182
-402
-8190
-201
