2097151
0
2097142
-6434
2097112
-12868
2097063
-19302
2096994
-25735
2096905
-32169
2096797
-38602
2096668
-45034
2096520
-51467
2096352
-57898
2096165
-64330
2095958
-70760
2095731
-77190
2095484
-83620
2095218
-90048
2094932
-96476
2094626
-102902
2094300
-109328
2093955
-115753
2093590
-122176
2093205
-128599
2092801
-135020
2092377
-141440
2091933
-147859
2091470
-154276
2090986
-160692
2090484
-167106
2089961
-173519
2089419
-179930
2088857
-186339
2088276
-192747
2087674
-199153
2087054
-205557
2086413
-211959
2085753
-218359
2085073
-224757
2084374
-231153
2083655
-237546
2082916
-243938
2082158
-250327
2081380
-256714
2080583
-263098
2079766
-269480
2078930
-275859
2078073
-282236
2077198
-288610
2076302
-294982
2075388
-301350
2074453
-307716
2073500
-314079
2072526
-320439
2071533
-326796
2070521
-333150
2069489
-339500
2068438
-345848
2067367
-352192
2066277
-358533
2065167
-364871
2064038
-371205
2062890
-377535
2061722
-383862
2060534
-390186
2059327
-396506
2058101
-402822
2056856
-409134
2055591
-415442
2054307
-421747
2053003
-428048
2051680
-434344
2050338
-440636
2048976
-446925
2047596
-453209
2046196
-459488
2044776
-465764
2043338
-472035
2041880
-478302
2040403
-484564
2038907
-490822
2037391
-497074
2035857
-503323
2034303
-509566
2032730
-515805
2031138
-522039
2029527
-528268
2027897
-534492
2026247
-540711
2024579
-546925
2022891
-553134
2021185
-559337
2019459
-565535
2017715
-571728
2015951
-577916
2014169
-584098
2012367
-590275
2010547
-596446
2008708
-602611
2006849
-608771
2004972
-614925
2003076
-621073
2001161
-627216
1999228
-633352
1997275
-639483
1995304
-645607
1993314
-651726
1991305
-657838
1989277
-663944
1987231
-670044
1985166
-676138
1983082
-682225
1980980
-688306
1978859
-694380
1976719
-700448
1974561
-706509
1972384
-712564
1970189
-718612
1967975
-724653
1965742
-730687
1963491
-736714
1961222
-742735
1958934
-748748
1956628
-754754
1954303
-760754
1951960
-766746
1949598
-772731
1947218
-778708
1944820
-784679
1942404
-790642
1939969
-796597
1937516
-802545
1935044
-808486
1932555
-814418
1930047
-820344
1927521
-826261
1924977
-832171
1922415
-838073
1919835
-843967
1917237
-849853
1914620
-855731
1911986
-861600
1909334
-867462
1906663
-873316
1903975
-879162
1901269
-884999
1898545
-890828
1895803
-896648
1893043
-902460
1890266
-908264
1887470
-914058
1884657
-919845
1881826
-925623
1878977
-931392
1876111
-937152
1873227
-942903
1870326
-948646
1867406
-954379
1864470
-960104
1861515
-965820
1858543
-971526
1855554
-977224
1852547
-982912
1849523
-988590
1846481
-994260
1843422
-999920
1840346
-1005571
1837252
-1011213
1834141
-1016844
1831013
-1022467
1827867
-1028079
1824705
-1033682
1821525
-1039276
1818328
-1044859
1815114
-1050433
1811882
-1055996
1808634
-1061550
1805369
-1067094
1802086
-1072628
1798787
-1078152
1795471
-1083665
1792138
-1089168
1788788
-1094662
1785421
-1100144
1782038
-1105617
1778637
-1111079
1775220
-1116530
1771786
-1121971
1768336
-1127402
1764869
-1132822
1761385
-1138231
1757884
-1143629
1754368
-1149017
1750834
-1154394
1747284
-1159760
1743718
-1165115
1740135
-1170459
1736536
-1175792
1732921
-1181115
1729289
-1186426
1725641
-1191725
1721977
-1197014
1718296
-1202291
1714600
-1207557
1710887
-1212812
1707158
-1218055
1703413
-1223287
1699652
-1228507
1695875
-1233716
1692082
-1238913
1688273
-1244098
1684448
-1249272
1680608
-1254434
1676751
-1259584
1672879
-1264722
1668991
-1269849
1665087
-1274963
1661168
-1280066
1657233
-1285156
1653282
-1290234
1649316
-1295300
1645334
-1300354
1641337
-1305396
1637325
-1310425
1633296
-1315442
1629253
-1320447
1625194
-1325439
1621120
-1330419
1617031
-1335386
1612926
-1340341
1608807
-1345283
1604672
-1350212
1600522
-1355129
1596357
-1360033
1592177
-1364924
1587982
-1369803
1583772
-1374668
1579547
-1379520
1575307
-1384360
1571053
-1389186
1566784
-1394000
1562499
-1398800
1558200
-1403587
1553887
-1408361
1549559
-1413122
1545216
-1417869
1540859
-1422603
1536487
-1427324
1532101
-1432031
1527700
-1436724
1523286
-1441405
1518856
-1446071
1514412
-1450724
1509955
-1455364
1505482
-1459989
1500996
-1464601
1496496
-1469199
1491981
-1473784
1487453
-1478354
1482910
-1482910
1478354
-1487453
1473784
-1491981
1469199
-1496496
1464601
-1500996
1459989
-1505482
1455364
-1509955
1450724
-1514412
1446071
-1518856
1441405
-1523286
1436724
-1527700
1432031
-1532101
1427324
-1536487
1422603
-1540859
1417869
-1545216
1413122
-1549559
1408361
-1553887
1403587
-1558200
1398800
-1562499
1394000
-1566784
1389186
-1571053
1384360
-1575307
1379520
-1579547
1374668
-1583772
1369803
-1587982
1364924
-1592177
1360033
-1596357
1355129
-1600522
1350212
-1604672
1345283
-1608807
1340341
-1612926
1335386
-1617031
1330419
-1621120
1325439
-1625194
1320447
-1629253
1315442
-1633296
1310425
-1637325
1305396
-1641337
1300354
-1645334
1295300
-1649316
1290234
-1653282
1285156
-1657233
1280066
-1661168
1274963
-1665087
1269849
-1668991
1264722
-1672879
1259584
-1676751
1254434
-1680608
1249272
-1684448
1244098
-1688273
1238913
-1692082
1233716
-1695875
1228507
-1699652
1223287
-1703413
1218055
-1707158
1212812
-1710887
1207557
-1714600
1202291
-1718296
1197014
-1721977
1191725
-1725641
1186426
-1729289
1181115
-1732921
1175792
-1736536
1170459
-1740135
1165115
-1743718
1159760
-1747284
1154394
-1750834
1149017
-1754368
1143629
-1757884
1138231
-1761385
1132822
-1764869
1127402
-1768336
1121971
-1771786
1116530
-1775220
1111079
-1778637
1105617
-1782038
1100144
-1785421
1094662
-1788788
1089168
-1792138
1083665
-1795471
1078152
-1798787
1072628
-1802086
1067094
-1805369
1061550
-1808634
1055996
-1811882
1050433
-1815114
1044859
-1818328
1039276
-1821525
1033682
-1824705
1028079
-1827867
1022467
-1831013
1016844
-1834141
1011213
-1837252
1005571
-1840346
999920
-1843422
994260
-1846481
988590
-1849523
982912
-1852547
977224
-1855554
971526
-1858543
965820
-1861515
960104
-1864470
954379
-1867406
948646
-1870326
942903
-1873227
937152
-1876111
931392
-1878977
925623
-1881826
919845
-1884657
914058
-1887470
908264
-1890266
902460
-1893043
896648
-1895803
890828
-1898545
884999
-1901269
879162
-1903975
873316
-1906663
867462
-1909334
861600
-1911986
855731
-1914620
849853
-1917237
843967
-1919835
838073
-1922415
832171
-1924977
826261
-1927521
820344
-1930047
814418
-1932555
808486
-1935044
802545
-1937516
796597
-1939969
790642
-1942404
784679
-1944820
778708
-1947218
772731
-1949598
766746
-1951960
760754
-1954303
754754
-1956628
748748
-1958934
742735
-1961222
736714
-1963491
730687
-1965742
724653
-1967975
718612
-1970189
712564
-1972384
706509
-1974561
700448
-1976719
694380
-1978859
688306
-1980980
682225
-1983082
676138
-1985166
670044
-1987231
663944
-1989277
657838
-1991305
651726
-1993314
645607
-1995304
639483
-1997275
633352
-1999228
627216
-2001161
621073
-2003076
614925
-2004972
608771
-2006849
602611
-2008708
596446
-2010547
590275
-2012367
584098
-2014169
577916
-2015951
571728
-2017715
565535
-2019459
559337
-2021185
553134
-2022891
546925
-2024579
540711
-2026247
534492
-2027897
528268
-2029527
522039
-2031138
515805
-2032730
509566
-2034303
503323
-2035857
497074
-2037391
490822
-2038907
484564
-2040403
478302
-2041880
472035
-2043338
465764
-2044776
459488
-2046196
453209
-2047596
446925
-2048976
440636
-2050338
434344
-2051680
428048
-2053003
421747
-2054307
415442
-2055591
409134
-2056856
402822
-2058101
396506
-2059327
390186
-2060534
383862
-2061722
377535
-2062890
371205
-2064038
364871
-2065167
358533
-2066277
352192
-2067367
345848
-2068438
339500
-2069489
333150
-2070521
326796
-2071533
320439
-2072526
314079
-2073500
307716
-2074453
301350
-2075388
294982
-2076302
288610
-2077198
282236
-2078073
275859
-2078930
269480
-2079766
263098
-2080583
256714
-2081380
250327
-2082158
243938
-2082916
237546
-2083655
231153
-2084374
224757
-2085073
218359
-2085753
211959
-2086413
205557
-2087054
199153
-2087674
192747
-2088276
186339
-2088857
179930
-2089419
173519
-2089961
167106
-2090484
160692
-2090986
154276
-2091470
147859
-2091933
141440
-2092377
135020
-2092801
128599
-2093205
122176
-2093590
115753
-2093955
109328
-2094300
102902
-2094626
96476
-2094932
90048
-2095218
83620
-2095484
77190
-2095731
70760
-2095958
64330
-2096165
57898
-2096352
51467
-2096520
45034
-2096668
38602
-2096797
32169
-2096905
25735
-2096994
19302
-2097063
12868
-2097112
6434
-2097142
0
-2097152
-6434
-2097142
-12868
-2097112
-19302
-2097063
-25735
-2096994
-32169
-2096905
-38602
-2096797
-45034
-2096668
-51467
-2096520
-57898
-2096352
-64330
-2096165
-70760
-2095958
-77190
-2095731
-83620
-2095484
-90048
-2095218
-96476
-2094932
-102902
-2094626
-109328
-2094300
-115753
-2093955
-122176
-2093590
-128599
-2093205
-135020
-2092801
-141440
-2092377
-147859
-2091933
-154276
-2091470
-160692
-2090986
-167106
-2090484
-173519
-2089961
-179930
-2089419
-186339
-2088857
-192747
-2088276
-199153
-2087674
-205557
-2087054
-211959
-2086413
-218359
-2085753
-224757
-2085073
-231153
-2084374
-237546
-2083655
-243938
-2082916
-250327
-2082158
-256714
-2081380
-263098
-2080583
-269480
-2079766
-275859
-2078930
-282236
-2078073
-288610
-2077198
-294982
-2076302
-301350
-2075388
-307716
-2074453
-314079
-2073500
-320439
-2072526
-326796
-2071533
-333150
-2070521
-339500
-2069489
-345848
-2068438
-352192
-2067367
-358533
-2066277
-364871
-2065167
-371205
-2064038
-377535
-2062890
-383862
-2061722
-390186
-2060534
-396506
-2059327
-402822
-2058101
-409134
-2056856
-415442
-2055591
-421747
-2054307
-428048
-2053003
-434344
-2051680
-440636
-2050338
-446925
-2048976
-453209
-2047596
-459488
-2046196
-465764
-2044776
-472035
-2043338
-478302
-2041880
-484564
-2040403
-490822
-2038907
-497074
-2037391
-503323
-2035857
-509566
-2034303
-515805
-2032730
-522039
-2031138
-528268
-2029527
-534492
-2027897
-540711
-2026247
-546925
-2024579
-553134
-2022891
-559337
-2021185
-565535
-2019459
-571728
-2017715
-577916
-2015951
-584098
-2014169
-590275
-2012367
-596446
-2010547
-602611
-2008708
-608771
-2006849
-614925
-2004972
-621073
-2003076
-627216
-2001161
-633352
-1999228
-639483
-1997275
-645607
-1995304
-651726
-1993314
-657838
-1991305
-663944
-1989277
-670044
-1987231
-676138
-1985166
-682225
-1983082
-688306
-1980980
-694380
-1978859
-700448
-1976719
-706509
-1974561
-712564
-1972384
-718612
-1970189
-724653
-1967975
-730687
-1965742
-736714
-1963491
-742735
-1961222
-748748
-1958934
-754754
-1956628
-760754
-1954303
-766746
-1951960
-772731
-1949598
-778708
-1947218
-784679
-1944820
-790642
-1942404
-796597
-1939969
-802545
-1937516
-808486
-1935044
-814418
-1932555
-820344
-1930047
-826261
-1927521
-832171
-1924977
-838073
-1922415
-843967
-1919835
-849853
-1917237
-855731
-1914620
-861600
-1911986
-867462
-1909334
-873316
-1906663
-879162
-1903975
-884999
-1901269
-890828
-1898545
-896648
-1895803
-902460
-1893043
-908264
-1890266
-914058
-1887470
-919845
-1884657
-925623
-1881826
-931392
-1878977
-937152
-1876111
-942903
-1873227
-948646
-1870326
-954379
-1867406
-960104
-1864470
-965820
-1861515
-971526
-1858543
-977224
-1855554
-982912
-1852547
-988590
-1849523
-994260
-1846481
-999920
-1843422
-1005571
-1840346
-1011213
-1837252
-1016844
-1834141
-1022467
-1831013
-1028079
-1827867
-1033682
-1824705
-1039276
-1821525
-1044859
-1818328
-1050433
-1815114
-1055996
-1811882
-1061550
-1808634
-1067094
-1805369
-1072628
-1802086
-1078152
-1798787
-1083665
-1795471
-1089168
-1792138
-1094662
-1788788
-1100144
-1785421
-1105617
-1782038
-1111079
-1778637
-1116530
-1775220
-1121971
-1771786
-1127402
-1768336
-1132822
-1764869
-1138231
-1761385
-1143629
-1757884
-1149017
-1754368
-1154394
-1750834
-1159760
-1747284
-1165115
-1743718
-1170459
-1740135
-1175792
-1736536
-1181115
-1732921
-1186426
-1729289
-1191725
-1725641
-1197014
-1721977
-1202291
-1718296
-1207557
-1714600
-1212812
-1710887
-1218055
-1707158
-1223287
-1703413
-1228507
-1699652
-1233716
-1695875
-1238913
-1692082
-1244098
-1688273
-1249272
-1684448
-1254434
-1680608
-1259584
-1676751
-1264722
-1672879
-1269849
-1668991
-1274963
-1665087
-1280066
-1661168
-1285156
-1657233
-1290234
-1653282
-1295300
-1649316
-1300354
-1645334
-1305396
-1641337
-1310425
-1637325
-1315442
-1633296
-1320447
-1629253
-1325439
-1625194
-1330419
-1621120
-1335386
-1617031
-1340341
-1612926
-1345283
-1608807
-1350212
-1604672
-1355129
-1600522
-1360033
-1596357
-1364924
-1592177
-1369803
-1587982
-1374668
-1583772
-1379520
-1579547
-1384360
-1575307
-1389186
-1571053
-1394000
-1566784
-1398800
-1562499
-1403587
-1558200
-1408361
-1553887
-1413122
-1549559
-1417869
-1545216
-1422603
-1540859
-1427324
-1536487
-1432031
-1532101
-1436724
-1527700
-1441405
-1523286
-1446071
-1518856
-1450724
-1514412
-1455364
-1509955
-1459989
-1505482
-1464601
-1500996
-1469199
-1496496
-1473784
-1491981
-1478354
-1487453
-1482910
-1482910
-1487453
-1478354
-1491981
-1473784
-1496496
-1469199
-1500996
-1464601
-1505482
-1459989
-1509955
-1455364
-1514412
-1450724
-1518856
-1446071
-1523286
-1441405
-1527700
-1436724
-1532101
-1432031
-1536487
-1427324
-1540859
-1422603
-1545216
-1417869
-1549559
-1413122
-1553887
-1408361
-1558200
-1403587
-1562499
-1398800
-1566784
-1394000
-1571053
-1389186
-1575307
-1384360
-1579547
-1379520
-1583772
-1374668
-1587982
-1369803
-1592177
-1364924
-1596357
-1360033
-1600522
-1355129
-1604672
-1350212
-1608807
-1345283
-1612926
-1340341
-1617031
-1335386
-1621120
-1330419
-1625194
-1325439
-1629253
-1320447
-1633296
-1315442
-1637325
-1310425
-1641337
-1305396
-1645334
-1300354
-1649316
-1295300
-1653282
-1290234
-1657233
-1285156
-1661168
-1280066
-1665087
-1274963
-1668991
-1269849
-1672879
-1264722
-1676751
-1259584
-1680608
-1254434
-1684448
-1249272
-1688273
-1244098
-1692082
-1238913
-1695875
-1233716
-1699652
-1228507
-1703413
-1223287
-1707158
-1218055
-1710887
-1212812
-1714600
-1207557
-1718296
-1202291
-1721977
-1197014
-1725641
-1191725
-1729289
-1186426
-1732921
-1181115
-1736536
-1175792
-1740135
-1170459
-1743718
-1165115
-1747284
-1159760
-1750834
-1154394
-1754368
-1149017
-1757884
-1143629
-1761385
-1138231
-1764869
-1132822
-1768336
-1127402
-1771786
-1121971
-1775220
-1116530
-1778637
-1111079
-1782038
-1105617
-1785421
-1100144
-1788788
-1094662
-1792138
-1089168
-1795471
-1083665
-1798787
-1078152
-1802086
-1072628
-1805369
-1067094
-1808634
-1061550
-1811882
-1055996
-1815114
-1050433
-1818328
-1044859
-1821525
-1039276
-1824705
-1033682
-1827867
-1028079
-1831013
-1022467
-1834141
-1016844
-1837252
-1011213
-1840346
-1005571
-1843422
-999920
-1846481
-994260
-1849523
-988590
-1852547
-982912
-1855554
-977224
-1858543
-971526
-1861515
-965820
-1864470
-960104
-1867406
-954379
-1870326
-948646
-1873227
-942903
-1876111
-937152
-1878977
-931392
-1881826
-925623
-1884657
-919845
-1887470
-914058
-1890266
-908264
-1893043
-902460
-1895803
-896648
-1898545
-890828
-1901269
-884999
-1903975
-879162
-1906663
-873316
-1909334
-867462
-1911986
-861600
-1914620
-855731
-1917237
-849853
-1919835
-843967
-1922415
-838073
-1924977
-832171
-1927521
-826261
-1930047
-820344
-1932555
-814418
-1935044
-808486
-1937516
-802545
-1939969
-796597
-1942404
-790642
-1944820
-784679
-1947218
-778708
-1949598
-772731
-1951960
-766746
-1954303
-760754
-1956628
-754754
-1958934
-748748
-1961222
-742735
-1963491
-736714
-1965742
-730687
-1967975
-724653
-1970189
-718612
-1972384
-712564
-1974561
-706509
-1976719
-700448
-1978859
-694380
-1980980
-688306
-1983082
-682225
-1985166
-676138
-1987231
-670044
-1989277
-663944
-1991305
-657838
-1993314
-651726
-1995304
-645607
-1997275
-639483
-1999228
-633352
-2001161
-627216
-2003076
-621073
-2004972
-614925
-2006849
-608771
-2008708
-602611
-2010547
-596446
-2012367
-590275
-2014169
-584098
-2015951
-577916
-2017715
-571728
-2019459
-565535
-2021185
-559337
-2022891
-553134
-2024579
-546925
-2026247
-540711
-2027897
-534492
-2029527
-528268
-2031138
-522039
-2032730
-515805
-2034303
-509566
-2035857
-503323
-2037391
-497074
-2038907
-490822
-2040403
-484564
-2041880
-478302
-2043338
-472035
-2044776
-465764
-2046196
-459488
-2047596
-453209
-2048976
-446925
-2050338
-440636
-2051680
-434344
-2053003
-428048
-2054307
-421747
-2055591
-415442
-2056856
-409134
-2058101
-402822
-2059327
-396506
-2060534
-390186
-2061722
-383862
-2062890
-377535
-2064038
-371205
-2065167
-364871
-2066277
-358533
-2067367
-352192
-2068438
-345848
-2069489
-339500
-2070521
-333150
-2071533
-326796
-2072526
-320439
-2073500
-314079
-2074453
-307716
-2075388
-301350
-2076302
-294982
-2077198
-288610
-2078073
-282236
-2078930
-275859
-2079766
-269480
-2080583
-263098
-2081380
-256714
-2082158
-250327
-2082916
-243938
-2083655
-237546
-2084374
-231153
-2085073
-224757
-2085753
-218359
-2086413
-211959
-2087054
-205557
-2087674
-199153
-2088276
-192747
-2088857
-186339
-2089419
-179930
-2089961
-173519
-2090484
-167106
-2090986
-160692
-2091470
-154276
-2091933
-147859
-2092377
-141440
-2092801
-135020
-2093205
-128599
-2093590
-122176
-2093955
-115753
-2094300
-109328
-2094626
-102902
-2094932
-96476
-2095218
-90048
-2095484
-83620
-2095731
-77190
-2095958
-70760
-2096165
-64330
-2096352
-57898
-2096520
-51467
-2096668
-45034
-2096797
-38602
-2096905
-32169
-2096994
-25735
-2097063
-19302
-2097112
-12868
-2097142
-6434
