131071
0
131032
-3217
130914
-6431
130717
-9642
130441
-12847
130086
-16044
129653
-19232
129142
-22408
128553
-25571
127887
-28718
127144
-31848
126324
-34958
125428
-38048
124456
-41115
123410
-44157
122289
-47172
121095
-50159
119827
-53116
118488
-56040
117077
-58931
115595
-61787
114044
-64605
112424
-67384
110737
-70123
108982
-72820
107162
-75472
105278
-78079
103330
-80640
101320
-83151
99249
-85613
97118
-88022
94928
-90379
92682
-92682
90379
-94928
88022
-97118
85613
-99249
83151
-101320
80640
-103330
78079
-105278
75472
-107162
72820
-108982
70123
-110737
67384
-112424
64605
-114044
61787
-115595
58931
-117077
56040
-118488
53116
-119827
50159
-121095
47172
-122289
44157
-123410
41115
-124456
38048
-125428
34958
-126324
31848
-127144
28718
-127887
25571
-128553
22408
-129142
19232
-129653
16044
-130086
12847
-130441
9642
-130717
6431
-130914
3217
-131032
0
-131072
-3217
-131032
-6431
-130914
-9642
-130717
-12847
-130441
-16044
-130086
-19232
-129653
-22408
-129142
-25571
-128553
-28718
-127887
-31848
-127144
-34958
-126324
-38048
-125428
-41115
-124456
-44157
-123410
-47172
-122289
-50159
-121095
-53116
-119827
-56040
-118488
-58931
-117077
-61787
-115595
-64605
-114044
-67384
-112424
-70123
-110737
-72820
-108982
-75472
-107162
-78079
-105278
-80640
-103330
-83151
-101320
-85613
-99249
-88022
-97118
-90379
-94928
-92682
-92682
-94928
-90379
-97118
-88022
-99249
-85613
-101320
-83151
-103330
-80640
-105278
-78079
-107162
-75472
-108982
-72820
-110737
-70123
-112424
-67384
-114044
-64605
-115595
-61787
-117077
-58931
-118488
-56040
-119827
-53116
-121095
-50159
-122289
-47172
-123410
-44157
-124456
-41115
-125428
-38048
-126324
-34958
-127144
-31848
-127887
-28718
-128553
-25571
-129142
-22408
-129653
-19232
-130086
-16044
-130441
-12847
-130717
-9642
-130914
-6431
-131032
-3217
