1048575
0
1048497
-12868
1048260
-25733
1047865
-38595
1047313
-51451
1046603
-64299
1045735
-77138
1044709
-89965
1043527
-102778
1042187
-115576
1040690
-128357
1039037
-141118
1037227
-153858
1035260
-166575
1033138
-179266
1030861
-191931
1028428
-204567
1025840
-217172
1023098
-229744
1020201
-242282
1017151
-254783
1013948
-267246
1010592
-279668
1007084
-292049
1003425
-304386
999614
-316676
995652
-328919
991541
-341112
987280
-353254
982871
-365343
978314
-377377
973609
-389354
968758
-401273
963761
-413130
958618
-424926
953332
-436658
947901
-448324
942328
-459922
936614
-471452
930758
-482910
924761
-494295
918626
-505606
912352
-516841
905941
-527998
899394
-539076
892710
-550072
885893
-560986
878942
-571815
871859
-582558
864644
-593213
857300
-603779
849826
-614254
842224
-624636
834495
-634924
826641
-645117
818662
-655213
810560
-665210
802336
-675106
793991
-684901
785526
-694593
776944
-704180
768244
-713662
759428
-723036
750498
-732300
741455
-741455
732300
-750498
723036
-759428
713662
-768244
704180
-776944
694593
-785526
684901
-793991
675106
-802336
665210
-810560
655213
-818662
645117
-826641
634924
-834495
624636
-842224
614254
-849826
603779
-857300
593213
-864644
582558
-871859
571815
-878942
560986
-885893
550072
-892710
539076
-899394
527998
-905941
516841
-912352
505606
-918626
494295
-924761
482910
-930758
471452
-936614
459922
-942328
448324
-947901
436658
-953332
424926
-958618
413130
-963761
401273
-968758
389354
-973609
377377
-978314
365343
-982871
353254
-987280
341112
-991541
328919
-995652
316676
-999614
304386
-1003425
292049
-1007084
279668
-1010592
267246
-1013948
254783
-1017151
242282
-1020201
229744
-1023098
217172
-1025840
204567
-1028428
191931
-1030861
179266
-1033138
166575
-1035260
153858
-1037227
141118
-1039037
128357
-1040690
115576
-1042187
102778
-1043527
89965
-1044709
77138
-1045735
64299
-1046603
51451
-1047313
38595
-1047865
25733
-1048260
12868
-1048497
0
-1048576
-12868
-1048497
-25733
-1048260
-38595
-1047865
-51451
-1047313
-64299
-1046603
-77138
-1045735
-89965
-1044709
-102778
-1043527
-115576
-1042187
-128357
-1040690
-141118
-1039037
-153858
-1037227
-166575
-1035260
-179266
-1033138
-191931
-1030861
-204567
-1028428
-217172
-1025840
-229744
-1023098
-242282
-1020201
-254783
-1017151
-267246
-1013948
-279668
-1010592
-292049
-1007084
-304386
-1003425
-316676
-999614
-328919
-995652
-341112
-991541
-353254
-987280
-365343
-982871
-377377
-978314
-389354
-973609
-401273
-968758
-413130
-963761
-424926
-958618
-436658
-953332
-448324
-947901
-459922
-942328
-471452
-936614
-482910
-930758
-494295
-924761
-505606
-918626
-516841
-912352
-527998
-905941
-539076
-899394
-550072
-892710
-560986
-885893
-571815
-878942
-582558
-871859
-593213
-864644
-603779
-857300
-614254
-849826
-624636
-842224
-634924
-834495
-645117
-826641
-655213
-818662
-665210
-810560
-675106
-802336
-684901
-793991
-694593
-785526
-704180
-776944
-713662
-768244
-723036
-759428
-732300
-750498
-741455
-741455
-750498
-732300
-759428
-723036
-768244
-713662
-776944
-704180
-785526
-694593
-793991
-684901
-802336
-675106
-810560
-665210
-818662
-655213
-826641
-645117
-834495
-634924
-842224
-624636
-849826
-614254
-857300
-603779
-864644
-593213
-871859
-582558
-878942
-571815
-885893
-560986
-892710
-550072
-899394
-539076
-905941
-527998
-912352
-516841
-918626
-505606
-924761
-494295
-930758
-482910
-936614
-471452
-942328
-459922
-947901
-448324
-953332
-436658
-958618
-424926
-963761
-413130
-968758
-401273
-973609
-389354
-978314
-377377
-982871
-365343
-987280
-353254
-991541
-341112
-995652
-328919
-999614
-316676
-1003425
-304386
-1007084
-292049
-1010592
-279668
-1013948
-267246
-1017151
-254783
-1020201
-242282
-1023098
-229744
-1025840
-217172
-1028428
-204567
-1030861
-191931
-1033138
-179266
-1035260
-166575
-1037227
-153858
-1039037
-141118
-1040690
-128357
-1042187
-115576
-1043527
-102778
-1044709
-89965
-1045735
-77138
-1046603
-64299
-1047313
-51451
-1047865
-38595
-1048260
-25733
-1048497
-12868
