4095
0
4095
-3
4095
-6
4095
-9
4095
-12
4095
-16
4095
-19
4095
-22
4095
-25
4095
-28
4095
-31
4095
-34
4095
-38
4095
-41
4095
-44
4095
-47
4095
-50
4095
-53
4095
-56
4095
-60
4095
-63
4095
-66
4095
-69
4095
-72
4095
-75
4095
-78
4095
-82
4095
-85
4095
-88
4095
-91
4095
-94
4095
-97
4095
-100
4095
-104
4094
-107
4094
-110
4094
-113
4094
-116
4094
-119
4094
-122
4094
-126
4094
-129
4094
-132
4094
-135
4094
-138
4094
-141
4093
-144
4093
-148
4093
-151
4093
-154
4093
-157
4093
-160
4093
-163
4092
-166
4092
-170
4092
-173
4092
-176
4092
-179
4092
-182
4092
-185
4092
-188
4092
-192
4091
-195
4091
-198
4091
-201
4091
-204
4091
-207
4090
-210
4090
-214
4090
-217
4090
-220
4090
-223
4090
-226
4090
-229
4089
-232
4089
-235
4089
-239
4089
-242
4089
-245
4088
-248
4088
-251
4088
-254
4088
-257
4088
-260
4088
-264
4087
-267
4087
-270
4087
-273
4087
-276
4086
-279
4086
-282
4086
-286
4086
-289
4086
-292
4085
-295
4085
-298
4085
-301
4085
-304
4084
-308
4084
-311
4084
-314
4084
-317
4083
-320
4083
-323
4083
-326
4083
-330
4082
-333
4082
-336
4082
-339
4082
-342
4081
-345
4081
-348
4081
-351
4081
-354
4080
-358
4080
-361
4080
-364
4080
-367
4079
-370
4079
-373
4079
-376
4078
-380
4078
-383
4078
-386
4077
-389
4077
-392
4077
-395
4076
-398
4076
-401
4076
-404
4076
-408
4075
-411
4075
-414
4075
-417
4074
-420
4074
-423
4074
-426
4073
-430
4073
-433
4073
-436
4072
-439
4072
-442
4072
-445
4071
-448
4071
-451
4071
-454
4070
-458
4070
-461
4070
-464
4069
-467
4069
-470
4068
-473
4068
-476
4068
-480
4067
-483
4067
-486
4067
-489
4066
-492
4066
-495
4066
-498
4065
-501
4065
-504
4064
-508
4064
-511
4064
-514
4063
-517
4063
-520
4062
-523
4062
-526
4062
-529
4061
-532
4061
-536
4060
-539
4060
-542
4060
-545
4059
-548
4059
-551
4058
-554
4058
-557
4057
-560
4057
-564
4056
-567
4056
-570
4056
-573
4055
-576
4055
-579
4054
-582
4054
-585
4053
-588
4053
-592
4052
-595
4052
-598
4052
-601
4051
-604
4051
-607
4050
-610
4050
-613
4049
-616
4049
-620
4048
-623
4048
-626
4047
-629
4047
-632
4046
-635
4046
-638
4045
-641
4045
-644
4044
-648
4044
-651
4043
-654
4043
-657
4042
-660
4042
-663
4041
-666
4041
-669
4040
-672
4040
-675
4039
-678
4039
-682
4038
-685
4038
-688
4037
-691
4037
-694
4036
-697
4036
-700
4035
-703
4034
-706
4034
-710
4034
-713
4033
-716
4032
-719
4032
-722
4031
-725
4031
-728
4030
-731
4030
-734
4029
-737
4028
-740
4028
-744
4027
-747
4027
-750
4026
-753
4026
-756
4025
-759
4024
-762
4024
-765
4023
-768
4023
-771
4022
-774
4022
-778
4021
-780
4020
-784
4020
-787
4019
-790
4018
-793
4018
-796
4017
-799
4017
-802
4016
-805
4015
-808
4015
-811
4014
-814
4014
-818
4013
-821
4012
-824
4012
-827
4011
-830
4010
-833
4010
-836
4009
-839
4008
-842
4008
-845
4007
-848
4006
-851
4006
-854
4005
-858
4004
-860
4004
-864
4003
-867
4002
-870
4002
-873
4001
-876
4000
-879
4000
-882
3999
-885
3998
-888
3998
-891
3997
-894
3996
-897
3996
-900
3995
-904
3994
-907
3994
-910
3993
-913
3992
-916
3992
-919
3991
-922
3990
-925
3989
-928
3989
-931
3988
-934
3987
-937
3986
-940
3986
-943
3985
-946
3984
-949
3984
-952
3983
-956
3982
-959
3982
-962
3981
-965
3980
-968
3979
-971
3978
-974
3978
-977
3977
-980
3976
-983
3976
-986
3975
-989
3974
-992
3973
-995
3972
-998
3972
-1001
3971
-1004
3970
-1007
3969
-1010
3969
-1014
3968
-1016
3967
-1020
3966
-1023
3965
-1026
3965
-1029
3964
-1032
3963
-1035
3962
-1038
3962
-1041
3961
-1044
3960
-1047
3959
-1050
3958
-1053
3958
-1056
3957
-1059
3956
-1062
3955
-1065
3954
-1068
3953
-1071
3952
-1074
3952
-1077
3951
-1080
3950
-1083
3949
-1086
3948
-1089
3948
-1092
3947
-1095
3946
-1098
3945
-1102
3944
-1104
3943
-1108
3942
-1110
3942
-1114
3941
-1117
3940
-1120
3939
-1123
3938
-1126
3937
-1129
3936
-1132
3936
-1135
3935
-1138
3934
-1141
3933
-1144
3932
-1147
3931
-1150
3930
-1153
3930
-1156
3929
-1159
3928
-1162
3927
-1165
3926
-1168
3925
-1171
3924
-1174
3923
-1177
3922
-1180
3921
-1183
3920
-1186
3920
-1189
3919
-1192
3918
-1195
3917
-1198
3916
-1201
3915
-1204
3914
-1207
3913
-1210
3912
-1213
3911
-1216
3910
-1219
3909
-1222
3908
-1225
3908
-1228
3907
-1231
3906
-1234
3905
-1237
3904
-1240
3903
-1243
3902
-1246
3901
-1249
3900
-1252
3899
-1255
3898
-1258
3897
-1261
3896
-1264
3895
-1267
3894
-1270
3893
-1273
3892
-1276
3891
-1279
3890
-1282
3889
-1285
3888
-1288
3887
-1291
3886
-1294
3885
-1297
3884
-1300
3883
-1303
3882
-1306
3881
-1309
3880
-1312
3879
-1315
3878
-1318
3877
-1320
3876
-1324
3875
-1326
3874
-1329
3873
-1332
3872
-1335
3871
-1338
3870
-1341
3869
-1344
3868
-1347
3867
-1350
3866
-1353
3865
-1356
3864
-1359
3863
-1362
3862
-1365
3861
-1368
3860
-1371
3859
-1374
3858
-1377
3856
-1380
3856
-1383
3854
-1386
3853
-1389
3852
-1392
3851
-1395
3850
-1398
3849
-1400
3848
-1404
3847
-1406
3846
-1409
3845
-1412
3844
-1415
3842
-1418
3842
-1421
3840
-1424
3839
-1427
3838
-1430
3837
-1433
3836
-1436
3835
-1439
3834
-1442
3833
-1445
3832
-1448
3830
-1451
3829
-1454
3828
-1456
3827
-1459
3826
-1462
3825
-1465
3824
-1468
3823
-1471
3822
-1474
3820
-1477
3819
-1480
3818
-1483
3817
-1486
3816
-1489
3815
-1492
3814
-1495
3812
-1498
3811
-1500
3810
-1503
3809
-1506
3808
-1509
3807
-1512
3805
-1515
3804
-1518
3803
-1521
3802
-1524
3801
-1527
3800
-1530
3798
-1532
3797
-1535
3796
-1538
3795
-1541
3794
-1544
3792
-1547
3791
-1550
3790
-1553
3789
-1556
3788
-1559
3786
-1562
3785
-1564
3784
-1567
3783
-1570
3782
-1573
3780
-1576
3779
-1579
3778
-1582
3777
-1585
3776
-1588
3774
-1591
3773
-1594
3772
-1596
3771
-1599
3770
-1602
3768
-1605
3767
-1608
3766
-1611
3765
-1614
3763
-1617
3762
-1620
3761
-1622
3760
-1625
3758
-1628
3757
-1631
3756
-1634
3755
-1637
3753
-1640
3752
-1642
3751
-1645
3750
-1648
3748
-1651
3747
-1654
3746
-1657
3744
-1660
3743
-1663
3742
-1666
3741
-1668
3739
-1671
3738
-1674
3737
-1677
3736
-1680
3734
-1683
3733
-1686
3732
-1688
3730
-1691
3729
-1694
3728
-1697
3726
-1700
3725
-1703
3724
-1706
3723
-1708
3721
-1711
3720
-1714
3719
-1717
3717
-1720
3716
-1723
3715
-1726
3713
-1728
3712
-1731
3711
-1734
3709
-1737
3708
-1740
3707
-1743
3705
-1746
3704
-1748
3703
-1751
3701
-1754
3700
-1757
3699
-1760
3697
-1762
3696
-1765
3695
-1768
3693
-1771
3692
-1774
3690
-1777
3689
-1780
3688
-1782
3686
-1785
3685
-1788
3684
-1791
3682
-1794
3681
-1796
3680
-1799
3678
-1802
3677
-1805
3675
-1808
3674
-1811
3673
-1813
3671
-1816
3670
-1819
3668
-1822
3667
-1825
3666
-1828
3664
-1830
3663
-1833
3661
-1836
3660
-1839
3659
-1842
3657
-1844
3656
-1847
3654
-1850
3653
-1853
3652
-1856
3650
-1858
3649
-1861
3647
-1864
3646
-1867
3644
-1870
3643
-1872
3642
-1875
3640
-1878
3639
-1881
3637
-1884
3636
-1886
3634
-1889
3633
-1892
3631
-1895
3630
-1898
3628
-1900
3627
-1903
3626
-1906
3624
-1909
3623
-1911
3621
-1914
3620
-1917
3618
-1920
3617
-1922
3615
-1925
3614
-1928
3612
-1931
3611
-1934
3609
-1936
3608
-1939
3606
-1942
3605
-1945
3603
-1947
3602
-1950
3600
-1953
3599
-1956
3597
-1958
3596
-1961
3594
-1964
3593
-1967
3591
-1970
3590
-1972
3588
-1975
3587
-1978
3585
-1980
3584
-1983
3582
-1986
3581
-1989
3579
-1992
3578
-1994
3576
-1997
3575
-2000
3573
-2002
3572
-2005
3570
-2008
3568
-2011
3567
-2013
3565
-2016
3564
-2019
3562
-2022
3561
-2024
3559
-2027
3558
-2030
3556
-2032
3554
-2035
3553
-2038
3551
-2041
3550
-2043
3548
-2046
3547
-2049
3545
-2052
3544
-2054
3542
-2057
3540
-2060
3539
-2062
3537
-2065
3536
-2068
3534
-2071
3532
-2073
3531
-2076
3529
-2079
3528
-2081
3526
-2084
3524
-2087
3523
-2090
3521
-2092
3520
-2095
3518
-2098
3516
-2100
3515
-2103
3513
-2106
3512
-2108
3510
-2111
3508
-2114
3507
-2116
3505
-2119
3504
-2122
3502
-2124
3500
-2127
3499
-2130
3497
-2133
3495
-2135
3494
-2138
3492
-2141
3490
-2143
3489
-2146
3487
-2149
3486
-2151
3484
-2154
3482
-2157
3480
-2159
3479
-2162
3477
-2165
3476
-2167
3474
-2170
3472
-2173
3470
-2175
3469
-2178
3467
-2181
3466
-2183
3464
-2186
3462
-2189
3460
-2191
3459
-2194
3457
-2197
3455
-2199
3454
-2202
3452
-2204
3450
-2207
3449
-2210
3447
-2212
3445
-2215
3444
-2218
3442
-2220
3440
-2223
3438
-2226
3437
-2228
3435
-2231
3433
-2234
3432
-2236
3430
-2239
3428
-2242
3426
-2244
3425
-2247
3423
-2249
3421
-2252
3420
-2255
3418
-2257
3416
-2260
3414
-2262
3413
-2265
3411
-2268
3409
-2270
3407
-2273
3406
-2276
3404
-2278
3402
-2281
3400
-2283
3399
-2286
3397
-2289
3395
-2291
3393
-2294
3392
-2296
3390
-2299
3388
-2302
3386
-2304
3384
-2307
3383
-2309
3381
-2312
3379
-2315
3378
-2317
3376
-2320
3374
-2322
3372
-2325
3370
-2328
3368
-2330
3367
-2333
3365
-2335
3363
-2338
3361
-2340
3360
-2343
3358
-2346
3356
-2348
3354
-2351
3352
-2353
3351
-2356
3349
-2358
3347
-2361
3345
-2364
3343
-2366
3342
-2369
3340
-2371
3338
-2374
3336
-2376
3334
-2379
3332
-2382
3331
-2384
3329
-2387
3327
-2389
3325
-2392
3323
-2394
3321
-2397
3320
-2399
3318
-2402
3316
-2404
3314
-2407
3312
-2410
3310
-2412
3308
-2415
3307
-2417
3305
-2420
3303
-2422
3301
-2425
3299
-2427
3297
-2430
3296
-2432
3294
-2435
3292
-2437
3290
-2440
3288
-2442
3286
-2445
3284
-2448
3282
-2450
3280
-2452
3279
-2455
3277
-2458
3275
-2460
3273
-2463
3271
-2465
3269
-2468
3267
-2470
3265
-2473
3264
-2475
3262
-2478
3260
-2480
3258
-2483
3256
-2485
3254
-2488
3252
-2490
3250
-2493
3248
-2495
3246
-2498
3244
-2500
3242
-2502
3241
-2505
3239
-2508
3237
-2510
3235
-2512
3233
-2515
3231
-2518
3229
-2520
3227
-2522
3225
-2525
3223
-2527
3221
-2530
3219
-2532
3217
-2535
3215
-2537
3214
-2540
3212
-2542
3210
-2545
3208
-2547
3206
-2550
3204
-2552
3202
-2554
3200
-2557
3198
-2559
3196
-2562
3194
-2564
3192
-2567
3190
-2569
3188
-2572
3186
-2574
3184
-2576
3182
-2579
3180
-2581
3178
-2584
3176
-2586
3174
-2589
3172
-2591
3170
-2594
3168
-2596
3166
-2598
3164
-2601
3162
-2603
3160
-2606
3158
-2608
3156
-2610
3154
-2613
3152
-2615
3150
-2618
3148
-2620
3146
-2623
3144
-2625
3142
-2628
3140
-2630
3138
-2632
3136
-2635
3134
-2637
3132
-2640
3130
-2642
3128
-2644
3126
-2647
3124
-2649
3122
-2652
3120
-2654
3118
-2656
3116
-2659
3114
-2661
3112
-2663
3110
-2666
3108
-2668
3106
-2671
3104
-2673
3102
-2675
3099
-2678
3097
-2680
3095
-2682
3093
-2685
3091
-2687
3089
-2690
3087
-2692
3085
-2694
3083
-2697
3081
-2699
3079
-2701
3077
-2704
3075
-2706
3072
-2708
3070
-2711
3068
-2713
3066
-2716
3064
-2718
3062
-2720
3060
-2723
3058
-2725
3056
-2727
3054
-2730
3052
-2732
3050
-2734
3048
-2737
3045
-2739
3043
-2741
3041
-2744
3039
-2746
3037
-2748
3035
-2751
3033
-2753
3031
-2755
3028
-2758
3026
-2760
3024
-2762
3022
-2765
3020
-2767
3018
-2769
3016
-2772
3014
-2774
3012
-2776
3009
-2778
3007
-2781
3005
-2783
3003
-2785
3001
-2788
2999
-2790
2997
-2792
2994
-2795
2992
-2797
2990
-2799
2988
-2802
2986
-2804
2984
-2806
2982
-2808
2979
-2811
2977
-2813
2975
-2815
2973
-2818
2971
-2820
2969
-2822
2966
-2824
2964
-2827
2962
-2829
2960
-2831
2958
-2833
2956
-2836
2953
-2838
2951
-2840
2949
-2842
2947
-2845
2945
-2847
2942
-2849
2940
-2852
2938
-2854
2936
-2856
2934
-2858
2932
-2860
2929
-2863
2927
-2865
2925
-2867
2923
-2870
2921
-2872
2918
-2874
2916
-2876
2914
-2878
2912
-2881
2910
-2883
2907
-2885
2905
-2887
2903
-2890
2901
-2892
2898
-2894
2896
-2896
2894
-2898
2892
-2901
2890
-2903
2887
-2905
2885
-2907
2883
-2910
2881
-2912
2878
-2914
2876
-2916
2874
-2918
2872
-2921
2870
-2923
2867
-2925
2865
-2927
2863
-2929
2860
-2932
2858
-2934
2856
-2936
2854
-2938
2852
-2940
2849
-2942
2847
-2945
2845
-2947
2842
-2949
2840
-2951
2838
-2953
2836
-2956
2833
-2958
2831
-2960
2829
-2962
2827
-2964
2824
-2966
2822
-2969
2820
-2971
2818
-2973
2815
-2975
2813
-2977
2811
-2979
2808
-2982
2806
-2984
2804
-2986
2802
-2988
2799
-2990
2797
-2992
2795
-2994
2792
-2997
2790
-2999
2788
-3001
2785
-3003
2783
-3005
2781
-3007
2778
-3009
2776
-3012
2774
-3014
2772
-3016
2769
-3018
2767
-3020
2765
-3022
2762
-3024
2760
-3026
2758
-3028
2755
-3031
2753
-3033
2751
-3035
2748
-3037
2746
-3039
2744
-3041
2741
-3043
2739
-3045
2737
-3048
2734
-3050
2732
-3052
2730
-3054
2727
-3056
2725
-3058
2723
-3060
2720
-3062
2718
-3064
2716
-3066
2713
-3068
2711
-3070
2708
-3072
2706
-3075
2704
-3077
2701
-3079
2699
-3081
2697
-3083
2694
-3085
2692
-3087
2690
-3089
2687
-3091
2685
-3093
2682
-3095
2680
-3097
2678
-3099
2675
-3102
2673
-3104
2671
-3106
2668
-3108
2666
-3110
2663
-3112
2661
-3114
2659
-3116
2656
-3118
2654
-3120
2652
-3122
2649
-3124
2647
-3126
2644
-3128
2642
-3130
2640
-3132
2637
-3134
2635
-3136
2632
-3138
2630
-3140
2628
-3142
2625
-3144
2623
-3146
2620
-3148
2618
-3150
2615
-3152
2613
-3154
2610
-3156
2608
-3158
2606
-3160
2603
-3162
2601
-3164
2598
-3166
2596
-3168
2594
-3170
2591
-3172
2589
-3174
2586
-3176
2584
-3178
2581
-3180
2579
-3182
2576
-3184
2574
-3186
2572
-3188
2569
-3190
2567
-3192
2564
-3194
2562
-3196
2559
-3198
2557
-3200
2554
-3202
2552
-3204
2550
-3206
2547
-3208
2545
-3210
2542
-3212
2540
-3214
2537
-3215
2535
-3217
2532
-3219
2530
-3221
2527
-3223
2525
-3225
2522
-3227
2520
-3229
2518
-3231
2515
-3233
2512
-3235
2510
-3237
2508
-3239
2505
-3241
2502
-3242
2500
-3244
2498
-3246
2495
-3248
2493
-3250
2490
-3252
2488
-3254
2485
-3256
2483
-3258
2480
-3260
2478
-3262
2475
-3264
2473
-3265
2470
-3267
2468
-3269
2465
-3271
2463
-3273
2460
-3275
2458
-3277
2455
-3279
2452
-3280
2450
-3282
2448
-3284
2445
-3286
2442
-3288
2440
-3290
2437
-3292
2435
-3294
2432
-3296
2430
-3297
2427
-3299
2425
-3301
2422
-3303
2420
-3305
2417
-3307
2415
-3308
2412
-3310
2410
-3312
2407
-3314
2404
-3316
2402
-3318
2399
-3320
2397
-3321
2394
-3323
2392
-3325
2389
-3327
2387
-3329
2384
-3331
2382
-3332
2379
-3334
2376
-3336
2374
-3338
2371
-3340
2369
-3342
2366
-3343
2364
-3345
2361
-3347
2358
-3349
2356
-3351
2353
-3352
2351
-3354
2348
-3356
2346
-3358
2343
-3360
2340
-3361
2338
-3363
2335
-3365
2333
-3367
2330
-3368
2328
-3370
2325
-3372
2322
-3374
2320
-3376
2317
-3378
2315
-3379
2312
-3381
2309
-3383
2307
-3384
2304
-3386
2302
-3388
2299
-3390
2296
-3392
2294
-3393
2291
-3395
2289
-3397
2286
-3399
2283
-3400
2281
-3402
2278
-3404
2276
-3406
2273
-3407
2270
-3409
2268
-3411
2265
-3413
2262
-3414
2260
-3416
2257
-3418
2255
-3420
2252
-3421
2249
-3423
2247
-3425
2244
-3426
2242
-3428
2239
-3430
2236
-3432
2234
-3433
2231
-3435
2228
-3437
2226
-3438
2223
-3440
2220
-3442
2218
-3444
2215
-3445
2212
-3447
2210
-3449
2207
-3450
2204
-3452
2202
-3454
2199
-3455
2197
-3457
2194
-3459
2191
-3460
2189
-3462
2186
-3464
2183
-3466
2181
-3467
2178
-3469
2175
-3470
2173
-3472
2170
-3474
2167
-3476
2165
-3477
2162
-3479
2159
-3480
2157
-3482
2154
-3484
2151
-3486
2149
-3487
2146
-3489
2143
-3490
2141
-3492
2138
-3494
2135
-3495
2133
-3497
2130
-3499
2127
-3500
2124
-3502
2122
-3504
2119
-3505
2116
-3507
2114
-3508
2111
-3510
2108
-3512
2106
-3513
2103
-3515
2100
-3516
2098
-3518
2095
-3520
2092
-3521
2090
-3523
2087
-3524
2084
-3526
2081
-3528
2079
-3529
2076
-3531
2073
-3532
2071
-3534
2068
-3536
2065
-3537
2062
-3539
2060
-3540
2057
-3542
2054
-3544
2052
-3545
2049
-3547
2046
-3548
2043
-3550
2041
-3551
2038
-3553
2035
-3554
2032
-3556
2030
-3558
2027
-3559
2024
-3561
2022
-3562
2019
-3564
2016
-3565
2013
-3567
2011
-3568
2008
-3570
2005
-3572
2002
-3573
2000
-3575
1997
-3576
1994
-3578
1992
-3579
1989
-3581
1986
-3582
1983
-3584
1980
-3585
1978
-3587
1975
-3588
1972
-3590
1970
-3591
1967
-3593
1964
-3594
1961
-3596
1958
-3597
1956
-3599
1953
-3600
1950
-3602
1947
-3603
1945
-3605
1942
-3606
1939
-3608
1936
-3609
1934
-3611
1931
-3612
1928
-3614
1925
-3615
1922
-3617
1920
-3618
1917
-3620
1914
-3621
1911
-3623
1909
-3624
1906
-3626
1903
-3627
1900
-3628
1898
-3630
1895
-3631
1892
-3633
1889
-3634
1886
-3636
1884
-3637
1881
-3639
1878
-3640
1875
-3642
1872
-3643
1870
-3644
1867
-3646
1864
-3647
1861
-3649
1858
-3650
1856
-3652
1853
-3653
1850
-3654
1847
-3656
1844
-3657
1842
-3659
1839
-3660
1836
-3661
1833
-3663
1830
-3664
1828
-3666
1825
-3667
1822
-3668
1819
-3670
1816
-3671
1813
-3673
1811
-3674
1808
-3675
1805
-3677
1802
-3678
1799
-3680
1796
-3681
1794
-3682
1791
-3684
1788
-3685
1785
-3686
1782
-3688
1780
-3689
1777
-3690
1774
-3692
1771
-3693
1768
-3695
1765
-3696
1762
-3697
1760
-3699
1757
-3700
1754
-3701
1751
-3703
1748
-3704
1746
-3705
1743
-3707
1740
-3708
1737
-3709
1734
-3711
1731
-3712
1728
-3713
1726
-3715
1723
-3716
1720
-3717
1717
-3719
1714
-3720
1711
-3721
1708
-3723
1706
-3724
1703
-3725
1700
-3726
1697
-3728
1694
-3729
1691
-3730
1688
-3732
1686
-3733
1683
-3734
1680
-3736
1677
-3737
1674
-3738
1671
-3739
1668
-3741
1666
-3742
1663
-3743
1660
-3744
1657
-3746
1654
-3747
1651
-3748
1648
-3750
1645
-3751
1642
-3752
1640
-3753
1637
-3755
1634
-3756
1631
-3757
1628
-3758
1625
-3760
1622
-3761
1620
-3762
1617
-3763
1614
-3765
1611
-3766
1608
-3767
1605
-3768
1602
-3770
1599
-3771
1596
-3772
1594
-3773
1591
-3774
1588
-3776
1585
-3777
1582
-3778
1579
-3779
1576
-3780
1573
-3782
1570
-3783
1567
-3784
1564
-3785
1562
-3786
1559
-3788
1556
-3789
1553
-3790
1550
-3791
1547
-3792
1544
-3794
1541
-3795
1538
-3796
1535
-3797
1532
-3798
1530
-3800
1527
-3801
1524
-3802
1521
-3803
1518
-3804
1515
-3805
1512
-3807
1509
-3808
1506
-3809
1503
-3810
1500
-3811
1498
-3812
1495
-3814
1492
-3815
1489
-3816
1486
-3817
1483
-3818
1480
-3819
1477
-3820
1474
-3822
1471
-3823
1468
-3824
1465
-3825
1462
-3826
1459
-3827
1456
-3828
1454
-3829
1451
-3830
1448
-3832
1445
-3833
1442
-3834
1439
-3835
1436
-3836
1433
-3837
1430
-3838
1427
-3839
1424
-3840
1421
-3842
1418
-3842
1415
-3844
1412
-3845
1409
-3846
1406
-3847
1404
-3848
1400
-3849
1398
-3850
1395
-3851
1392
-3852
1389
-3853
1386
-3854
1383
-3856
1380
-3856
1377
-3858
1374
-3859
1371
-3860
1368
-3861
1365
-3862
1362
-3863
1359
-3864
1356
-3865
1353
-3866
1350
-3867
1347
-3868
1344
-3869
1341
-3870
1338
-3871
1335
-3872
1332
-3873
1329
-3874
1326
-3875
1324
-3876
1320
-3877
1318
-3878
1315
-3879
1312
-3880
1309
-3881
1306
-3882
1303
-3883
1300
-3884
1297
-3885
1294
-3886
1291
-3887
1288
-3888
1285
-3889
1282
-3890
1279
-3891
1276
-3892
1273
-3893
1270
-3894
1267
-3895
1264
-3896
1261
-3897
1258
-3898
1255
-3899
1252
-3900
1249
-3901
1246
-3902
1243
-3903
1240
-3904
1237
-3905
1234
-3906
1231
-3907
1228
-3908
1225
-3908
1222
-3909
1219
-3910
1216
-3911
1213
-3912
1210
-3913
1207
-3914
1204
-3915
1201
-3916
1198
-3917
1195
-3918
1192
-3919
1189
-3920
1186
-3920
1183
-3921
1180
-3922
1177
-3923
1174
-3924
1171
-3925
1168
-3926
1165
-3927
1162
-3928
1159
-3929
1156
-3930
1153
-3930
1150
-3931
1147
-3932
1144
-3933
1141
-3934
1138
-3935
1135
-3936
1132
-3936
1129
-3937
1126
-3938
1123
-3939
1120
-3940
1117
-3941
1114
-3942
1110
-3942
1108
-3943
1104
-3944
1102
-3945
1098
-3946
1095
-3947
1092
-3948
1089
-3948
1086
-3949
1083
-3950
1080
-3951
1077
-3952
1074
-3952
1071
-3953
1068
-3954
1065
-3955
1062
-3956
1059
-3957
1056
-3958
1053
-3958
1050
-3959
1047
-3960
1044
-3961
1041
-3962
1038
-3962
1035
-3963
1032
-3964
1029
-3965
1026
-3965
1023
-3966
1020
-3967
1016
-3968
1014
-3969
1010
-3969
1007
-3970
1004
-3971
1001
-3972
998
-3972
995
-3973
992
-3974
989
-3975
986
-3976
983
-3976
980
-3977
977
-3978
974
-3978
971
-3979
968
-3980
965
-3981
962
-3982
959
-3982
956
-3983
952
-3984
949
-3984
946
-3985
943
-3986
940
-3986
937
-3987
934
-3988
931
-3989
928
-3989
925
-3990
922
-3991
919
-3992
916
-3992
913
-3993
910
-3994
907
-3994
904
-3995
900
-3996
897
-3996
894
-3997
891
-3998
888
-3998
885
-3999
882
-4000
879
-4000
876
-4001
873
-4002
870
-4002
867
-4003
864
-4004
860
-4004
858
-4005
854
-4006
851
-4006
848
-4007
845
-4008
842
-4008
839
-4009
836
-4010
833
-4010
830
-4011
827
-4012
824
-4012
821
-4013
818
-4014
814
-4014
811
-4015
808
-4015
805
-4016
802
-4017
799
-4017
796
-4018
793
-4018
790
-4019
787
-4020
784
-4020
780
-4021
778
-4022
774
-4022
771
-4023
768
-4023
765
-4024
762
-4024
759
-4025
756
-4026
753
-4026
750
-4027
747
-4027
744
-4028
740
-4028
737
-4029
734
-4030
731
-4030
728
-4031
725
-4031
722
-4032
719
-4032
716
-4033
713
-4034
710
-4034
706
-4034
703
-4035
700
-4036
697
-4036
694
-4037
691
-4037
688
-4038
685
-4038
682
-4039
678
-4039
675
-4040
672
-4040
669
-4041
666
-4041
663
-4042
660
-4042
657
-4043
654
-4043
651
-4044
648
-4044
644
-4045
641
-4045
638
-4046
635
-4046
632
-4047
629
-4047
626
-4048
623
-4048
620
-4049
616
-4049
613
-4050
610
-4050
607
-4051
604
-4051
601
-4052
598
-4052
595
-4052
592
-4053
588
-4053
585
-4054
582
-4054
579
-4055
576
-4055
573
-4056
570
-4056
567
-4056
564
-4057
560
-4057
557
-4058
554
-4058
551
-4059
548
-4059
545
-4060
542
-4060
539
-4060
536
-4061
532
-4061
529
-4062
526
-4062
523
-4062
520
-4063
517
-4063
514
-4064
511
-4064
508
-4064
504
-4065
501
-4065
498
-4066
495
-4066
492
-4066
489
-4067
486
-4067
483
-4067
480
-4068
476
-4068
473
-4068
470
-4069
467
-4069
464
-4070
461
-4070
458
-4070
454
-4071
451
-4071
448
-4071
445
-4072
442
-4072
439
-4072
436
-4073
433
-4073
430
-4073
426
-4074
423
-4074
420
-4074
417
-4075
414
-4075
411
-4075
408
-4076
404
-4076
401
-4076
398
-4076
395
-4077
392
-4077
389
-4077
386
-4078
383
-4078
380
-4078
376
-4079
373
-4079
370
-4079
367
-4080
364
-4080
361
-4080
358
-4080
354
-4081
351
-4081
348
-4081
345
-4081
342
-4082
339
-4082
336
-4082
333
-4082
330
-4083
326
-4083
323
-4083
320
-4083
317
-4084
314
-4084
311
-4084
308
-4084
304
-4085
301
-4085
298
-4085
295
-4085
292
-4086
289
-4086
286
-4086
282
-4086
279
-4086
276
-4087
273
-4087
270
-4087
267
-4087
264
-4088
260
-4088
257
-4088
254
-4088
251
-4088
248
-4088
245
-4089
242
-4089
239
-4089
235
-4089
232
-4089
229
-4090
226
-4090
223
-4090
220
-4090
217
-4090
214
-4090
210
-4090
207
-4091
204
-4091
201
-4091
198
-4091
195
-4091
192
-4092
188
-4092
185
-4092
182
-4092
179
-4092
176
-4092
173
-4092
170
-4092
166
-4092
163
-4093
160
-4093
157
-4093
154
-4093
151
-4093
148
-4093
144
-4093
141
-4094
138
-4094
135
-4094
132
-4094
129
-4094
126
-4094
122
-4094
119
-4094
116
-4094
113
-4094
110
-4094
107
-4094
104
-4095
100
-4095
97
-4095
94
-4095
91
-4095
88
-4095
85
-4095
82
-4095
78
-4095
75
-4095
72
-4095
69
-4095
66
-4095
63
-4096
60
-4096
56
-4096
53
-4096
50
-4096
47
-4096
44
-4096
41
-4096
38
-4096
34
-4096
31
-4096
28
-4096
25
-4096
22
-4096
19
-4096
16
-4096
12
-4096
9
-4096
6
-4096
3
-4096
0
-4096
-3
-4096
-6
-4096
-9
-4096
-12
-4096
-16
-4096
-19
-4096
-22
-4096
-25
-4096
-28
-4096
-31
-4096
-34
-4096
-38
-4096
-41
-4096
-44
-4096
-47
-4096
-50
-4096
-53
-4096
-56
-4096
-60
-4096
-63
-4096
-66
-4095
-69
-4095
-72
-4095
-75
-4095
-78
-4095
-82
-4095
-85
-4095
-88
-4095
-91
-4095
-94
-4095
-97
-4095
-100
-4095
-104
-4095
-107
-4094
-110
-4094
-113
-4094
-116
-4094
-119
-4094
-122
-4094
-126
-4094
-129
-4094
-132
-4094
-135
-4094
-138
-4094
-141
-4094
-144
-4093
-148
-4093
-151
-4093
-154
-4093
-157
-4093
-160
-4093
-163
-4093
-166
-4092
-170
-4092
-173
-4092
-176
-4092
-179
-4092
-182
-4092
-185
-4092
-188
-4092
-192
-4092
-195
-4091
-198
-4091
-201
-4091
-204
-4091
-207
-4091
-210
-4090
-214
-4090
-217
-4090
-220
-4090
-223
-4090
-226
-4090
-229
-4090
-232
-4089
-235
-4089
-239
-4089
-242
-4089
-245
-4089
-248
-4088
-251
-4088
-254
-4088
-257
-4088
-260
-4088
-264
-4088
-267
-4087
-270
-4087
-273
-4087
-276
-4087
-279
-4086
-282
-4086
-286
-4086
-289
-4086
-292
-4086
-295
-4085
-298
-4085
-301
-4085
-304
-4085
-308
-4084
-311
-4084
-314
-4084
-317
-4084
-320
-4083
-323
-4083
-326
-4083
-330
-4083
-333
-4082
-336
-4082
-339
-4082
-342
-4082
-345
-4081
-348
-4081
-351
-4081
-354
-4081
-358
-4080
-361
-4080
-364
-4080
-367
-4080
-370
-4079
-373
-4079
-376
-4079
-380
-4078
-383
-4078
-386
-4078
-389
-4077
-392
-4077
-395
-4077
-398
-4076
-401
-4076
-404
-4076
-408
-4076
-411
-4075
-414
-4075
-417
-4075
-420
-4074
-423
-4074
-426
-4074
-430
-4073
-433
-4073
-436
-4073
-439
-4072
-442
-4072
-445
-4072
-448
-4071
-451
-4071
-454
-4071
-458
-4070
-461
-4070
-464
-4070
-467
-4069
-470
-4069
-473
-4068
-476
-4068
-480
-4068
-483
-4067
-486
-4067
-489
-4067
-492
-4066
-495
-4066
-498
-4066
-501
-4065
-504
-4065
-508
-4064
-511
-4064
-514
-4064
-517
-4063
-520
-4063
-523
-4062
-526
-4062
-529
-4062
-532
-4061
-536
-4061
-539
-4060
-542
-4060
-545
-4060
-548
-4059
-551
-4059
-554
-4058
-557
-4058
-560
-4057
-564
-4057
-567
-4056
-570
-4056
-573
-4056
-576
-4055
-579
-4055
-582
-4054
-585
-4054
-588
-4053
-592
-4053
-595
-4052
-598
-4052
-601
-4052
-604
-4051
-607
-4051
-610
-4050
-613
-4050
-616
-4049
-620
-4049
-623
-4048
-626
-4048
-629
-4047
-632
-4047
-635
-4046
-638
-4046
-641
-4045
-644
-4045
-648
-4044
-651
-4044
-654
-4043
-657
-4043
-660
-4042
-663
-4042
-666
-4041
-669
-4041
-672
-4040
-675
-4040
-678
-4039
-682
-4039
-685
-4038
-688
-4038
-691
-4037
-694
-4037
-697
-4036
-700
-4036
-703
-4035
-706
-4034
-710
-4034
-713
-4034
-716
-4033
-719
-4032
-722
-4032
-725
-4031
-728
-4031
-731
-4030
-734
-4030
-737
-4029
-740
-4028
-744
-4028
-747
-4027
-750
-4027
-753
-4026
-756
-4026
-759
-4025
-762
-4024
-765
-4024
-768
-4023
-771
-4023
-774
-4022
-778
-4022
-780
-4021
-784
-4020
-787
-4020
-790
-4019
-793
-4018
-796
-4018
-799
-4017
-802
-4017
-805
-4016
-808
-4015
-811
-4015
-814
-4014
-818
-4014
-821
-4013
-824
-4012
-827
-4012
-830
-4011
-833
-4010
-836
-4010
-839
-4009
-842
-4008
-845
-4008
-848
-4007
-851
-4006
-854
-4006
-858
-4005
-860
-4004
-864
-4004
-867
-4003
-870
-4002
-873
-4002
-876
-4001
-879
-4000
-882
-4000
-885
-3999
-888
-3998
-891
-3998
-894
-3997
-897
-3996
-900
-3996
-904
-3995
-907
-3994
-910
-3994
-913
-3993
-916
-3992
-919
-3992
-922
-3991
-925
-3990
-928
-3989
-931
-3989
-934
-3988
-937
-3987
-940
-3986
-943
-3986
-946
-3985
-949
-3984
-952
-3984
-956
-3983
-959
-3982
-962
-3982
-965
-3981
-968
-3980
-971
-3979
-974
-3978
-977
-3978
-980
-3977
-983
-3976
-986
-3976
-989
-3975
-992
-3974
-995
-3973
-998
-3972
-1001
-3972
-1004
-3971
-1007
-3970
-1010
-3969
-1014
-3969
-1016
-3968
-1020
-3967
-1023
-3966
-1026
-3965
-1029
-3965
-1032
-3964
-1035
-3963
-1038
-3962
-1041
-3962
-1044
-3961
-1047
-3960
-1050
-3959
-1053
-3958
-1056
-3958
-1059
-3957
-1062
-3956
-1065
-3955
-1068
-3954
-1071
-3953
-1074
-3952
-1077
-3952
-1080
-3951
-1083
-3950
-1086
-3949
-1089
-3948
-1092
-3948
-1095
-3947
-1098
-3946
-1102
-3945
-1104
-3944
-1108
-3943
-1110
-3942
-1114
-3942
-1117
-3941
-1120
-3940
-1123
-3939
-1126
-3938
-1129
-3937
-1132
-3936
-1135
-3936
-1138
-3935
-1141
-3934
-1144
-3933
-1147
-3932
-1150
-3931
-1153
-3930
-1156
-3930
-1159
-3929
-1162
-3928
-1165
-3927
-1168
-3926
-1171
-3925
-1174
-3924
-1177
-3923
-1180
-3922
-1183
-3921
-1186
-3920
-1189
-3920
-1192
-3919
-1195
-3918
-1198
-3917
-1201
-3916
-1204
-3915
-1207
-3914
-1210
-3913
-1213
-3912
-1216
-3911
-1219
-3910
-1222
-3909
-1225
-3908
-1228
-3908
-1231
-3907
-1234
-3906
-1237
-3905
-1240
-3904
-1243
-3903
-1246
-3902
-1249
-3901
-1252
-3900
-1255
-3899
-1258
-3898
-1261
-3897
-1264
-3896
-1267
-3895
-1270
-3894
-1273
-3893
-1276
-3892
-1279
-3891
-1282
-3890
-1285
-3889
-1288
-3888
-1291
-3887
-1294
-3886
-1297
-3885
-1300
-3884
-1303
-3883
-1306
-3882
-1309
-3881
-1312
-3880
-1315
-3879
-1318
-3878
-1320
-3877
-1324
-3876
-1326
-3875
-1329
-3874
-1332
-3873
-1335
-3872
-1338
-3871
-1341
-3870
-1344
-3869
-1347
-3868
-1350
-3867
-1353
-3866
-1356
-3865
-1359
-3864
-1362
-3863
-1365
-3862
-1368
-3861
-1371
-3860
-1374
-3859
-1377
-3858
-1380
-3856
-1383
-3856
-1386
-3854
-1389
-3853
-1392
-3852
-1395
-3851
-1398
-3850
-1400
-3849
-1404
-3848
-1406
-3847
-1409
-3846
-1412
-3845
-1415
-3844
-1418
-3842
-1421
-3842
-1424
-3840
-1427
-3839
-1430
-3838
-1433
-3837
-1436
-3836
-1439
-3835
-1442
-3834
-1445
-3833
-1448
-3832
-1451
-3830
-1454
-3829
-1456
-3828
-1459
-3827
-1462
-3826
-1465
-3825
-1468
-3824
-1471
-3823
-1474
-3822
-1477
-3820
-1480
-3819
-1483
-3818
-1486
-3817
-1489
-3816
-1492
-3815
-1495
-3814
-1498
-3812
-1500
-3811
-1503
-3810
-1506
-3809
-1509
-3808
-1512
-3807
-1515
-3805
-1518
-3804
-1521
-3803
-1524
-3802
-1527
-3801
-1530
-3800
-1532
-3798
-1535
-3797
-1538
-3796
-1541
-3795
-1544
-3794
-1547
-3792
-1550
-3791
-1553
-3790
-1556
-3789
-1559
-3788
-1562
-3786
-1564
-3785
-1567
-3784
-1570
-3783
-1573
-3782
-1576
-3780
-1579
-3779
-1582
-3778
-1585
-3777
-1588
-3776
-1591
-3774
-1594
-3773
-1596
-3772
-1599
-3771
-1602
-3770
-1605
-3768
-1608
-3767
-1611
-3766
-1614
-3765
-1617
-3763
-1620
-3762
-1622
-3761
-1625
-3760
-1628
-3758
-1631
-3757
-1634
-3756
-1637
-3755
-1640
-3753
-1642
-3752
-1645
-3751
-1648
-3750
-1651
-3748
-1654
-3747
-1657
-3746
-1660
-3744
-1663
-3743
-1666
-3742
-1668
-3741
-1671
-3739
-1674
-3738
-1677
-3737
-1680
-3736
-1683
-3734
-1686
-3733
-1688
-3732
-1691
-3730
-1694
-3729
-1697
-3728
-1700
-3726
-1703
-3725
-1706
-3724
-1708
-3723
-1711
-3721
-1714
-3720
-1717
-3719
-1720
-3717
-1723
-3716
-1726
-3715
-1728
-3713
-1731
-3712
-1734
-3711
-1737
-3709
-1740
-3708
-1743
-3707
-1746
-3705
-1748
-3704
-1751
-3703
-1754
-3701
-1757
-3700
-1760
-3699
-1762
-3697
-1765
-3696
-1768
-3695
-1771
-3693
-1774
-3692
-1777
-3690
-1780
-3689
-1782
-3688
-1785
-3686
-1788
-3685
-1791
-3684
-1794
-3682
-1796
-3681
-1799
-3680
-1802
-3678
-1805
-3677
-1808
-3675
-1811
-3674
-1813
-3673
-1816
-3671
-1819
-3670
-1822
-3668
-1825
-3667
-1828
-3666
-1830
-3664
-1833
-3663
-1836
-3661
-1839
-3660
-1842
-3659
-1844
-3657
-1847
-3656
-1850
-3654
-1853
-3653
-1856
-3652
-1858
-3650
-1861
-3649
-1864
-3647
-1867
-3646
-1870
-3644
-1872
-3643
-1875
-3642
-1878
-3640
-1881
-3639
-1884
-3637
-1886
-3636
-1889
-3634
-1892
-3633
-1895
-3631
-1898
-3630
-1900
-3628
-1903
-3627
-1906
-3626
-1909
-3624
-1911
-3623
-1914
-3621
-1917
-3620
-1920
-3618
-1922
-3617
-1925
-3615
-1928
-3614
-1931
-3612
-1934
-3611
-1936
-3609
-1939
-3608
-1942
-3606
-1945
-3605
-1947
-3603
-1950
-3602
-1953
-3600
-1956
-3599
-1958
-3597
-1961
-3596
-1964
-3594
-1967
-3593
-1970
-3591
-1972
-3590
-1975
-3588
-1978
-3587
-1980
-3585
-1983
-3584
-1986
-3582
-1989
-3581
-1992
-3579
-1994
-3578
-1997
-3576
-2000
-3575
-2002
-3573
-2005
-3572
-2008
-3570
-2011
-3568
-2013
-3567
-2016
-3565
-2019
-3564
-2022
-3562
-2024
-3561
-2027
-3559
-2030
-3558
-2032
-3556
-2035
-3554
-2038
-3553
-2041
-3551
-2043
-3550
-2046
-3548
-2049
-3547
-2052
-3545
-2054
-3544
-2057
-3542
-2060
-3540
-2062
-3539
-2065
-3537
-2068
-3536
-2071
-3534
-2073
-3532
-2076
-3531
-2079
-3529
-2081
-3528
-2084
-3526
-2087
-3524
-2090
-3523
-2092
-3521
-2095
-3520
-2098
-3518
-2100
-3516
-2103
-3515
-2106
-3513
-2108
-3512
-2111
-3510
-2114
-3508
-2116
-3507
-2119
-3505
-2122
-3504
-2124
-3502
-2127
-3500
-2130
-3499
-2133
-3497
-2135
-3495
-2138
-3494
-2141
-3492
-2143
-3490
-2146
-3489
-2149
-3487
-2151
-3486
-2154
-3484
-2157
-3482
-2159
-3480
-2162
-3479
-2165
-3477
-2167
-3476
-2170
-3474
-2173
-3472
-2175
-3470
-2178
-3469
-2181
-3467
-2183
-3466
-2186
-3464
-2189
-3462
-2191
-3460
-2194
-3459
-2197
-3457
-2199
-3455
-2202
-3454
-2204
-3452
-2207
-3450
-2210
-3449
-2212
-3447
-2215
-3445
-2218
-3444
-2220
-3442
-2223
-3440
-2226
-3438
-2228
-3437
-2231
-3435
-2234
-3433
-2236
-3432
-2239
-3430
-2242
-3428
-2244
-3426
-2247
-3425
-2249
-3423
-2252
-3421
-2255
-3420
-2257
-3418
-2260
-3416
-2262
-3414
-2265
-3413
-2268
-3411
-2270
-3409
-2273
-3407
-2276
-3406
-2278
-3404
-2281
-3402
-2283
-3400
-2286
-3399
-2289
-3397
-2291
-3395
-2294
-3393
-2296
-3392
-2299
-3390
-2302
-3388
-2304
-3386
-2307
-3384
-2309
-3383
-2312
-3381
-2315
-3379
-2317
-3378
-2320
-3376
-2322
-3374
-2325
-3372
-2328
-3370
-2330
-3368
-2333
-3367
-2335
-3365
-2338
-3363
-2340
-3361
-2343
-3360
-2346
-3358
-2348
-3356
-2351
-3354
-2353
-3352
-2356
-3351
-2358
-3349
-2361
-3347
-2364
-3345
-2366
-3343
-2369
-3342
-2371
-3340
-2374
-3338
-2376
-3336
-2379
-3334
-2382
-3332
-2384
-3331
-2387
-3329
-2389
-3327
-2392
-3325
-2394
-3323
-2397
-3321
-2399
-3320
-2402
-3318
-2404
-3316
-2407
-3314
-2410
-3312
-2412
-3310
-2415
-3308
-2417
-3307
-2420
-3305
-2422
-3303
-2425
-3301
-2427
-3299
-2430
-3297
-2432
-3296
-2435
-3294
-2437
-3292
-2440
-3290
-2442
-3288
-2445
-3286
-2448
-3284
-2450
-3282
-2452
-3280
-2455
-3279
-2458
-3277
-2460
-3275
-2463
-3273
-2465
-3271
-2468
-3269
-2470
-3267
-2473
-3265
-2475
-3264
-2478
-3262
-2480
-3260
-2483
-3258
-2485
-3256
-2488
-3254
-2490
-3252
-2493
-3250
-2495
-3248
-2498
-3246
-2500
-3244
-2502
-3242
-2505
-3241
-2508
-3239
-2510
-3237
-2512
-3235
-2515
-3233
-2518
-3231
-2520
-3229
-2522
-3227
-2525
-3225
-2527
-3223
-2530
-3221
-2532
-3219
-2535
-3217
-2537
-3215
-2540
-3214
-2542
-3212
-2545
-3210
-2547
-3208
-2550
-3206
-2552
-3204
-2554
-3202
-2557
-3200
-2559
-3198
-2562
-3196
-2564
-3194
-2567
-3192
-2569
-3190
-2572
-3188
-2574
-3186
-2576
-3184
-2579
-3182
-2581
-3180
-2584
-3178
-2586
-3176
-2589
-3174
-2591
-3172
-2594
-3170
-2596
-3168
-2598
-3166
-2601
-3164
-2603
-3162
-2606
-3160
-2608
-3158
-2610
-3156
-2613
-3154
-2615
-3152
-2618
-3150
-2620
-3148
-2623
-3146
-2625
-3144
-2628
-3142
-2630
-3140
-2632
-3138
-2635
-3136
-2637
-3134
-2640
-3132
-2642
-3130
-2644
-3128
-2647
-3126
-2649
-3124
-2652
-3122
-2654
-3120
-2656
-3118
-2659
-3116
-2661
-3114
-2663
-3112
-2666
-3110
-2668
-3108
-2671
-3106
-2673
-3104
-2675
-3102
-2678
-3099
-2680
-3097
-2682
-3095
-2685
-3093
-2687
-3091
-2690
-3089
-2692
-3087
-2694
-3085
-2697
-3083
-2699
-3081
-2701
-3079
-2704
-3077
-2706
-3075
-2708
-3072
-2711
-3070
-2713
-3068
-2716
-3066
-2718
-3064
-2720
-3062
-2723
-3060
-2725
-3058
-2727
-3056
-2730
-3054
-2732
-3052
-2734
-3050
-2737
-3048
-2739
-3045
-2741
-3043
-2744
-3041
-2746
-3039
-2748
-3037
-2751
-3035
-2753
-3033
-2755
-3031
-2758
-3028
-2760
-3026
-2762
-3024
-2765
-3022
-2767
-3020
-2769
-3018
-2772
-3016
-2774
-3014
-2776
-3012
-2778
-3009
-2781
-3007
-2783
-3005
-2785
-3003
-2788
-3001
-2790
-2999
-2792
-2997
-2795
-2994
-2797
-2992
-2799
-2990
-2802
-2988
-2804
-2986
-2806
-2984
-2808
-2982
-2811
-2979
-2813
-2977
-2815
-2975
-2818
-2973
-2820
-2971
-2822
-2969
-2824
-2966
-2827
-2964
-2829
-2962
-2831
-2960
-2833
-2958
-2836
-2956
-2838
-2953
-2840
-2951
-2842
-2949
-2845
-2947
-2847
-2945
-2849
-2942
-2852
-2940
-2854
-2938
-2856
-2936
-2858
-2934
-2860
-2932
-2863
-2929
-2865
-2927
-2867
-2925
-2870
-2923
-2872
-2921
-2874
-2918
-2876
-2916
-2878
-2914
-2881
-2912
-2883
-2910
-2885
-2907
-2887
-2905
-2890
-2903
-2892
-2901
-2894
-2898
-2896
-2896
-2898
-2894
-2901
-2892
-2903
-2890
-2905
-2887
-2907
-2885
-2910
-2883
-2912
-2881
-2914
-2878
-2916
-2876
-2918
-2874
-2921
-2872
-2923
-2870
-2925
-2867
-2927
-2865
-2929
-2863
-2932
-2860
-2934
-2858
-2936
-2856
-2938
-2854
-2940
-2852
-2942
-2849
-2945
-2847
-2947
-2845
-2949
-2842
-2951
-2840
-2953
-2838
-2956
-2836
-2958
-2833
-2960
-2831
-2962
-2829
-2964
-2827
-2966
-2824
-2969
-2822
-2971
-2820
-2973
-2818
-2975
-2815
-2977
-2813
-2979
-2811
-2982
-2808
-2984
-2806
-2986
-2804
-2988
-2802
-2990
-2799
-2992
-2797
-2994
-2795
-2997
-2792
-2999
-2790
-3001
-2788
-3003
-2785
-3005
-2783
-3007
-2781
-3009
-2778
-3012
-2776
-3014
-2774
-3016
-2772
-3018
-2769
-3020
-2767
-3022
-2765
-3024
-2762
-3026
-2760
-3028
-2758
-3031
-2755
-3033
-2753
-3035
-2751
-3037
-2748
-3039
-2746
-3041
-2744
-3043
-2741
-3045
-2739
-3048
-2737
-3050
-2734
-3052
-2732
-3054
-2730
-3056
-2727
-3058
-2725
-3060
-2723
-3062
-2720
-3064
-2718
-3066
-2716
-3068
-2713
-3070
-2711
-3072
-2708
-3075
-2706
-3077
-2704
-3079
-2701
-3081
-2699
-3083
-2697
-3085
-2694
-3087
-2692
-3089
-2690
-3091
-2687
-3093
-2685
-3095
-2682
-3097
-2680
-3099
-2678
-3102
-2675
-3104
-2673
-3106
-2671
-3108
-2668
-3110
-2666
-3112
-2663
-3114
-2661
-3116
-2659
-3118
-2656
-3120
-2654
-3122
-2652
-3124
-2649
-3126
-2647
-3128
-2644
-3130
-2642
-3132
-2640
-3134
-2637
-3136
-2635
-3138
-2632
-3140
-2630
-3142
-2628
-3144
-2625
-3146
-2623
-3148
-2620
-3150
-2618
-3152
-2615
-3154
-2613
-3156
-2610
-3158
-2608
-3160
-2606
-3162
-2603
-3164
-2601
-3166
-2598
-3168
-2596
-3170
-2594
-3172
-2591
-3174
-2589
-3176
-2586
-3178
-2584
-3180
-2581
-3182
-2579
-3184
-2576
-3186
-2574
-3188
-2572
-3190
-2569
-3192
-2567
-3194
-2564
-3196
-2562
-3198
-2559
-3200
-2557
-3202
-2554
-3204
-2552
-3206
-2550
-3208
-2547
-3210
-2545
-3212
-2542
-3214
-2540
-3215
-2537
-3217
-2535
-3219
-2532
-3221
-2530
-3223
-2527
-3225
-2525
-3227
-2522
-3229
-2520
-3231
-2518
-3233
-2515
-3235
-2512
-3237
-2510
-3239
-2508
-3241
-2505
-3242
-2502
-3244
-2500
-3246
-2498
-3248
-2495
-3250
-2493
-3252
-2490
-3254
-2488
-3256
-2485
-3258
-2483
-3260
-2480
-3262
-2478
-3264
-2475
-3265
-2473
-3267
-2470
-3269
-2468
-3271
-2465
-3273
-2463
-3275
-2460
-3277
-2458
-3279
-2455
-3280
-2452
-3282
-2450
-3284
-2448
-3286
-2445
-3288
-2442
-3290
-2440
-3292
-2437
-3294
-2435
-3296
-2432
-3297
-2430
-3299
-2427
-3301
-2425
-3303
-2422
-3305
-2420
-3307
-2417
-3308
-2415
-3310
-2412
-3312
-2410
-3314
-2407
-3316
-2404
-3318
-2402
-3320
-2399
-3321
-2397
-3323
-2394
-3325
-2392
-3327
-2389
-3329
-2387
-3331
-2384
-3332
-2382
-3334
-2379
-3336
-2376
-3338
-2374
-3340
-2371
-3342
-2369
-3343
-2366
-3345
-2364
-3347
-2361
-3349
-2358
-3351
-2356
-3352
-2353
-3354
-2351
-3356
-2348
-3358
-2346
-3360
-2343
-3361
-2340
-3363
-2338
-3365
-2335
-3367
-2333
-3368
-2330
-3370
-2328
-3372
-2325
-3374
-2322
-3376
-2320
-3378
-2317
-3379
-2315
-3381
-2312
-3383
-2309
-3384
-2307
-3386
-2304
-3388
-2302
-3390
-2299
-3392
-2296
-3393
-2294
-3395
-2291
-3397
-2289
-3399
-2286
-3400
-2283
-3402
-2281
-3404
-2278
-3406
-2276
-3407
-2273
-3409
-2270
-3411
-2268
-3413
-2265
-3414
-2262
-3416
-2260
-3418
-2257
-3420
-2255
-3421
-2252
-3423
-2249
-3425
-2247
-3426
-2244
-3428
-2242
-3430
-2239
-3432
-2236
-3433
-2234
-3435
-2231
-3437
-2228
-3438
-2226
-3440
-2223
-3442
-2220
-3444
-2218
-3445
-2215
-3447
-2212
-3449
-2210
-3450
-2207
-3452
-2204
-3454
-2202
-3455
-2199
-3457
-2197
-3459
-2194
-3460
-2191
-3462
-2189
-3464
-2186
-3466
-2183
-3467
-2181
-3469
-2178
-3470
-2175
-3472
-2173
-3474
-2170
-3476
-2167
-3477
-2165
-3479
-2162
-3480
-2159
-3482
-2157
-3484
-2154
-3486
-2151
-3487
-2149
-3489
-2146
-3490
-2143
-3492
-2141
-3494
-2138
-3495
-2135
-3497
-2133
-3499
-2130
-3500
-2127
-3502
-2124
-3504
-2122
-3505
-2119
-3507
-2116
-3508
-2114
-3510
-2111
-3512
-2108
-3513
-2106
-3515
-2103
-3516
-2100
-3518
-2098
-3520
-2095
-3521
-2092
-3523
-2090
-3524
-2087
-3526
-2084
-3528
-2081
-3529
-2079
-3531
-2076
-3532
-2073
-3534
-2071
-3536
-2068
-3537
-2065
-3539
-2062
-3540
-2060
-3542
-2057
-3544
-2054
-3545
-2052
-3547
-2049
-3548
-2046
-3550
-2043
-3551
-2041
-3553
-2038
-3554
-2035
-3556
-2032
-3558
-2030
-3559
-2027
-3561
-2024
-3562
-2022
-3564
-2019
-3565
-2016
-3567
-2013
-3568
-2011
-3570
-2008
-3572
-2005
-3573
-2002
-3575
-2000
-3576
-1997
-3578
-1994
-3579
-1992
-3581
-1989
-3582
-1986
-3584
-1983
-3585
-1980
-3587
-1978
-3588
-1975
-3590
-1972
-3591
-1970
-3593
-1967
-3594
-1964
-3596
-1961
-3597
-1958
-3599
-1956
-3600
-1953
-3602
-1950
-3603
-1947
-3605
-1945
-3606
-1942
-3608
-1939
-3609
-1936
-3611
-1934
-3612
-1931
-3614
-1928
-3615
-1925
-3617
-1922
-3618
-1920
-3620
-1917
-3621
-1914
-3623
-1911
-3624
-1909
-3626
-1906
-3627
-1903
-3628
-1900
-3630
-1898
-3631
-1895
-3633
-1892
-3634
-1889
-3636
-1886
-3637
-1884
-3639
-1881
-3640
-1878
-3642
-1875
-3643
-1872
-3644
-1870
-3646
-1867
-3647
-1864
-3649
-1861
-3650
-1858
-3652
-1856
-3653
-1853
-3654
-1850
-3656
-1847
-3657
-1844
-3659
-1842
-3660
-1839
-3661
-1836
-3663
-1833
-3664
-1830
-3666
-1828
-3667
-1825
-3668
-1822
-3670
-1819
-3671
-1816
-3673
-1813
-3674
-1811
-3675
-1808
-3677
-1805
-3678
-1802
-3680
-1799
-3681
-1796
-3682
-1794
-3684
-1791
-3685
-1788
-3686
-1785
-3688
-1782
-3689
-1780
-3690
-1777
-3692
-1774
-3693
-1771
-3695
-1768
-3696
-1765
-3697
-1762
-3699
-1760
-3700
-1757
-3701
-1754
-3703
-1751
-3704
-1748
-3705
-1746
-3707
-1743
-3708
-1740
-3709
-1737
-3711
-1734
-3712
-1731
-3713
-1728
-3715
-1726
-3716
-1723
-3717
-1720
-3719
-1717
-3720
-1714
-3721
-1711
-3723
-1708
-3724
-1706
-3725
-1703
-3726
-1700
-3728
-1697
-3729
-1694
-3730
-1691
-3732
-1688
-3733
-1686
-3734
-1683
-3736
-1680
-3737
-1677
-3738
-1674
-3739
-1671
-3741
-1668
-3742
-1666
-3743
-1663
-3744
-1660
-3746
-1657
-3747
-1654
-3748
-1651
-3750
-1648
-3751
-1645
-3752
-1642
-3753
-1640
-3755
-1637
-3756
-1634
-3757
-1631
-3758
-1628
-3760
-1625
-3761
-1622
-3762
-1620
-3763
-1617
-3765
-1614
-3766
-1611
-3767
-1608
-3768
-1605
-3770
-1602
-3771
-1599
-3772
-1596
-3773
-1594
-3774
-1591
-3776
-1588
-3777
-1585
-3778
-1582
-3779
-1579
-3780
-1576
-3782
-1573
-3783
-1570
-3784
-1567
-3785
-1564
-3786
-1562
-3788
-1559
-3789
-1556
-3790
-1553
-3791
-1550
-3792
-1547
-3794
-1544
-3795
-1541
-3796
-1538
-3797
-1535
-3798
-1532
-3800
-1530
-3801
-1527
-3802
-1524
-3803
-1521
-3804
-1518
-3805
-1515
-3807
-1512
-3808
-1509
-3809
-1506
-3810
-1503
-3811
-1500
-3812
-1498
-3814
-1495
-3815
-1492
-3816
-1489
-3817
-1486
-3818
-1483
-3819
-1480
-3820
-1477
-3822
-1474
-3823
-1471
-3824
-1468
-3825
-1465
-3826
-1462
-3827
-1459
-3828
-1456
-3829
-1454
-3830
-1451
-3832
-1448
-3833
-1445
-3834
-1442
-3835
-1439
-3836
-1436
-3837
-1433
-3838
-1430
-3839
-1427
-3840
-1424
-3842
-1421
-3842
-1418
-3844
-1415
-3845
-1412
-3846
-1409
-3847
-1406
-3848
-1404
-3849
-1400
-3850
-1398
-3851
-1395
-3852
-1392
-3853
-1389
-3854
-1386
-3856
-1383
-3856
-1380
-3858
-1377
-3859
-1374
-3860
-1371
-3861
-1368
-3862
-1365
-3863
-1362
-3864
-1359
-3865
-1356
-3866
-1353
-3867
-1350
-3868
-1347
-3869
-1344
-3870
-1341
-3871
-1338
-3872
-1335
-3873
-1332
-3874
-1329
-3875
-1326
-3876
-1324
-3877
-1320
-3878
-1318
-3879
-1315
-3880
-1312
-3881
-1309
-3882
-1306
-3883
-1303
-3884
-1300
-3885
-1297
-3886
-1294
-3887
-1291
-3888
-1288
-3889
-1285
-3890
-1282
-3891
-1279
-3892
-1276
-3893
-1273
-3894
-1270
-3895
-1267
-3896
-1264
-3897
-1261
-3898
-1258
-3899
-1255
-3900
-1252
-3901
-1249
-3902
-1246
-3903
-1243
-3904
-1240
-3905
-1237
-3906
-1234
-3907
-1231
-3908
-1228
-3908
-1225
-3909
-1222
-3910
-1219
-3911
-1216
-3912
-1213
-3913
-1210
-3914
-1207
-3915
-1204
-3916
-1201
-3917
-1198
-3918
-1195
-3919
-1192
-3920
-1189
-3920
-1186
-3921
-1183
-3922
-1180
-3923
-1177
-3924
-1174
-3925
-1171
-3926
-1168
-3927
-1165
-3928
-1162
-3929
-1159
-3930
-1156
-3930
-1153
-3931
-1150
-3932
-1147
-3933
-1144
-3934
-1141
-3935
-1138
-3936
-1135
-3936
-1132
-3937
-1129
-3938
-1126
-3939
-1123
-3940
-1120
-3941
-1117
-3942
-1114
-3942
-1110
-3943
-1108
-3944
-1104
-3945
-1102
-3946
-1098
-3947
-1095
-3948
-1092
-3948
-1089
-3949
-1086
-3950
-1083
-3951
-1080
-3952
-1077
-3952
-1074
-3953
-1071
-3954
-1068
-3955
-1065
-3956
-1062
-3957
-1059
-3958
-1056
-3958
-1053
-3959
-1050
-3960
-1047
-3961
-1044
-3962
-1041
-3962
-1038
-3963
-1035
-3964
-1032
-3965
-1029
-3965
-1026
-3966
-1023
-3967
-1020
-3968
-1016
-3969
-1014
-3969
-1010
-3970
-1007
-3971
-1004
-3972
-1001
-3972
-998
-3973
-995
-3974
-992
-3975
-989
-3976
-986
-3976
-983
-3977
-980
-3978
-977
-3978
-974
-3979
-971
-3980
-968
-3981
-965
-3982
-962
-3982
-959
-3983
-956
-3984
-952
-3984
-949
-3985
-946
-3986
-943
-3986
-940
-3987
-937
-3988
-934
-3989
-931
-3989
-928
-3990
-925
-3991
-922
-3992
-919
-3992
-916
-3993
-913
-3994
-910
-3994
-907
-3995
-904
-3996
-900
-3996
-897
-3997
-894
-3998
-891
-3998
-888
-3999
-885
-4000
-882
-4000
-879
-4001
-876
-4002
-873
-4002
-870
-4003
-867
-4004
-864
-4004
-860
-4005
-858
-4006
-854
-4006
-851
-4007
-848
-4008
-845
-4008
-842
-4009
-839
-4010
-836
-4010
-833
-4011
-830
-4012
-827
-4012
-824
-4013
-821
-4014
-818
-4014
-814
-4015
-811
-4015
-808
-4016
-805
-4017
-802
-4017
-799
-4018
-796
-4018
-793
-4019
-790
-4020
-787
-4020
-784
-4021
-780
-4022
-778
-4022
-774
-4023
-771
-4023
-768
-4024
-765
-4024
-762
-4025
-759
-4026
-756
-4026
-753
-4027
-750
-4027
-747
-4028
-744
-4028
-740
-4029
-737
-4030
-734
-4030
-731
-4031
-728
-4031
-725
-4032
-722
-4032
-719
-4033
-716
-4034
-713
-4034
-710
-4034
-706
-4035
-703
-4036
-700
-4036
-697
-4037
-694
-4037
-691
-4038
-688
-4038
-685
-4039
-682
-4039
-678
-4040
-675
-4040
-672
-4041
-669
-4041
-666
-4042
-663
-4042
-660
-4043
-657
-4043
-654
-4044
-651
-4044
-648
-4045
-644
-4045
-641
-4046
-638
-4046
-635
-4047
-632
-4047
-629
-4048
-626
-4048
-623
-4049
-620
-4049
-616
-4050
-613
-4050
-610
-4051
-607
-4051
-604
-4052
-601
-4052
-598
-4052
-595
-4053
-592
-4053
-588
-4054
-585
-4054
-582
-4055
-579
-4055
-576
-4056
-573
-4056
-570
-4056
-567
-4057
-564
-4057
-560
-4058
-557
-4058
-554
-4059
-551
-4059
-548
-4060
-545
-4060
-542
-4060
-539
-4061
-536
-4061
-532
-4062
-529
-4062
-526
-4062
-523
-4063
-520
-4063
-517
-4064
-514
-4064
-511
-4064
-508
-4065
-504
-4065
-501
-4066
-498
-4066
-495
-4066
-492
-4067
-489
-4067
-486
-4067
-483
-4068
-480
-4068
-476
-4068
-473
-4069
-470
-4069
-467
-4070
-464
-4070
-461
-4070
-458
-4071
-454
-4071
-451
-4071
-448
-4072
-445
-4072
-442
-4072
-439
-4073
-436
-4073
-433
-4073
-430
-4074
-426
-4074
-423
-4074
-420
-4075
-417
-4075
-414
-4075
-411
-4076
-408
-4076
-404
-4076
-401
-4076
-398
-4077
-395
-4077
-392
-4077
-389
-4078
-386
-4078
-383
-4078
-380
-4079
-376
-4079
-373
-4079
-370
-4080
-367
-4080
-364
-4080
-361
-4080
-358
-4081
-354
-4081
-351
-4081
-348
-4081
-345
-4082
-342
-4082
-339
-4082
-336
-4082
-333
-4083
-330
-4083
-326
-4083
-323
-4083
-320
-4084
-317
-4084
-314
-4084
-311
-4084
-308
-4085
-304
-4085
-301
-4085
-298
-4085
-295
-4086
-292
-4086
-289
-4086
-286
-4086
-282
-4086
-279
-4087
-276
-4087
-273
-4087
-270
-4087
-267
-4088
-264
-4088
-260
-4088
-257
-4088
-254
-4088
-251
-4088
-248
-4089
-245
-4089
-242
-4089
-239
-4089
-235
-4089
-232
-4090
-229
-4090
-226
-4090
-223
-4090
-220
-4090
-217
-4090
-214
-4090
-210
-4091
-207
-4091
-204
-4091
-201
-4091
-198
-4091
-195
-4092
-192
-4092
-188
-4092
-185
-4092
-182
-4092
-179
-4092
-176
-4092
-173
-4092
-170
-4092
-166
-4093
-163
-4093
-160
-4093
-157
-4093
-154
-4093
-151
-4093
-148
-4093
-144
-4094
-141
-4094
-138
-4094
-135
-4094
-132
-4094
-129
-4094
-126
-4094
-122
-4094
-119
-4094
-116
-4094
-113
-4094
-110
-4094
-107
-4095
-104
-4095
-100
-4095
-97
-4095
-94
-4095
-91
-4095
-88
-4095
-85
-4095
-82
-4095
-78
-4095
-75
-4095
-72
-4095
-69
-4095
-66
-4096
-63
-4096
-60
-4096
-56
-4096
-53
-4096
-50
-4096
-47
-4096
-44
-4096
-41
-4096
-38
-4096
-34
-4096
-31
-4096
-28
-4096
-25
-4096
-22
-4096
-19
-4096
-16
-4096
-12
-4096
-9
-4096
-6
-4096
-3
