524287
0
524248
-6434
524130
-12867
523933
-19298
523656
-25726
523301
-32150
522867
-38569
522355
-44982
521763
-51389
521093
-57788
520345
-64178
519518
-70559
518613
-76929
517630
-83287
516569
-89633
515430
-95966
514214
-102284
512920
-108586
511549
-114872
510101
-121141
508576
-127392
506974
-133623
505296
-139834
503542
-146024
501712
-152193
499807
-158338
497826
-164460
495770
-170556
493640
-176627
491436
-182672
489157
-188689
486804
-194677
484379
-200636
481880
-206565
479309
-212463
476666
-218329
473951
-224162
471164
-229961
468307
-235726
465379
-241455
462381
-247148
459313
-252803
456176
-258420
452970
-263999
449697
-269538
446355
-275036
442946
-280493
439471
-285907
435930
-291279
432322
-296606
428650
-301889
424913
-307127
421112
-312318
417248
-317462
413320
-322558
409331
-327606
405280
-332605
401168
-337553
396996
-342451
392763
-347297
388472
-352090
384122
-356831
379714
-361518
375249
-366150
370728
-370728
366150
-375249
361518
-379714
356831
-384122
352090
-388472
347297
-392763
342451
-396996
337553
-401168
332605
-405280
327606
-409331
322558
-413320
317462
-417248
312318
-421112
307127
-424913
301889
-428650
296606
-432322
291279
-435930
285907
-439471
280493
-442946
275036
-446355
269538
-449697
263999
-452970
258420
-456176
252803
-459313
247148
-462381
241455
-465379
235726
-468307
229961
-471164
224162
-473951
218329
-476666
212463
-479309
206565
-481880
200636
-484379
194677
-486804
188689
-489157
182672
-491436
176627
-493640
170556
-495770
164460
-497826
158338
-499807
152193
-501712
146024
-503542
139834
-505296
133623
-506974
127392
-508576
121141
-510101
114872
-511549
108586
-512920
102284
-514214
95966
-515430
89633
-516569
83287
-517630
76929
-518613
70559
-519518
64178
-520345
57788
-521093
51389
-521763
44982
-522355
38569
-522867
32150
-523301
25726
-523656
19298
-523933
12867
-524130
6434
-524248
0
-524288
-6434
-524248
-12867
-524130
-19298
-523933
-25726
-523656
-32150
-523301
-38569
-522867
-44982
-522355
-51389
-521763
-57788
-521093
-64178
-520345
-70559
-519518
-76929
-518613
-83287
-517630
-89633
-516569
-95966
-515430
-102284
-514214
-108586
-512920
-114872
-511549
-121141
-510101
-127392
-508576
-133623
-506974
-139834
-505296
-146024
-503542
-152193
-501712
-158338
-499807
-164460
-497826
-170556
-495770
-176627
-493640
-182672
-491436
-188689
-489157
-194677
-486804
-200636
-484379
-206565
-481880
-212463
-479309
-218329
-476666
-224162
-473951
-229961
-471164
-235726
-468307
-241455
-465379
-247148
-462381
-252803
-459313
-258420
-456176
-263999
-452970
-269538
-449697
-275036
-446355
-280493
-442946
-285907
-439471
-291279
-435930
-296606
-432322
-301889
-428650
-307127
-424913
-312318
-421112
-317462
-417248
-322558
-413320
-327606
-409331
-332605
-405280
-337553
-401168
-342451
-396996
-347297
-392763
-352090
-388472
-356831
-384122
-361518
-379714
-366150
-375249
-370728
-370728
-375249
-366150
-379714
-361518
-384122
-356831
-388472
-352090
-392763
-347297
-396996
-342451
-401168
-337553
-405280
-332605
-409331
-327606
-413320
-322558
-417248
-317462
-421112
-312318
-424913
-307127
-428650
-301889
-432322
-296606
-435930
-291279
-439471
-285907
-442946
-280493
-446355
-275036
-449697
-269538
-452970
-263999
-456176
-258420
-459313
-252803
-462381
-247148
-465379
-241455
-468307
-235726
-471164
-229961
-473951
-224162
-476666
-218329
-479309
-212463
-481880
-206565
-484379
-200636
-486804
-194677
-489157
-188689
-491436
-182672
-493640
-176627
-495770
-170556
-497826
-164460
-499807
-158338
-501712
-152193
-503542
-146024
-505296
-139834
-506974
-133623
-508576
-127392
-510101
-121141
-511549
-114872
-512920
-108586
-514214
-102284
-515430
-95966
-516569
-89633
-517630
-83287
-518613
-76929
-519518
-70559
-520345
-64178
-521093
-57788
-521763
-51389
-522355
-44982
-522867
-38569
-523301
-32150
-523656
-25726
-523933
-19298
-524130
-12867
-524248
-6434
