8388607
0
8388598
-12868
8388568
-25736
8388519
-38604
8388450
-51472
8388361
-64339
8388253
-77207
8388124
-90074
8387976
-102941
8387808
-115808
8387621
-128674
8387414
-141541
8387187
-154407
8386940
-167272
8386674
-180138
8386387
-193002
8386082
-205867
8385756
-218730
8385410
-231594
8385045
-244457
8384660
-257319
8384256
-270180
8383832
-283041
8383388
-295902
8382924
-308761
8382440
-321620
8381937
-334478
8381414
-347336
8380871
-360192
8380309
-373048
8379727
-385903
8379125
-398756
8378504
-411609
8377862
-424461
8377201
-437312
8376521
-450162
8375820
-463011
8375100
-475859
8374360
-488706
8373601
-501551
8372822
-514396
8372023
-527239
8371204
-540081
8370366
-552921
8369508
-565760
8368630
-578598
8367732
-591435
8366815
-604270
8365879
-617104
8364922
-629937
8363946
-642768
8362950
-655597
8361935
-668425
8360900
-681251
8359845
-694076
8358770
-706899
8357676
-719720
8356562
-732540
8355428
-745358
8354275
-758174
8353102
-770988
8351910
-783801
8350698
-796612
8349466
-809420
8348214
-822227
8346943
-835032
8345653
-847835
8344342
-860636
8343012
-873436
8341663
-886232
8340293
-899027
8338904
-911820
8337496
-924611
8336068
-937399
8334620
-950186
8333153
-962970
8331666
-975751
8330159
-988531
8328633
-1001308
8327087
-1014083
8325522
-1026855
8323937
-1039625
8322332
-1052393
8320708
-1065158
8319064
-1077920
8317401
-1090680
8315718
-1103438
8314016
-1116192
8312294
-1128945
8310552
-1141694
8308791
-1154441
8307010
-1167185
8305210
-1179927
8303390
-1192665
8301551
-1205401
8299692
-1218134
8297814
-1230864
8295916
-1243592
8293999
-1256316
8292062
-1269037
8290105
-1281756
8288129
-1294471
8286134
-1307183
8284119
-1319892
8282084
-1332599
8280031
-1345302
8277957
-1358001
8275864
-1370698
8273752
-1383392
8271620
-1396082
8269469
-1408768
8267298
-1421452
8265108
-1434132
8262898
-1446809
8260669
-1459482
8258420
-1472152
8256153
-1484819
8253865
-1497482
8251558
-1510142
8249232
-1522798
8246886
-1535450
8244522
-1548098
8242137
-1560744
8239733
-1573385
8237310
-1586023
8234867
-1598657
8232405
-1611287
8229924
-1623914
8227423
-1636536
8224903
-1649155
8222364
-1661770
8219805
-1674381
8217227
-1686988
8214629
-1699591
8212012
-1712190
8209376
-1724785
8206721
-1737376
8204046
-1749963
8201352
-1762546
8198639
-1775124
8195906
-1787699
8193154
-1800269
8190383
-1812835
8187592
-1825397
8184783
-1837954
8181954
-1850508
8179105
-1863056
8176238
-1875601
8173351
-1888141
8170445
-1900676
8167520
-1913207
8164576
-1925734
8161612
-1938256
8158629
-1950773
8155627
-1963286
8152606
-1975794
8149565
-1988298
8146506
-2000797
8143427
-2013291
8140329
-2025781
8137212
-2038265
8134076
-2050745
8130920
-2063220
8127746
-2075691
8124552
-2088156
8121339
-2100616
8118108
-2113072
8114856
-2125522
8111586
-2137968
8108297
-2150408
8104989
-2162844
8101662
-2175274
8098316
-2187700
8094950
-2200120
8091566
-2212534
8088162
-2224944
8084740
-2237349
8081298
-2249748
8077837
-2262142
8074358
-2274530
8070859
-2286914
8067342
-2299292
8063805
-2311664
8060250
-2324031
8056675
-2336392
8053082
-2348748
8049469
-2361099
8045838
-2373444
8042188
-2385783
8038518
-2398117
8034830
-2410445
8031123
-2422768
8027397
-2435084
8023652
-2447395
8019889
-2459700
8016106
-2472000
8012305
-2484294
8008484
-2496582
8004645
-2508863
8000787
-2521139
7996911
-2533410
7993015
-2545674
7989101
-2557932
7985167
-2570184
7981215
-2582430
7977245
-2594670
7973255
-2606904
7969247
-2619132
7965220
-2631353
7961174
-2643568
7957109
-2655778
7953026
-2667981
7948924
-2680177
7944803
-2692368
7940664
-2704552
7936506
-2716729
7932329
-2728900
7928134
-2741065
7923920
-2753224
7919687
-2765376
7915436
-2777521
7911166
-2789660
7906877
-2801792
7902570
-2813918
7898244
-2826037
7893900
-2838149
7889537
-2850255
7885155
-2862354
7880755
-2874446
7876336
-2886532
7871899
-2898611
7867444
-2910683
7862970
-2922748
7858477
-2934806
7853966
-2946857
7849436
-2958902
7844888
-2970939
7840321
-2982969
7835736
-2994993
7831133
-3007009
7826511
-3019018
7821870
-3031020
7817212
-3043016
7812535
-3055003
7807839
-3066984
7803125
-3078958
7798393
-3090924
7793642
-3102883
7788874
-3114834
7784086
-3126779
7779281
-3138716
7774457
-3150645
7769615
-3162567
7764754
-3174482
7759875
-3186389
7754978
-3198289
7750063
-3210181
7745130
-3222066
7740178
-3233943
7735208
-3245812
7730220
-3257674
7725214
-3269528
7720189
-3281375
7715146
-3293214
7710086
-3305045
7705007
-3316868
7699910
-3328683
7694794
-3340491
7689661
-3352291
7684510
-3364082
7679340
-3375866
7674153
-3387642
7668947
-3399410
7663724
-3411170
7658482
-3422922
7653222
-3434666
7647944
-3446402
7642649
-3458130
7637335
-3469850
7632003
-3481561
7626654
-3493264
7621286
-3504959
7615901
-3516646
7610497
-3528325
7605076
-3539995
7599637
-3551657
7594180
-3563310
7588705
-3574955
7583212
-3586592
7577701
-3598220
7572172
-3609840
7566626
-3621451
7561062
-3633054
7555480
-3644648
7549880
-3656234
7544263
-3667811
7538628
-3679380
7532975
-3690939
7527304
-3702490
7521616
-3714033
7515910
-3725566
7510186
-3737091
7504444
-3748608
7498685
-3760115
7492908
-3771613
7487114
-3783103
7481302
-3794583
7475472
-3806055
7469625
-3817518
7463760
-3828972
7457878
-3840416
7451978
-3851852
7446061
-3863279
7440126
-3874696
7434173
-3886105
7428203
-3897504
7422216
-3908894
7416211
-3920275
7410189
-3931647
7404149
-3943009
7398092
-3954362
7392017
-3965706
7385925
-3977041
7379816
-3988366
7373689
-3999682
7367545
-4010988
7361383
-4022285
7355205
-4033573
7349008
-4044851
7342795
-4056119
7336564
-4067378
7330317
-4078627
7324052
-4089867
7317769
-4101097
7311470
-4112318
7305153
-4123528
7298819
-4134730
7292468
-4145921
7286099
-4157103
7279714
-4168274
7273311
-4179436
7266891
-4190589
7260454
-4201731
7254000
-4212864
7247530
-4223986
7241042
-4235099
7234536
-4246201
7228014
-4257294
7221475
-4268376
7214919
-4279449
7208346
-4290512
7201756
-4301564
7195149
-4312606
7188525
-4323638
7181884
-4334660
7175226
-4345672
7168552
-4356674
7161860
-4367665
7155152
-4378646
7148427
-4389617
7141685
-4400577
7134926
-4411527
7128150
-4422467
7121358
-4433396
7114549
-4444315
7107723
-4455223
7100881
-4466121
7094021
-4477008
7087145
-4487885
7080253
-4498752
7073343
-4509607
7066417
-4520452
7059475
-4531287
7052516
-4542110
7045540
-4552924
7038547
-4563726
7031538
-4574518
7024513
-4585298
7017471
-4596068
7010412
-4606828
7003337
-4617576
6996246
-4628314
6989138
-4639040
6982013
-4649756
6974873
-4660461
6967715
-4671155
6960542
-4681838
6953352
-4692509
6946145
-4703170
6938922
-4713820
6931683
-4724458
6924428
-4735086
6917156
-4745702
6909868
-4756308
6902564
-4766902
6895244
-4777484
6887907
-4788056
6880554
-4798616
6873185
-4809165
6865800
-4819703
6858398
-4830229
6850981
-4840744
6843547
-4851248
6836098
-4861740
6828632
-4872220
6821150
-4882690
6813652
-4893148
6806138
-4903594
6798608
-4914028
6791062
-4924452
6783500
-4934863
6775922
-4945263
6768328
-4955652
6760718
-4966028
6753092
-4976393
6745451
-4986746
6737793
-4997088
6730120
-5007418
6722430
-5017736
6714726
-5028042
6707005
-5038336
6699268
-5048619
6691516
-5058889
6683748
-5069148
6675964
-5079395
6668164
-5089630
6660349
-5099852
6652518
-5110063
6644672
-5120262
6636809
-5130449
6628932
-5140624
6621038
-5150786
6613129
-5160937
6605204
-5171075
6597264
-5181201
6589309
-5191315
6581338
-5201417
6573351
-5211506
6565349
-5221584
6557332
-5231649
6549298
-5241701
6541250
-5251742
6533186
-5261770
6525107
-5271785
6517013
-5281788
6508903
-5291779
6500778
-5301757
6492637
-5311723
6484482
-5321676
6476311
-5331617
6468124
-5341546
6459923
-5351461
6451706
-5361364
6443474
-5371255
6435228
-5381133
6426965
-5390998
6418688
-5400850
6410396
-5410690
6402088
-5420517
6393766
-5430332
6385428
-5440133
6377076
-5449922
6368708
-5459698
6360326
-5469461
6351928
-5479211
6343516
-5488948
6335088
-5498672
6326646
-5508384
6318189
-5518082
6309717
-5527768
6301230
-5537440
6292728
-5547100
6284212
-5556746
6275680
-5566380
6267134
-5576000
6258573
-5585607
6249998
-5595201
6241407
-5604782
6232802
-5614349
6224183
-5623904
6215548
-5633445
6206900
-5642973
6198236
-5652487
6189558
-5661989
6180865
-5671477
6172158
-5680951
6163436
-5690412
6154700
-5699860
6145949
-5709295
6137184
-5718716
6128405
-5728124
6119611
-5737518
6110802
-5746898
6101979
-5756265
6093142
-5765619
6084291
-5774959
6075425
-5784285
6066545
-5793598
6057650
-5802897
6048742
-5812183
6039819
-5821454
6030882
-5830713
6021930
-5839957
6012965
-5849188
6003985
-5858404
5994992
-5867608
5985984
-5876797
5976962
-5885972
5967926
-5895134
5958876
-5904282
5949812
-5913416
5940734
-5922536
5931642
-5931642
5922536
-5940734
5913416
-5949812
5904282
-5958876
5895134
-5967926
5885972
-5976962
5876797
-5985984
5867608
-5994992
5858404
-6003985
5849188
-6012965
5839957
-6021930
5830713
-6030882
5821454
-6039819
5812183
-6048742
5802897
-6057650
5793598
-6066545
5784285
-6075425
5774959
-6084291
5765619
-6093142
5756265
-6101979
5746898
-6110802
5737518
-6119611
5728124
-6128405
5718716
-6137184
5709295
-6145949
5699860
-6154700
5690412
-6163436
5680951
-6172158
5671477
-6180865
5661989
-6189558
5652487
-6198236
5642973
-6206900
5633445
-6215548
5623904
-6224183
5614349
-6232802
5604782
-6241407
5595201
-6249998
5585607
-6258573
5576000
-6267134
5566380
-6275680
5556746
-6284212
5547100
-6292728
5537440
-6301230
5527768
-6309717
5518082
-6318189
5508384
-6326646
5498672
-6335088
5488948
-6343516
5479211
-6351928
5469461
-6360326
5459698
-6368708
5449922
-6377076
5440133
-6385428
5430332
-6393766
5420517
-6402088
5410690
-6410396
5400850
-6418688
5390998
-6426965
5381133
-6435228
5371255
-6443474
5361364
-6451706
5351461
-6459923
5341546
-6468124
5331617
-6476311
5321676
-6484482
5311723
-6492637
5301757
-6500778
5291779
-6508903
5281788
-6517013
5271785
-6525107
5261770
-6533186
5251742
-6541250
5241701
-6549298
5231649
-6557332
5221584
-6565349
5211506
-6573351
5201417
-6581338
5191315
-6589309
5181201
-6597264
5171075
-6605204
5160937
-6613129
5150786
-6621038
5140624
-6628932
5130449
-6636809
5120262
-6644672
5110063
-6652518
5099852
-6660349
5089630
-6668164
5079395
-6675964
5069148
-6683748
5058889
-6691516
5048619
-6699268
5038336
-6707005
5028042
-6714726
5017736
-6722430
5007418
-6730120
4997088
-6737793
4986746
-6745451
4976393
-6753092
4966028
-6760718
4955652
-6768328
4945263
-6775922
4934863
-6783500
4924452
-6791062
4914028
-6798608
4903594
-6806138
4893148
-6813652
4882690
-6821150
4872220
-6828632
4861740
-6836098
4851248
-6843547
4840744
-6850981
4830229
-6858398
4819703
-6865800
4809165
-6873185
4798616
-6880554
4788056
-6887907
4777484
-6895244
4766902
-6902564
4756308
-6909868
4745702
-6917156
4735086
-6924428
4724458
-6931683
4713820
-6938922
4703170
-6946145
4692509
-6953352
4681838
-6960542
4671155
-6967715
4660461
-6974873
4649756
-6982013
4639040
-6989138
4628314
-6996246
4617576
-7003337
4606828
-7010412
4596068
-7017471
4585298
-7024513
4574518
-7031538
4563726
-7038547
4552924
-7045540
4542110
-7052516
4531287
-7059475
4520452
-7066417
4509607
-7073343
4498752
-7080253
4487885
-7087145
4477008
-7094021
4466121
-7100881
4455223
-7107723
4444315
-7114549
4433396
-7121358
4422467
-7128150
4411527
-7134926
4400577
-7141685
4389617
-7148427
4378646
-7155152
4367665
-7161860
4356674
-7168552
4345672
-7175226
4334660
-7181884
4323638
-7188525
4312606
-7195149
4301564
-7201756
4290512
-7208346
4279449
-7214919
4268376
-7221475
4257294
-7228014
4246201
-7234536
4235099
-7241042
4223986
-7247530
4212864
-7254000
4201731
-7260454
4190589
-7266891
4179436
-7273311
4168274
-7279714
4157103
-7286099
4145921
-7292468
4134730
-7298819
4123528
-7305153
4112318
-7311470
4101097
-7317769
4089867
-7324052
4078627
-7330317
4067378
-7336564
4056119
-7342795
4044851
-7349008
4033573
-7355205
4022285
-7361383
4010988
-7367545
3999682
-7373689
3988366
-7379816
3977041
-7385925
3965706
-7392017
3954362
-7398092
3943009
-7404149
3931647
-7410189
3920275
-7416211
3908894
-7422216
3897504
-7428203
3886105
-7434173
3874696
-7440126
3863279
-7446061
3851852
-7451978
3840416
-7457878
3828972
-7463760
3817518
-7469625
3806055
-7475472
3794583
-7481302
3783103
-7487114
3771613
-7492908
3760115
-7498685
3748608
-7504444
3737091
-7510186
3725566
-7515910
3714033
-7521616
3702490
-7527304
3690939
-7532975
3679380
-7538628
3667811
-7544263
3656234
-7549880
3644648
-7555480
3633054
-7561062
3621451
-7566626
3609840
-7572172
3598220
-7577701
3586592
-7583212
3574955
-7588705
3563310
-7594180
3551657
-7599637
3539995
-7605076
3528325
-7610497
3516646
-7615901
3504959
-7621286
3493264
-7626654
3481561
-7632003
3469850
-7637335
3458130
-7642649
3446402
-7647944
3434666
-7653222
3422922
-7658482
3411170
-7663724
3399410
-7668947
3387642
-7674153
3375866
-7679340
3364082
-7684510
3352291
-7689661
3340491
-7694794
3328683
-7699910
3316868
-7705007
3305045
-7710086
3293214
-7715146
3281375
-7720189
3269528
-7725214
3257674
-7730220
3245812
-7735208
3233943
-7740178
3222066
-7745130
3210181
-7750063
3198289
-7754978
3186389
-7759875
3174482
-7764754
3162567
-7769615
3150645
-7774457
3138716
-7779281
3126779
-7784086
3114834
-7788874
3102883
-7793642
3090924
-7798393
3078958
-7803125
3066984
-7807839
3055003
-7812535
3043016
-7817212
3031020
-7821870
3019018
-7826511
3007009
-7831133
2994993
-7835736
2982969
-7840321
2970939
-7844888
2958902
-7849436
2946857
-7853966
2934806
-7858477
2922748
-7862970
2910683
-7867444
2898611
-7871899
2886532
-7876336
2874446
-7880755
2862354
-7885155
2850255
-7889537
2838149
-7893900
2826037
-7898244
2813918
-7902570
2801792
-7906877
2789660
-7911166
2777521
-7915436
2765376
-7919687
2753224
-7923920
2741065
-7928134
2728900
-7932329
2716729
-7936506
2704552
-7940664
2692368
-7944803
2680177
-7948924
2667981
-7953026
2655778
-7957109
2643568
-7961174
2631353
-7965220
2619132
-7969247
2606904
-7973255
2594670
-7977245
2582430
-7981215
2570184
-7985167
2557932
-7989101
2545674
-7993015
2533410
-7996911
2521139
-8000787
2508863
-8004645
2496582
-8008484
2484294
-8012305
2472000
-8016106
2459700
-8019889
2447395
-8023652
2435084
-8027397
2422768
-8031123
2410445
-8034830
2398117
-8038518
2385783
-8042188
2373444
-8045838
2361099
-8049469
2348748
-8053082
2336392
-8056675
2324031
-8060250
2311664
-8063805
2299292
-8067342
2286914
-8070859
2274530
-8074358
2262142
-8077837
2249748
-8081298
2237349
-8084740
2224944
-8088162
2212534
-8091566
2200120
-8094950
2187700
-8098316
2175274
-8101662
2162844
-8104989
2150408
-8108297
2137968
-8111586
2125522
-8114856
2113072
-8118108
2100616
-8121339
2088156
-8124552
2075691
-8127746
2063220
-8130920
2050745
-8134076
2038265
-8137212
2025781
-8140329
2013291
-8143427
2000797
-8146506
1988298
-8149565
1975794
-8152606
1963286
-8155627
1950773
-8158629
1938256
-8161612
1925734
-8164576
1913207
-8167520
1900676
-8170445
1888141
-8173351
1875601
-8176238
1863056
-8179105
1850508
-8181954
1837954
-8184783
1825397
-8187592
1812835
-8190383
1800269
-8193154
1787699
-8195906
1775124
-8198639
1762546
-8201352
1749963
-8204046
1737376
-8206721
1724785
-8209376
1712190
-8212012
1699591
-8214629
1686988
-8217227
1674381
-8219805
1661770
-8222364
1649155
-8224903
1636536
-8227423
1623914
-8229924
1611287
-8232405
1598657
-8234867
1586023
-8237310
1573385
-8239733
1560744
-8242137
1548098
-8244522
1535450
-8246886
1522798
-8249232
1510142
-8251558
1497482
-8253865
1484819
-8256153
1472152
-8258420
1459482
-8260669
1446809
-8262898
1434132
-8265108
1421452
-8267298
1408768
-8269469
1396082
-8271620
1383392
-8273752
1370698
-8275864
1358001
-8277957
1345302
-8280031
1332599
-8282084
1319892
-8284119
1307183
-8286134
1294471
-8288129
1281756
-8290105
1269037
-8292062
1256316
-8293999
1243592
-8295916
1230864
-8297814
1218134
-8299692
1205401
-8301551
1192665
-8303390
1179927
-8305210
1167185
-8307010
1154441
-8308791
1141694
-8310552
1128945
-8312294
1116192
-8314016
1103438
-8315718
1090680
-8317401
1077920
-8319064
1065158
-8320708
1052393
-8322332
1039625
-8323937
1026855
-8325522
1014083
-8327087
1001308
-8328633
988531
-8330159
975751
-8331666
962970
-8333153
950186
-8334620
937399
-8336068
924611
-8337496
911820
-8338904
899027
-8340293
886232
-8341663
873436
-8343012
860636
-8344342
847835
-8345653
835032
-8346943
822227
-8348214
809420
-8349466
796612
-8350698
783801
-8351910
770988
-8353102
758174
-8354275
745358
-8355428
732540
-8356562
719720
-8357676
706899
-8358770
694076
-8359845
681251
-8360900
668425
-8361935
655597
-8362950
642768
-8363946
629937
-8364922
617104
-8365879
604270
-8366815
591435
-8367732
578598
-8368630
565760
-8369508
552921
-8370366
540081
-8371204
527239
-8372023
514396
-8372822
501551
-8373601
488706
-8374360
475859
-8375100
463011
-8375820
450162
-8376521
437312
-8377201
424461
-8377862
411609
-8378504
398756
-8379125
385903
-8379727
373048
-8380309
360192
-8380871
347336
-8381414
334478
-8381937
321620
-8382440
308761
-8382924
295902
-8383388
283041
-8383832
270180
-8384256
257319
-8384660
244457
-8385045
231594
-8385410
218730
-8385756
205867
-8386082
193002
-8386387
180138
-8386674
167272
-8386940
154407
-8387187
141541
-8387414
128674
-8387621
115808
-8387808
102941
-8387976
90074
-8388124
77207
-8388253
64339
-8388361
51472
-8388450
38604
-8388519
25736
-8388568
12868
-8388598
0
-8388608
-12868
-8388598
-25736
-8388568
-38604
-8388519
-51472
-8388450
-64339
-8388361
-77207
-8388253
-90074
-8388124
-102941
-8387976
-115808
-8387808
-128674
-8387621
-141541
-8387414
-154407
-8387187
-167272
-8386940
-180138
-8386674
-193002
-8386387
-205867
-8386082
-218730
-8385756
-231594
-8385410
-244457
-8385045
-257319
-8384660
-270180
-8384256
-283041
-8383832
-295902
-8383388
-308761
-8382924
-321620
-8382440
-334478
-8381937
-347336
-8381414
-360192
-8380871
-373048
-8380309
-385903
-8379727
-398756
-8379125
-411609
-8378504
-424461
-8377862
-437312
-8377201
-450162
-8376521
-463011
-8375820
-475859
-8375100
-488706
-8374360
-501551
-8373601
-514396
-8372822
-527239
-8372023
-540081
-8371204
-552921
-8370366
-565760
-8369508
-578598
-8368630
-591435
-8367732
-604270
-8366815
-617104
-8365879
-629937
-8364922
-642768
-8363946
-655597
-8362950
-668425
-8361935
-681251
-8360900
-694076
-8359845
-706899
-8358770
-719720
-8357676
-732540
-8356562
-745358
-8355428
-758174
-8354275
-770988
-8353102
-783801
-8351910
-796612
-8350698
-809420
-8349466
-822227
-8348214
-835032
-8346943
-847835
-8345653
-860636
-8344342
-873436
-8343012
-886232
-8341663
-899027
-8340293
-911820
-8338904
-924611
-8337496
-937399
-8336068
-950186
-8334620
-962970
-8333153
-975751
-8331666
-988531
-8330159
-1001308
-8328633
-1014083
-8327087
-1026855
-8325522
-1039625
-8323937
-1052393
-8322332
-1065158
-8320708
-1077920
-8319064
-1090680
-8317401
-1103438
-8315718
-1116192
-8314016
-1128945
-8312294
-1141694
-8310552
-1154441
-8308791
-1167185
-8307010
-1179927
-8305210
-1192665
-8303390
-1205401
-8301551
-1218134
-8299692
-1230864
-8297814
-1243592
-8295916
-1256316
-8293999
-1269037
-8292062
-1281756
-8290105
-1294471
-8288129
-1307183
-8286134
-1319892
-8284119
-1332599
-8282084
-1345302
-8280031
-1358001
-8277957
-1370698
-8275864
-1383392
-8273752
-1396082
-8271620
-1408768
-8269469
-1421452
-8267298
-1434132
-8265108
-1446809
-8262898
-1459482
-8260669
-1472152
-8258420
-1484819
-8256153
-1497482
-8253865
-1510142
-8251558
-1522798
-8249232
-1535450
-8246886
-1548098
-8244522
-1560744
-8242137
-1573385
-8239733
-1586023
-8237310
-1598657
-8234867
-1611287
-8232405
-1623914
-8229924
-1636536
-8227423
-1649155
-8224903
-1661770
-8222364
-1674381
-8219805
-1686988
-8217227
-1699591
-8214629
-1712190
-8212012
-1724785
-8209376
-1737376
-8206721
-1749963
-8204046
-1762546
-8201352
-1775124
-8198639
-1787699
-8195906
-1800269
-8193154
-1812835
-8190383
-1825397
-8187592
-1837954
-8184783
-1850508
-8181954
-1863056
-8179105
-1875601
-8176238
-1888141
-8173351
-1900676
-8170445
-1913207
-8167520
-1925734
-8164576
-1938256
-8161612
-1950773
-8158629
-1963286
-8155627
-1975794
-8152606
-1988298
-8149565
-2000797
-8146506
-2013291
-8143427
-2025781
-8140329
-2038265
-8137212
-2050745
-8134076
-2063220
-8130920
-2075691
-8127746
-2088156
-8124552
-2100616
-8121339
-2113072
-8118108
-2125522
-8114856
-2137968
-8111586
-2150408
-8108297
-2162844
-8104989
-2175274
-8101662
-2187700
-8098316
-2200120
-8094950
-2212534
-8091566
-2224944
-8088162
-2237349
-8084740
-2249748
-8081298
-2262142
-8077837
-2274530
-8074358
-2286914
-8070859
-2299292
-8067342
-2311664
-8063805
-2324031
-8060250
-2336392
-8056675
-2348748
-8053082
-2361099
-8049469
-2373444
-8045838
-2385783
-8042188
-2398117
-8038518
-2410445
-8034830
-2422768
-8031123
-2435084
-8027397
-2447395
-8023652
-2459700
-8019889
-2472000
-8016106
-2484294
-8012305
-2496582
-8008484
-2508863
-8004645
-2521139
-8000787
-2533410
-7996911
-2545674
-7993015
-2557932
-7989101
-2570184
-7985167
-2582430
-7981215
-2594670
-7977245
-2606904
-7973255
-2619132
-7969247
-2631353
-7965220
-2643568
-7961174
-2655778
-7957109
-2667981
-7953026
-2680177
-7948924
-2692368
-7944803
-2704552
-7940664
-2716729
-7936506
-2728900
-7932329
-2741065
-7928134
-2753224
-7923920
-2765376
-7919687
-2777521
-7915436
-2789660
-7911166
-2801792
-7906877
-2813918
-7902570
-2826037
-7898244
-2838149
-7893900
-2850255
-7889537
-2862354
-7885155
-2874446
-7880755
-2886532
-7876336
-2898611
-7871899
-2910683
-7867444
-2922748
-7862970
-2934806
-7858477
-2946857
-7853966
-2958902
-7849436
-2970939
-7844888
-2982969
-7840321
-2994993
-7835736
-3007009
-7831133
-3019018
-7826511
-3031020
-7821870
-3043016
-7817212
-3055003
-7812535
-3066984
-7807839
-3078958
-7803125
-3090924
-7798393
-3102883
-7793642
-3114834
-7788874
-3126779
-7784086
-3138716
-7779281
-3150645
-7774457
-3162567
-7769615
-3174482
-7764754
-3186389
-7759875
-3198289
-7754978
-3210181
-7750063
-3222066
-7745130
-3233943
-7740178
-3245812
-7735208
-3257674
-7730220
-3269528
-7725214
-3281375
-7720189
-3293214
-7715146
-3305045
-7710086
-3316868
-7705007
-3328683
-7699910
-3340491
-7694794
-3352291
-7689661
-3364082
-7684510
-3375866
-7679340
-3387642
-7674153
-3399410
-7668947
-3411170
-7663724
-3422922
-7658482
-3434666
-7653222
-3446402
-7647944
-3458130
-7642649
-3469850
-7637335
-3481561
-7632003
-3493264
-7626654
-3504959
-7621286
-3516646
-7615901
-3528325
-7610497
-3539995
-7605076
-3551657
-7599637
-3563310
-7594180
-3574955
-7588705
-3586592
-7583212
-3598220
-7577701
-3609840
-7572172
-3621451
-7566626
-3633054
-7561062
-3644648
-7555480
-3656234
-7549880
-3667811
-7544263
-3679380
-7538628
-3690939
-7532975
-3702490
-7527304
-3714033
-7521616
-3725566
-7515910
-3737091
-7510186
-3748608
-7504444
-3760115
-7498685
-3771613
-7492908
-3783103
-7487114
-3794583
-7481302
-3806055
-7475472
-3817518
-7469625
-3828972
-7463760
-3840416
-7457878
-3851852
-7451978
-3863279
-7446061
-3874696
-7440126
-3886105
-7434173
-3897504
-7428203
-3908894
-7422216
-3920275
-7416211
-3931647
-7410189
-3943009
-7404149
-3954362
-7398092
-3965706
-7392017
-3977041
-7385925
-3988366
-7379816
-3999682
-7373689
-4010988
-7367545
-4022285
-7361383
-4033573
-7355205
-4044851
-7349008
-4056119
-7342795
-4067378
-7336564
-4078627
-7330317
-4089867
-7324052
-4101097
-7317769
-4112318
-7311470
-4123528
-7305153
-4134730
-7298819
-4145921
-7292468
-4157103
-7286099
-4168274
-7279714
-4179436
-7273311
-4190589
-7266891
-4201731
-7260454
-4212864
-7254000
-4223986
-7247530
-4235099
-7241042
-4246201
-7234536
-4257294
-7228014
-4268376
-7221475
-4279449
-7214919
-4290512
-7208346
-4301564
-7201756
-4312606
-7195149
-4323638
-7188525
-4334660
-7181884
-4345672
-7175226
-4356674
-7168552
-4367665
-7161860
-4378646
-7155152
-4389617
-7148427
-4400577
-7141685
-4411527
-7134926
-4422467
-7128150
-4433396
-7121358
-4444315
-7114549
-4455223
-7107723
-4466121
-7100881
-4477008
-7094021
-4487885
-7087145
-4498752
-7080253
-4509607
-7073343
-4520452
-7066417
-4531287
-7059475
-4542110
-7052516
-4552924
-7045540
-4563726
-7038547
-4574518
-7031538
-4585298
-7024513
-4596068
-7017471
-4606828
-7010412
-4617576
-7003337
-4628314
-6996246
-4639040
-6989138
-4649756
-6982013
-4660461
-6974873
-4671155
-6967715
-4681838
-6960542
-4692509
-6953352
-4703170
-6946145
-4713820
-6938922
-4724458
-6931683
-4735086
-6924428
-4745702
-6917156
-4756308
-6909868
-4766902
-6902564
-4777484
-6895244
-4788056
-6887907
-4798616
-6880554
-4809165
-6873185
-4819703
-6865800
-4830229
-6858398
-4840744
-6850981
-4851248
-6843547
-4861740
-6836098
-4872220
-6828632
-4882690
-6821150
-4893148
-6813652
-4903594
-6806138
-4914028
-6798608
-4924452
-6791062
-4934863
-6783500
-4945263
-6775922
-4955652
-6768328
-4966028
-6760718
-4976393
-6753092
-4986746
-6745451
-4997088
-6737793
-5007418
-6730120
-5017736
-6722430
-5028042
-6714726
-5038336
-6707005
-5048619
-6699268
-5058889
-6691516
-5069148
-6683748
-5079395
-6675964
-5089630
-6668164
-5099852
-6660349
-5110063
-6652518
-5120262
-6644672
-5130449
-6636809
-5140624
-6628932
-5150786
-6621038
-5160937
-6613129
-5171075
-6605204
-5181201
-6597264
-5191315
-6589309
-5201417
-6581338
-5211506
-6573351
-5221584
-6565349
-5231649
-6557332
-5241701
-6549298
-5251742
-6541250
-5261770
-6533186
-5271785
-6525107
-5281788
-6517013
-5291779
-6508903
-5301757
-6500778
-5311723
-6492637
-5321676
-6484482
-5331617
-6476311
-5341546
-6468124
-5351461
-6459923
-5361364
-6451706
-5371255
-6443474
-5381133
-6435228
-5390998
-6426965
-5400850
-6418688
-5410690
-6410396
-5420517
-6402088
-5430332
-6393766
-5440133
-6385428
-5449922
-6377076
-5459698
-6368708
-5469461
-6360326
-5479211
-6351928
-5488948
-6343516
-5498672
-6335088
-5508384
-6326646
-5518082
-6318189
-5527768
-6309717
-5537440
-6301230
-5547100
-6292728
-5556746
-6284212
-5566380
-6275680
-5576000
-6267134
-5585607
-6258573
-5595201
-6249998
-5604782
-6241407
-5614349
-6232802
-5623904
-6224183
-5633445
-6215548
-5642973
-6206900
-5652487
-6198236
-5661989
-6189558
-5671477
-6180865
-5680951
-6172158
-5690412
-6163436
-5699860
-6154700
-5709295
-6145949
-5718716
-6137184
-5728124
-6128405
-5737518
-6119611
-5746898
-6110802
-5756265
-6101979
-5765619
-6093142
-5774959
-6084291
-5784285
-6075425
-5793598
-6066545
-5802897
-6057650
-5812183
-6048742
-5821454
-6039819
-5830713
-6030882
-5839957
-6021930
-5849188
-6012965
-5858404
-6003985
-5867608
-5994992
-5876797
-5985984
-5885972
-5976962
-5895134
-5967926
-5904282
-5958876
-5913416
-5949812
-5922536
-5940734
-5931642
-5931642
-5940734
-5922536
-5949812
-5913416
-5958876
-5904282
-5967926
-5895134
-5976962
-5885972
-5985984
-5876797
-5994992
-5867608
-6003985
-5858404
-6012965
-5849188
-6021930
-5839957
-6030882
-5830713
-6039819
-5821454
-6048742
-5812183
-6057650
-5802897
-6066545
-5793598
-6075425
-5784285
-6084291
-5774959
-6093142
-5765619
-6101979
-5756265
-6110802
-5746898
-6119611
-5737518
-6128405
-5728124
-6137184
-5718716
-6145949
-5709295
-6154700
-5699860
-6163436
-5690412
-6172158
-5680951
-6180865
-5671477
-6189558
-5661989
-6198236
-5652487
-6206900
-5642973
-6215548
-5633445
-6224183
-5623904
-6232802
-5614349
-6241407
-5604782
-6249998
-5595201
-6258573
-5585607
-6267134
-5576000
-6275680
-5566380
-6284212
-5556746
-6292728
-5547100
-6301230
-5537440
-6309717
-5527768
-6318189
-5518082
-6326646
-5508384
-6335088
-5498672
-6343516
-5488948
-6351928
-5479211
-6360326
-5469461
-6368708
-5459698
-6377076
-5449922
-6385428
-5440133
-6393766
-5430332
-6402088
-5420517
-6410396
-5410690
-6418688
-5400850
-6426965
-5390998
-6435228
-5381133
-6443474
-5371255
-6451706
-5361364
-6459923
-5351461
-6468124
-5341546
-6476311
-5331617
-6484482
-5321676
-6492637
-5311723
-6500778
-5301757
-6508903
-5291779
-6517013
-5281788
-6525107
-5271785
-6533186
-5261770
-6541250
-5251742
-6549298
-5241701
-6557332
-5231649
-6565349
-5221584
-6573351
-5211506
-6581338
-5201417
-6589309
-5191315
-6597264
-5181201
-6605204
-5171075
-6613129
-5160937
-6621038
-5150786
-6628932
-5140624
-6636809
-5130449
-6644672
-5120262
-6652518
-5110063
-6660349
-5099852
-6668164
-5089630
-6675964
-5079395
-6683748
-5069148
-6691516
-5058889
-6699268
-5048619
-6707005
-5038336
-6714726
-5028042
-6722430
-5017736
-6730120
-5007418
-6737793
-4997088
-6745451
-4986746
-6753092
-4976393
-6760718
-4966028
-6768328
-4955652
-6775922
-4945263
-6783500
-4934863
-6791062
-4924452
-6798608
-4914028
-6806138
-4903594
-6813652
-4893148
-6821150
-4882690
-6828632
-4872220
-6836098
-4861740
-6843547
-4851248
-6850981
-4840744
-6858398
-4830229
-6865800
-4819703
-6873185
-4809165
-6880554
-4798616
-6887907
-4788056
-6895244
-4777484
-6902564
-4766902
-6909868
-4756308
-6917156
-4745702
-6924428
-4735086
-6931683
-4724458
-6938922
-4713820
-6946145
-4703170
-6953352
-4692509
-6960542
-4681838
-6967715
-4671155
-6974873
-4660461
-6982013
-4649756
-6989138
-4639040
-6996246
-4628314
-7003337
-4617576
-7010412
-4606828
-7017471
-4596068
-7024513
-4585298
-7031538
-4574518
-7038547
-4563726
-7045540
-4552924
-7052516
-4542110
-7059475
-4531287
-7066417
-4520452
-7073343
-4509607
-7080253
-4498752
-7087145
-4487885
-7094021
-4477008
-7100881
-4466121
-7107723
-4455223
-7114549
-4444315
-7121358
-4433396
-7128150
-4422467
-7134926
-4411527
-7141685
-4400577
-7148427
-4389617
-7155152
-4378646
-7161860
-4367665
-7168552
-4356674
-7175226
-4345672
-7181884
-4334660
-7188525
-4323638
-7195149
-4312606
-7201756
-4301564
-7208346
-4290512
-7214919
-4279449
-7221475
-4268376
-7228014
-4257294
-7234536
-4246201
-7241042
-4235099
-7247530
-4223986
-7254000
-4212864
-7260454
-4201731
-7266891
-4190589
-7273311
-4179436
-7279714
-4168274
-7286099
-4157103
-7292468
-4145921
-7298819
-4134730
-7305153
-4123528
-7311470
-4112318
-7317769
-4101097
-7324052
-4089867
-7330317
-4078627
-7336564
-4067378
-7342795
-4056119
-7349008
-4044851
-7355205
-4033573
-7361383
-4022285
-7367545
-4010988
-7373689
-3999682
-7379816
-3988366
-7385925
-3977041
-7392017
-3965706
-7398092
-3954362
-7404149
-3943009
-7410189
-3931647
-7416211
-3920275
-7422216
-3908894
-7428203
-3897504
-7434173
-3886105
-7440126
-3874696
-7446061
-3863279
-7451978
-3851852
-7457878
-3840416
-7463760
-3828972
-7469625
-3817518
-7475472
-3806055
-7481302
-3794583
-7487114
-3783103
-7492908
-3771613
-7498685
-3760115
-7504444
-3748608
-7510186
-3737091
-7515910
-3725566
-7521616
-3714033
-7527304
-3702490
-7532975
-3690939
-7538628
-3679380
-7544263
-3667811
-7549880
-3656234
-7555480
-3644648
-7561062
-3633054
-7566626
-3621451
-7572172
-3609840
-7577701
-3598220
-7583212
-3586592
-7588705
-3574955
-7594180
-3563310
-7599637
-3551657
-7605076
-3539995
-7610497
-3528325
-7615901
-3516646
-7621286
-3504959
-7626654
-3493264
-7632003
-3481561
-7637335
-3469850
-7642649
-3458130
-7647944
-3446402
-7653222
-3434666
-7658482
-3422922
-7663724
-3411170
-7668947
-3399410
-7674153
-3387642
-7679340
-3375866
-7684510
-3364082
-7689661
-3352291
-7694794
-3340491
-7699910
-3328683
-7705007
-3316868
-7710086
-3305045
-7715146
-3293214
-7720189
-3281375
-7725214
-3269528
-7730220
-3257674
-7735208
-3245812
-7740178
-3233943
-7745130
-3222066
-7750063
-3210181
-7754978
-3198289
-7759875
-3186389
-7764754
-3174482
-7769615
-3162567
-7774457
-3150645
-7779281
-3138716
-7784086
-3126779
-7788874
-3114834
-7793642
-3102883
-7798393
-3090924
-7803125
-3078958
-7807839
-3066984
-7812535
-3055003
-7817212
-3043016
-7821870
-3031020
-7826511
-3019018
-7831133
-3007009
-7835736
-2994993
-7840321
-2982969
-7844888
-2970939
-7849436
-2958902
-7853966
-2946857
-7858477
-2934806
-7862970
-2922748
-7867444
-2910683
-7871899
-2898611
-7876336
-2886532
-7880755
-2874446
-7885155
-2862354
-7889537
-2850255
-7893900
-2838149
-7898244
-2826037
-7902570
-2813918
-7906877
-2801792
-7911166
-2789660
-7915436
-2777521
-7919687
-2765376
-7923920
-2753224
-7928134
-2741065
-7932329
-2728900
-7936506
-2716729
-7940664
-2704552
-7944803
-2692368
-7948924
-2680177
-7953026
-2667981
-7957109
-2655778
-7961174
-2643568
-7965220
-2631353
-7969247
-2619132
-7973255
-2606904
-7977245
-2594670
-7981215
-2582430
-7985167
-2570184
-7989101
-2557932
-7993015
-2545674
-7996911
-2533410
-8000787
-2521139
-8004645
-2508863
-8008484
-2496582
-8012305
-2484294
-8016106
-2472000
-8019889
-2459700
-8023652
-2447395
-8027397
-2435084
-8031123
-2422768
-8034830
-2410445
-8038518
-2398117
-8042188
-2385783
-8045838
-2373444
-8049469
-2361099
-8053082
-2348748
-8056675
-2336392
-8060250
-2324031
-8063805
-2311664
-8067342
-2299292
-8070859
-2286914
-8074358
-2274530
-8077837
-2262142
-8081298
-2249748
-8084740
-2237349
-8088162
-2224944
-8091566
-2212534
-8094950
-2200120
-8098316
-2187700
-8101662
-2175274
-8104989
-2162844
-8108297
-2150408
-8111586
-2137968
-8114856
-2125522
-8118108
-2113072
-8121339
-2100616
-8124552
-2088156
-8127746
-2075691
-8130920
-2063220
-8134076
-2050745
-8137212
-2038265
-8140329
-2025781
-8143427
-2013291
-8146506
-2000797
-8149565
-1988298
-8152606
-1975794
-8155627
-1963286
-8158629
-1950773
-8161612
-1938256
-8164576
-1925734
-8167520
-1913207
-8170445
-1900676
-8173351
-1888141
-8176238
-1875601
-8179105
-1863056
-8181954
-1850508
-8184783
-1837954
-8187592
-1825397
-8190383
-1812835
-8193154
-1800269
-8195906
-1787699
-8198639
-1775124
-8201352
-1762546
-8204046
-1749963
-8206721
-1737376
-8209376
-1724785
-8212012
-1712190
-8214629
-1699591
-8217227
-1686988
-8219805
-1674381
-8222364
-1661770
-8224903
-1649155
-8227423
-1636536
-8229924
-1623914
-8232405
-1611287
-8234867
-1598657
-8237310
-1586023
-8239733
-1573385
-8242137
-1560744
-8244522
-1548098
-8246886
-1535450
-8249232
-1522798
-8251558
-1510142
-8253865
-1497482
-8256153
-1484819
-8258420
-1472152
-8260669
-1459482
-8262898
-1446809
-8265108
-1434132
-8267298
-1421452
-8269469
-1408768
-8271620
-1396082
-8273752
-1383392
-8275864
-1370698
-8277957
-1358001
-8280031
-1345302
-8282084
-1332599
-8284119
-1319892
-8286134
-1307183
-8288129
-1294471
-8290105
-1281756
-8292062
-1269037
-8293999
-1256316
-8295916
-1243592
-8297814
-1230864
-8299692
-1218134
-8301551
-1205401
-8303390
-1192665
-8305210
-1179927
-8307010
-1167185
-8308791
-1154441
-8310552
-1141694
-8312294
-1128945
-8314016
-1116192
-8315718
-1103438
-8317401
-1090680
-8319064
-1077920
-8320708
-1065158
-8322332
-1052393
-8323937
-1039625
-8325522
-1026855
-8327087
-1014083
-8328633
-1001308
-8330159
-988531
-8331666
-975751
-8333153
-962970
-8334620
-950186
-8336068
-937399
-8337496
-924611
-8338904
-911820
-8340293
-899027
-8341663
-886232
-8343012
-873436
-8344342
-860636
-8345653
-847835
-8346943
-835032
-8348214
-822227
-8349466
-809420
-8350698
-796612
-8351910
-783801
-8353102
-770988
-8354275
-758174
-8355428
-745358
-8356562
-732540
-8357676
-719720
-8358770
-706899
-8359845
-694076
-8360900
-681251
-8361935
-668425
-8362950
-655597
-8363946
-642768
-8364922
-629937
-8365879
-617104
-8366815
-604270
-8367732
-591435
-8368630
-578598
-8369508
-565760
-8370366
-552921
-8371204
-540081
-8372023
-527239
-8372822
-514396
-8373601
-501551
-8374360
-488706
-8375100
-475859
-8375820
-463011
-8376521
-450162
-8377201
-437312
-8377862
-424461
-8378504
-411609
-8379125
-398756
-8379727
-385903
-8380309
-373048
-8380871
-360192
-8381414
-347336
-8381937
-334478
-8382440
-321620
-8382924
-308761
-8383388
-295902
-8383832
-283041
-8384256
-270180
-8384660
-257319
-8385045
-244457
-8385410
-231594
-8385756
-218730
-8386082
-205867
-8386387
-193002
-8386674
-180138
-8386940
-167272
-8387187
-154407
-8387414
-141541
-8387621
-128674
-8387808
-115808
-8387976
-102941
-8388124
-90074
-8388253
-77207
-8388361
-64339
-8388450
-51472
-8388519
-38604
-8388568
-25736
-8388598
-12868
