8388607
0
8388450
-51472
8387976
-102941
8387187
-154407
8386082
-205867
8384660
-257319
8382924
-308761
8380871
-360192
8378504
-411609
8375820
-463011
8372822
-514396
8369508
-565760
8365879
-617104
8361935
-668425
8357676
-719720
8353102
-770988
8348214
-822227
8343012
-873436
8337496
-924611
8331666
-975751
8325522
-1026855
8319064
-1077920
8312294
-1128945
8305210
-1179927
8297814
-1230864
8290105
-1281756
8282084
-1332599
8273752
-1383392
8265108
-1434132
8256153
-1484819
8246886
-1535450
8237310
-1586023
8227423
-1636536
8217227
-1686988
8206721
-1737376
8195906
-1787699
8184783
-1837954
8173351
-1888141
8161612
-1938256
8149565
-1988298
8137212
-2038265
8124552
-2088156
8111586
-2137968
8098316
-2187700
8084740
-2237349
8070859
-2286914
8056675
-2336392
8042188
-2385783
8027397
-2435084
8012305
-2484294
7996911
-2533410
7981215
-2582430
7965220
-2631353
7948924
-2680177
7932329
-2728900
7915436
-2777521
7898244
-2826037
7880755
-2874446
7862970
-2922748
7844888
-2970939
7826511
-3019018
7807839
-3066984
7788874
-3114834
7769615
-3162567
7750063
-3210181
7730220
-3257674
7710086
-3305045
7689661
-3352291
7668947
-3399410
7647944
-3446402
7626654
-3493264
7605076
-3539995
7583212
-3586592
7561062
-3633054
7538628
-3679380
7515910
-3725566
7492908
-3771613
7469625
-3817518
7446061
-3863279
7422216
-3908894
7398092
-3954362
7373689
-3999682
7349008
-4044851
7324052
-4089867
7298819
-4134730
7273311
-4179436
7247530
-4223986
7221475
-4268376
7195149
-4312606
7168552
-4356674
7141685
-4400577
7114549
-4444315
7087145
-4487885
7059475
-4531287
7031538
-4574518
7003337
-4617576
6974873
-4660461
6946145
-4703170
6917156
-4745702
6887907
-4788056
6858398
-4830229
6828632
-4872220
6798608
-4914028
6768328
-4955652
6737793
-4997088
6707005
-5038336
6675964
-5079395
6644672
-5120262
6613129
-5160937
6581338
-5201417
6549298
-5241701
6517013
-5281788
6484482
-5321676
6451706
-5361364
6418688
-5400850
6385428
-5440133
6351928
-5479211
6318189
-5518082
6284212
-5556746
6249998
-5595201
6215548
-5633445
6180865
-5671477
6145949
-5709295
6110802
-5746898
6075425
-5784285
6039819
-5821454
6003985
-5858404
5967926
-5895134
5931642
-5931642
5895134
-5967926
5858404
-6003985
5821454
-6039819
5784285
-6075425
5746898
-6110802
5709295
-6145949
5671477
-6180865
5633445
-6215548
5595201
-6249998
5556746
-6284212
5518082
-6318189
5479211
-6351928
5440133
-6385428
5400850
-6418688
5361364
-6451706
5321676
-6484482
5281788
-6517013
5241701
-6549298
5201417
-6581338
5160937
-6613129
5120262
-6644672
5079395
-6675964
5038336
-6707005
4997088
-6737793
4955652
-6768328
4914028
-6798608
4872220
-6828632
4830229
-6858398
4788056
-6887907
4745702
-6917156
4703170
-6946145
4660461
-6974873
4617576
-7003337
4574518
-7031538
4531287
-7059475
4487885
-7087145
4444315
-7114549
4400577
-7141685
4356674
-7168552
4312606
-7195149
4268376
-7221475
4223986
-7247530
4179436
-7273311
4134730
-7298819
4089867
-7324052
4044851
-7349008
3999682
-7373689
3954362
-7398092
3908894
-7422216
3863279
-7446061
3817518
-7469625
3771613
-7492908
3725566
-7515910
3679380
-7538628
3633054
-7561062
3586592
-7583212
3539995
-7605076
3493264
-7626654
3446402
-7647944
3399410
-7668947
3352291
-7689661
3305045
-7710086
3257674
-7730220
3210181
-7750063
3162567
-7769615
3114834
-7788874
3066984
-7807839
3019018
-7826511
2970939
-7844888
2922748
-7862970
2874446
-7880755
2826037
-7898244
2777521
-7915436
2728900
-7932329
2680177
-7948924
2631353
-7965220
2582430
-7981215
2533410
-7996911
2484294
-8012305
2435084
-8027397
2385783
-8042188
2336392
-8056675
2286914
-8070859
2237349
-8084740
2187700
-8098316
2137968
-8111586
2088156
-8124552
2038265
-8137212
1988298
-8149565
1938256
-8161612
1888141
-8173351
1837954
-8184783
1787699
-8195906
1737376
-8206721
1686988
-8217227
1636536
-8227423
1586023
-8237310
1535450
-8246886
1484819
-8256153
1434132
-8265108
1383392
-8273752
1332599
-8282084
1281756
-8290105
1230864
-8297814
1179927
-8305210
1128945
-8312294
1077920
-8319064
1026855
-8325522
975751
-8331666
924611
-8337496
873436
-8343012
822227
-8348214
770988
-8353102
719720
-8357676
668425
-8361935
617104
-8365879
565760
-8369508
514396
-8372822
463011
-8375820
411609
-8378504
360192
-8380871
308761
-8382924
257319
-8384660
205867
-8386082
154407
-8387187
102941
-8387976
51472
-8388450
0
-8388608
-51472
-8388450
-102941
-8387976
-154407
-8387187
-205867
-8386082
-257319
-8384660
-308761
-8382924
-360192
-8380871
-411609
-8378504
-463011
-8375820
-514396
-8372822
-565760
-8369508
-617104
-8365879
-668425
-8361935
-719720
-8357676
-770988
-8353102
-822227
-8348214
-873436
-8343012
-924611
-8337496
-975751
-8331666
-1026855
-8325522
-1077920
-8319064
-1128945
-8312294
-1179927
-8305210
-1230864
-8297814
-1281756
-8290105
-1332599
-8282084
-1383392
-8273752
-1434132
-8265108
-1484819
-8256153
-1535450
-8246886
-1586023
-8237310
-1636536
-8227423
-1686988
-8217227
-1737376
-8206721
-1787699
-8195906
-1837954
-8184783
-1888141
-8173351
-1938256
-8161612
-1988298
-8149565
-2038265
-8137212
-2088156
-8124552
-2137968
-8111586
-2187700
-8098316
-2237349
-8084740
-2286914
-8070859
-2336392
-8056675
-2385783
-8042188
-2435084
-8027397
-2484294
-8012305
-2533410
-7996911
-2582430
-7981215
-2631353
-7965220
-2680177
-7948924
-2728900
-7932329
-2777521
-7915436
-2826037
-7898244
-2874446
-7880755
-2922748
-7862970
-2970939
-7844888
-3019018
-7826511
-3066984
-7807839
-3114834
-7788874
-3162567
-7769615
-3210181
-7750063
-3257674
-7730220
-3305045
-7710086
-3352291
-7689661
-3399410
-7668947
-3446402
-7647944
-3493264
-7626654
-3539995
-7605076
-3586592
-7583212
-3633054
-7561062
-3679380
-7538628
-3725566
-7515910
-3771613
-7492908
-3817518
-7469625
-3863279
-7446061
-3908894
-7422216
-3954362
-7398092
-3999682
-7373689
-4044851
-7349008
-4089867
-7324052
-4134730
-7298819
-4179436
-7273311
-4223986
-7247530
-4268376
-7221475
-4312606
-7195149
-4356674
-7168552
-4400577
-7141685
-4444315
-7114549
-4487885
-7087145
-4531287
-7059475
-4574518
-7031538
-4617576
-7003337
-4660461
-6974873
-4703170
-6946145
-4745702
-6917156
-4788056
-6887907
-4830229
-6858398
-4872220
-6828632
-4914028
-6798608
-4955652
-6768328
-4997088
-6737793
-5038336
-6707005
-5079395
-6675964
-5120262
-6644672
-5160937
-6613129
-5201417
-6581338
-5241701
-6549298
-5281788
-6517013
-5321676
-6484482
-5361364
-6451706
-5400850
-6418688
-5440133
-6385428
-5479211
-6351928
-5518082
-6318189
-5556746
-6284212
-5595201
-6249998
-5633445
-6215548
-5671477
-6180865
-5709295
-6145949
-5746898
-6110802
-5784285
-6075425
-5821454
-6039819
-5858404
-6003985
-5895134
-5967926
-5931642
-5931642
-5967926
-5895134
-6003985
-5858404
-6039819
-5821454
-6075425
-5784285
-6110802
-5746898
-6145949
-5709295
-6180865
-5671477
-6215548
-5633445
-6249998
-5595201
-6284212
-5556746
-6318189
-5518082
-6351928
-5479211
-6385428
-5440133
-6418688
-5400850
-6451706
-5361364
-6484482
-5321676
-6517013
-5281788
-6549298
-5241701
-6581338
-5201417
-6613129
-5160937
-6644672
-5120262
-6675964
-5079395
-6707005
-5038336
-6737793
-4997088
-6768328
-4955652
-6798608
-4914028
-6828632
-4872220
-6858398
-4830229
-6887907
-4788056
-6917156
-4745702
-6946145
-4703170
-6974873
-4660461
-7003337
-4617576
-7031538
-4574518
-7059475
-4531287
-7087145
-4487885
-7114549
-4444315
-7141685
-4400577
-7168552
-4356674
-7195149
-4312606
-7221475
-4268376
-7247530
-4223986
-7273311
-4179436
-7298819
-4134730
-7324052
-4089867
-7349008
-4044851
-7373689
-3999682
-7398092
-3954362
-7422216
-3908894
-7446061
-3863279
-7469625
-3817518
-7492908
-3771613
-7515910
-3725566
-7538628
-3679380
-7561062
-3633054
-7583212
-3586592
-7605076
-3539995
-7626654
-3493264
-7647944
-3446402
-7668947
-3399410
-7689661
-3352291
-7710086
-3305045
-7730220
-3257674
-7750063
-3210181
-7769615
-3162567
-7788874
-3114834
-7807839
-3066984
-7826511
-3019018
-7844888
-2970939
-7862970
-2922748
-7880755
-2874446
-7898244
-2826037
-7915436
-2777521
-7932329
-2728900
-7948924
-2680177
-7965220
-2631353
-7981215
-2582430
-7996911
-2533410
-8012305
-2484294
-8027397
-2435084
-8042188
-2385783
-8056675
-2336392
-8070859
-2286914
-8084740
-2237349
-8098316
-2187700
-8111586
-2137968
-8124552
-2088156
-8137212
-2038265
-8149565
-1988298
-8161612
-1938256
-8173351
-1888141
-8184783
-1837954
-8195906
-1787699
-8206721
-1737376
-8217227
-1686988
-8227423
-1636536
-8237310
-1586023
-8246886
-1535450
-8256153
-1484819
-8265108
-1434132
-8273752
-1383392
-8282084
-1332599
-8290105
-1281756
-8297814
-1230864
-8305210
-1179927
-8312294
-1128945
-8319064
-1077920
-8325522
-1026855
-8331666
-975751
-8337496
-924611
-8343012
-873436
-8348214
-822227
-8353102
-770988
-8357676
-719720
-8361935
-668425
-8365879
-617104
-8369508
-565760
-8372822
-514396
-8375820
-463011
-8378504
-411609
-8380871
-360192
-8382924
-308761
-8384660
-257319
-8386082
-205867
-8387187
-154407
-8387976
-102941
-8388450
-51472
