1048575
0
1047313
-51451
1043527
-102778
1037227
-153858
1028428
-204567
1017151
-254783
1003425
-304386
987280
-353254
968758
-401273
947901
-448324
924761
-494295
899394
-539076
871859
-582558
842224
-624636
810560
-665210
776944
-704180
741455
-741455
704180
-776944
665210
-810560
624636
-842224
582558
-871859
539076
-899394
494295
-924761
448324
-947901
401273
-968758
353254
-987280
304386
-1003425
254783
-1017151
204567
-1028428
153858
-1037227
102778
-1043527
51451
-1047313
0
-1048576
-51451
-1047313
-102778
-1043527
-153858
-1037227
-204567
-1028428
-254783
-1017151
-304386
-1003425
-353254
-987280
-401273
-968758
-448324
-947901
-494295
-924761
-539076
-899394
-582558
-871859
-624636
-842224
-665210
-810560
-704180
-776944
-741455
-741455
-776944
-704180
-810560
-665210
-842224
-624636
-871859
-582558
-899394
-539076
-924761
-494295
-947901
-448324
-968758
-401273
-987280
-353254
-1003425
-304386
-1017151
-254783
-1028428
-204567
-1037227
-153858
-1043527
-102778
-1047313
-51451
