2097151
0
2087054
-205557
2056856
-409134
2006849
-608771
1937516
-802545
1849523
-988590
1743718
-1165115
1621120
-1330419
1482910
-1482910
1330419
-1621120
1165115
-1743718
988590
-1849523
802545
-1937516
608771
-2006849
409134
-2056856
205557
-2087054
0
-2097152
-205557
-2087054
-409134
-2056856
-608771
-2006849
-802545
-1937516
-988590
-1849523
-1165115
-1743718
-1330419
-1621120
-1482910
-1482910
-1621120
-1330419
-1743718
-1165115
-1849523
-988590
-1937516
-802545
-2006849
-608771
-2056856
-409134
-2087054
-205557
