8388607
0
8378504
-411609
8348214
-822227
8297814
-1230864
8227423
-1636536
8137212
-2038265
8027397
-2435084
7898244
-2826037
7750063
-3210181
7583212
-3586592
7398092
-3954362
7195149
-4312606
6974873
-4660461
6737793
-4997088
6484482
-5321676
6215548
-5633445
5931642
-5931642
5633445
-6215548
5321676
-6484482
4997088
-6737793
4660461
-6974873
4312606
-7195149
3954362
-7398092
3586592
-7583212
3210181
-7750063
2826037
-7898244
2435084
-8027397
2038265
-8137212
1636536
-8227423
1230864
-8297814
822227
-8348214
411609
-8378504
0
-8388608
-411609
-8378504
-822227
-8348214
-1230864
-8297814
-1636536
-8227423
-2038265
-8137212
-2435084
-8027397
-2826037
-7898244
-3210181
-7750063
-3586592
-7583212
-3954362
-7398092
-4312606
-7195149
-4660461
-6974873
-4997088
-6737793
-5321676
-6484482
-5633445
-6215548
-5931642
-5931642
-6215548
-5633445
-6484482
-5321676
-6737793
-4997088
-6974873
-4660461
-7195149
-4312606
-7398092
-3954362
-7583212
-3586592
-7750063
-3210181
-7898244
-2826037
-8027397
-2435084
-8137212
-2038265
-8227423
-1636536
-8297814
-1230864
-8348214
-822227
-8378504
-411609
