2047
0
2047
-25
2047
-50
2046
-75
2046
-100
2044
-126
2042
-151
2040
-176
2038
-201
2036
-226
2032
-251
2029
-276
2026
-300
2022
-325
2018
-350
2013
-375
2009
-400
2004
-424
1998
-449
1992
-473
1986
-498
1980
-522
1974
-546
1967
-570
1960
-594
1952
-618
1945
-642
1936
-666
1928
-690
1920
-714
1911
-737
1902
-760
1892
-784
1882
-807
1872
-830
1862
-853
1851
-876
1840
-898
1829
-921
1818
-943
1806
-965
1794
-988
1782
-1009
1769
-1031
1757
-1053
1744
-1074
1730
-1096
1717
-1117
1703
-1138
1689
-1158
1674
-1179
1660
-1200
1645
-1220
1630
-1240
1614
-1260
1599
-1280
1583
-1299
1567
-1318
1551
-1338
1534
-1357
1517
-1375
1500
-1394
1483
-1412
1466
-1430
1448
-1448
1430
-1466
1412
-1483
1394
-1500
1375
-1517
1357
-1534
1338
-1551
1318
-1567
1299
-1583
1280
-1599
1260
-1614
1240
-1630
1220
-1645
1200
-1660
1179
-1674
1158
-1689
1138
-1703
1117
-1717
1096
-1730
1074
-1744
1053
-1757
1031
-1769
1009
-1782
988
-1794
965
-1806
943
-1818
921
-1829
898
-1840
876
-1851
853
-1862
830
-1872
807
-1882
784
-1892
760
-1902
737
-1911
714
-1920
690
-1928
666
-1936
642
-1945
618
-1952
594
-1960
570
-1967
546
-1974
522
-1980
498
-1986
473
-1992
449
-1998
424
-2004
400
-2009
375
-2013
350
-2018
325
-2022
300
-2026
276
-2029
251
-2032
226
-2036
201
-2038
176
-2040
151
-2042
126
-2044
100
-2046
75
-2046
50
-2047
25
-2048
0
-2048
-25
-2048
-50
-2047
-75
-2046
-100
-2046
-126
-2044
-151
-2042
-176
-2040
-201
-2038
-226
-2036
-251
-2032
-276
-2029
-300
-2026
-325
-2022
-350
-2018
-375
-2013
-400
-2009
-424
-2004
-449
-1998
-473
-1992
-498
-1986
-522
-1980
-546
-1974
-570
-1967
-594
-1960
-618
-1952
-642
-1945
-666
-1936
-690
-1928
-714
-1920
-737
-1911
-760
-1902
-784
-1892
-807
-1882
-830
-1872
-853
-1862
-876
-1851
-898
-1840
-921
-1829
-943
-1818
-965
-1806
-988
-1794
-1009
-1782
-1031
-1769
-1053
-1757
-1074
-1744
-1096
-1730
-1117
-1717
-1138
-1703
-1158
-1689
-1179
-1674
-1200
-1660
-1220
-1645
-1240
-1630
-1260
-1614
-1280
-1599
-1299
-1583
-1318
-1567
-1338
-1551
-1357
-1534
-1375
-1517
-1394
-1500
-1412
-1483
-1430
-1466
-1448
-1448
-1466
-1430
-1483
-1412
-1500
-1394
-1517
-1375
-1534
-1357
-1551
-1338
-1567
-1318
-1583
-1299
-1599
-1280
-1614
-1260
-1630
-1240
-1645
-1220
-1660
-1200
-1674
-1179
-1689
-1158
-1703
-1138
-1717
-1117
-1730
-1096
-1744
-1074
-1757
-1053
-1769
-1031
-1782
-1009
-1794
-988
-1806
-965
-1818
-943
-1829
-921
-1840
-898
-1851
-876
-1862
-853
-1872
-830
-1882
-807
-1892
-784
-1902
-760
-1911
-737
-1920
-714
-1928
-690
-1936
-666
-1945
-642
-1952
-618
-1960
-594
-1967
-570
-1974
-546
-1980
-522
-1986
-498
-1992
-473
-1998
-449
-2004
-424
-2009
-400
-2013
-375
-2018
-350
-2022
-325
-2026
-300
-2029
-276
-2032
-251
-2036
-226
-2038
-201
-2040
-176
-2042
-151
-2044
-126
-2046
-100
-2046
-75
-2047
-50
-2048
-25
