4194303
0
4194303
-3217
4194299
-6434
4194293
-9651
4194284
-12868
4194273
-16085
4194260
-19302
4194244
-22519
4194225
-25736
4194204
-28953
4194181
-32170
4194155
-35386
4194126
-38603
4194096
-41820
4194062
-45037
4194026
-48254
4193988
-51470
4193947
-54687
4193904
-57904
4193859
-61121
4193810
-64337
4193760
-67554
4193707
-70770
4193651
-73987
4193593
-77203
4193533
-80420
4193470
-83636
4193405
-86852
4193337
-90069
4193266
-93285
4193194
-96501
4193118
-99717
4193041
-102933
4192960
-106149
4192878
-109365
4192793
-112581
4192705
-115797
4192615
-119013
4192523
-122228
4192428
-125444
4192330
-128659
4192230
-131875
4192128
-135090
4192023
-138306
4191916
-141521
4191806
-144736
4191694
-147951
4191579
-151166
4191462
-154381
4191342
-157595
4191220
-160810
4191096
-164025
4190968
-167239
4190839
-170454
4190707
-173668
4190572
-176882
4190436
-180096
4190296
-183310
4190154
-186524
4190010
-189738
4189863
-192951
4189714
-196165
4189562
-199378
4189408
-202592
4189252
-205805
4189093
-209018
4188931
-212231
4188767
-215444
4188601
-218656
4188432
-221869
4188260
-225081
4188086
-228293
4187910
-231506
4187731
-234718
4187550
-237930
4187366
-241141
4187180
-244353
4186992
-247564
4186800
-250776
4186607
-253987
4186411
-257198
4186212
-260409
4186011
-263619
4185808
-266830
4185602
-270040
4185394
-273250
4185183
-276461
4184970
-279670
4184754
-282880
4184536
-286090
4184315
-289299
4184092
-292508
4183866
-295718
4183638
-298926
4183408
-302135
4183175
-305344
4182939
-308552
4182701
-311760
4182461
-314968
4182218
-318176
4181973
-321384
4181725
-324591
4181475
-327798
4181222
-331006
4180967
-334212
4180710
-337419
4180450
-340625
4180187
-343832
4179922
-347038
4179655
-350244
4179385
-353449
4179113
-356655
4178838
-359860
4178561
-363065
4178281
-366270
4177999
-369474
4177714
-372679
4177427
-375883
4177138
-379087
4176846
-382290
4176551
-385494
4176254
-388697
4175955
-391900
4175653
-395103
4175349
-398306
4175042
-401508
4174733
-404710
4174421
-407912
4174107
-411114
4173791
-414315
4173472
-417516
4173150
-420717
4172826
-423918
4172500
-427118
4172171
-430318
4171840
-433518
4171506
-436718
4171170
-439917
4170831
-443116
4170490
-446315
4170147
-449514
4169801
-452712
4169452
-455910
4169101
-459108
4168748
-462305
4168392
-465503
4168034
-468700
4167673
-471896
4167310
-475093
4166944
-478289
4166576
-481485
4166206
-484680
4165833
-487876
4165457
-491071
4165080
-494265
4164699
-497460
4164316
-500654
4163931
-503848
4163544
-507041
4163153
-510235
4162761
-513428
4162366
-516620
4161968
-519812
4161568
-523004
4161166
-526196
4160761
-529388
4160354
-532579
4159944
-535770
4159532
-538960
4159118
-542150
4158700
-545340
4158281
-548530
4157859
-551719
4157435
-554908
4157008
-558096
4156578
-561284
4156147
-564472
4155713
-567660
4155276
-570847
4154837
-574034
4154396
-577221
4153952
-580407
4153505
-583593
4153056
-586778
4152605
-589963
4152151
-593148
4151695
-596333
4151237
-599517
4150776
-602701
4150312
-605884
4149846
-609067
4149378
-612250
4148907
-615432
4148434
-618614
4147958
-621796
4147480
-624977
4146999
-628158
4146516
-631338
4146031
-634519
4145543
-637698
4145053
-640878
4144560
-644057
4144065
-647236
4143567
-650414
4143067
-653592
4142564
-656769
4142060
-659946
4141552
-663123
4141042
-666299
4140530
-669475
4140015
-672651
4139498
-675826
4138978
-679001
4138456
-682175
4137932
-685349
4137405
-688522
4136876
-691696
4136344
-694868
4135810
-698041
4135273
-701213
4134734
-704384
4134193
-707555
4133649
-710726
4133103
-713896
4132554
-717066
4132003
-720236
4131449
-723404
4130893
-726573
4130334
-729741
4129774
-732909
4129210
-736076
4128644
-739243
4128076
-742410
4127506
-745575
4126933
-748741
4126357
-751906
4125779
-755071
4125199
-758235
4124616
-761399
4124031
-764562
4123443
-767725
4122853
-770887
4122261
-774049
4121666
-777211
4121068
-780372
4120469
-783532
4119866
-786692
4119262
-789852
4118655
-793011
4118046
-796170
4117434
-799328
4116819
-802486
4116203
-805644
4115584
-808800
4114962
-811957
4114338
-815113
4113712
-818268
4113083
-821423
4112452
-824578
4111818
-827731
4111182
-830885
4110543
-834038
4109902
-837190
4109259
-840342
4108613
-843494
4107965
-846645
4107315
-849796
4106662
-852946
4106006
-856095
4105348
-859244
4104688
-862392
4104026
-865540
4103360
-868688
4102693
-871835
4102023
-874982
4101351
-878127
4100676
-881273
4099999
-884418
4099319
-887562
4098637
-890706
4097953
-893849
4097266
-896992
4096577
-900134
4095885
-903276
4095191
-906418
4094495
-909558
4093796
-912698
4093095
-915838
4092391
-918977
4091685
-922116
4090977
-925254
4090266
-928391
4089553
-931528
4088837
-934664
4088119
-937800
4087398
-940936
4086676
-944070
4085950
-947204
4085222
-950338
4084492
-953471
4083760
-956604
4083025
-959736
4082288
-962867
4081548
-965998
4080806
-969128
4080061
-972258
4079314
-975387
4078565
-978515
4077813
-981643
4077059
-984770
4076303
-987897
4075544
-991023
4074783
-994149
4074019
-997274
4073253
-1000398
4072484
-1003522
4071713
-1006646
4070940
-1009768
4070164
-1012890
4069386
-1016012
4068606
-1019133
4067823
-1022253
4067038
-1025373
4066250
-1028492
4065460
-1031610
4064668
-1034728
4063873
-1037845
4063076
-1040962
4062276
-1044078
4061474
-1047193
4060670
-1050308
4059863
-1053422
4059054
-1056536
4058242
-1059649
4057428
-1062761
4056612
-1065873
4055793
-1068984
4054972
-1072094
4054149
-1075204
4053323
-1078313
4052494
-1081422
4051664
-1084530
4050831
-1087637
4049996
-1090744
4049158
-1093850
4048318
-1096955
4047475
-1100060
4046630
-1103164
4045783
-1106267
4044933
-1109370
4044081
-1112472
4043227
-1115574
4042370
-1118674
4041510
-1121774
4040649
-1124874
4039785
-1127973
4038919
-1131071
4038050
-1134168
4037179
-1137265
4036305
-1140361
4035430
-1143457
4034551
-1146552
4033671
-1149646
4032788
-1152739
4031902
-1155832
4031015
-1158924
4030125
-1162015
4029232
-1165106
4028338
-1168196
4027440
-1171286
4026541
-1174374
4025639
-1177462
4024735
-1180550
4023828
-1183636
4022919
-1186722
4022008
-1189807
4021094
-1192892
4020178
-1195975
4019259
-1199058
4018338
-1202141
4017415
-1205222
4016490
-1208304
4015562
-1211384
4014631
-1214463
4013699
-1217542
4012764
-1220620
4011826
-1223698
4010886
-1226774
4009944
-1229850
4009000
-1232926
4008053
-1236000
4007104
-1239074
4006152
-1242147
4005198
-1245219
4004242
-1248291
4003284
-1251362
4002323
-1254432
4001359
-1257501
4000394
-1260570
3999426
-1263638
3998455
-1266705
3997482
-1269771
3996508
-1272837
3995530
-1275902
3994550
-1278966
3993568
-1282029
3992584
-1285092
3991597
-1288154
3990608
-1291215
3989616
-1294275
3988622
-1297335
3987626
-1300394
3986628
-1303452
3985627
-1306509
3984623
-1309566
3983618
-1312622
3982610
-1315676
3981600
-1318731
3980587
-1321784
3979572
-1324837
3978555
-1327889
3977535
-1330940
3976513
-1333990
3975489
-1337040
3974462
-1340089
3973433
-1343137
3972402
-1346184
3971368
-1349230
3970332
-1352276
3969294
-1355321
3968253
-1358365
3967210
-1361408
3966164
-1364450
3965117
-1367492
3964067
-1370533
3963014
-1373573
3961960
-1376612
3960903
-1379650
3959843
-1382688
3958782
-1385724
3957718
-1388760
3956651
-1391796
3955583
-1394830
3954512
-1397863
3953438
-1400896
3952363
-1403928
3951285
-1406959
3950205
-1409989
3949122
-1413018
3948037
-1416047
3946950
-1419075
3945860
-1422102
3944768
-1425128
3943674
-1428153
3942578
-1431177
3941479
-1434200
3940378
-1437223
3939274
-1440245
3938168
-1443266
3937060
-1446286
3935950
-1449305
3934837
-1452324
3933722
-1455341
3932604
-1458358
3931485
-1461374
3930363
-1464389
3929238
-1467403
3928112
-1470416
3926983
-1473428
3925852
-1476440
3924718
-1479451
3923582
-1482460
3922444
-1485469
3921303
-1488478
3920161
-1491485
3919016
-1494491
3917868
-1497496
3916718
-1500501
3915566
-1503504
3914412
-1506507
3913255
-1509509
3912096
-1512510
3910935
-1515510
3909772
-1518509
3908606
-1521508
3907438
-1524505
3906267
-1527502
3905094
-1530497
3903920
-1533492
3902742
-1536486
3901563
-1539479
3900381
-1542471
3899196
-1545462
3898010
-1548452
3896821
-1551441
3895630
-1554430
3894437
-1557417
3893241
-1560404
3892043
-1563389
3890843
-1566374
3889640
-1569358
3888436
-1572341
3887228
-1575322
3886019
-1578304
3884807
-1581284
3883593
-1584263
3882377
-1587241
3881158
-1590218
3879938
-1593195
3878714
-1596170
3877489
-1599144
3876262
-1602118
3875032
-1605091
3873799
-1608062
3872565
-1611033
3871328
-1614003
3870089
-1616972
3868848
-1619939
3867604
-1622906
3866358
-1625872
3865110
-1628837
3863860
-1631801
3862607
-1634764
3861352
-1637726
3860095
-1640688
3858835
-1643648
3857573
-1646607
3856309
-1649565
3855043
-1652522
3853774
-1655479
3852503
-1658434
3851230
-1661388
3849955
-1664342
3848677
-1667294
3847397
-1670246
3846115
-1673196
3844831
-1676145
3843544
-1679094
3842255
-1682041
3840964
-1684988
3839670
-1687933
3838374
-1690878
3837076
-1693821
3835776
-1696764
3834474
-1699705
3833169
-1702646
3831862
-1705585
3830552
-1708524
3829241
-1711461
3827927
-1714398
3826611
-1717333
3825293
-1720268
3823972
-1723201
3822649
-1726134
3821324
-1729065
3819997
-1731995
3818668
-1734925
3817336
-1737853
3816002
-1740780
3814665
-1743707
3813327
-1746632
3811986
-1749556
3810643
-1752480
3809298
-1755402
3807950
-1758323
3806601
-1761243
3805249
-1764162
3803894
-1767080
3802538
-1769997
3801179
-1772913
3799818
-1775828
3798455
-1778742
3797090
-1781655
3795722
-1784567
3794352
-1787478
3792980
-1790387
3791606
-1793296
3790229
-1796204
3788850
-1799110
3787470
-1802016
3786086
-1804920
3784701
-1807823
3783313
-1810726
3781923
-1813627
3780531
-1816527
3779137
-1819426
3777740
-1822324
3776341
-1825221
3774940
-1828117
3773537
-1831012
3772132
-1833906
3770724
-1836798
3769314
-1839690
3767902
-1842580
3766487
-1845470
3765071
-1848358
3763652
-1851245
3762231
-1854131
3760808
-1857016
3759382
-1859900
3757955
-1862783
3756525
-1865665
3755093
-1868546
3753659
-1871425
3752222
-1874304
3750784
-1877181
3749343
-1880057
3747900
-1882932
3746454
-1885806
3745007
-1888680
3743557
-1891551
3742105
-1894422
3740651
-1897292
3739195
-1900160
3737736
-1903028
3736276
-1905894
3734813
-1908759
3733348
-1911623
3731880
-1914486
3730411
-1917348
3728939
-1920208
3727465
-1923068
3725989
-1925926
3724511
-1928783
3723030
-1931639
3721548
-1934494
3720063
-1937348
3718576
-1940201
3717087
-1943052
3715595
-1945903
3714102
-1948752
3712606
-1951600
3711108
-1954447
3709608
-1957293
3708106
-1960138
3706601
-1962981
3705094
-1965823
3703586
-1968664
3702074
-1971505
3700561
-1974344
3699046
-1977181
3697528
-1980018
3696008
-1982853
3694487
-1985687
3692962
-1988520
3691436
-1991352
3689908
-1994183
3688377
-1997012
3686844
-1999841
3685310
-2002668
3683772
-2005494
3682233
-2008319
3680692
-2011142
3679148
-2013965
3677602
-2016786
3676054
-2019606
3674504
-2022425
3672952
-2025243
3671398
-2028060
3669841
-2030875
3668282
-2033689
3666721
-2036502
3665158
-2039314
3663593
-2042124
3662026
-2044934
3660456
-2047742
3658884
-2050549
3657311
-2053354
3655735
-2056159
3654157
-2058962
3652576
-2061764
3650994
-2064565
3649409
-2067365
3647822
-2070163
3646234
-2072960
3644643
-2075756
3643050
-2078551
3641454
-2081345
3639857
-2084137
3638257
-2086928
3636656
-2089718
3635052
-2092507
3633446
-2095294
3631838
-2098080
3630227
-2100866
3628615
-2103649
3627000
-2106432
3625384
-2109213
3623765
-2111993
3622144
-2114772
3620521
-2117549
3618896
-2120326
3617268
-2123101
3615639
-2125874
3614007
-2128647
3612373
-2131418
3610738
-2134188
3609100
-2136957
3607460
-2139724
3605817
-2142491
3604173
-2145256
3602526
-2148020
3600878
-2150782
3599227
-2153543
3597574
-2156303
3595920
-2159062
3594262
-2161819
3592603
-2164575
3590942
-2167330
3589279
-2170084
3587613
-2172836
3585946
-2175587
3584276
-2178337
3582604
-2181085
3580930
-2183832
3579254
-2186578
3577576
-2189323
3575896
-2192066
3574213
-2194808
3572529
-2197549
3570842
-2200288
3569154
-2203027
3567463
-2205764
3565770
-2208499
3564075
-2211233
3562378
-2213966
3560679
-2216698
3558978
-2219428
3557274
-2222157
3555569
-2224885
3553862
-2227612
3552152
-2230337
3550440
-2233060
3548726
-2235783
3547011
-2238504
3545293
-2241224
3543573
-2243943
3541850
-2246660
3540126
-2249376
3538400
-2252090
3536672
-2254804
3534941
-2257516
3533209
-2260226
3531474
-2262935
3529737
-2265643
3527999
-2268350
3526258
-2271055
3524515
-2273759
3522770
-2276462
3521023
-2279163
3519274
-2281863
3517522
-2284562
3515769
-2287259
3514014
-2289955
3512256
-2292649
3510497
-2295342
3508735
-2298034
3506972
-2300725
3505206
-2303414
3503438
-2306102
3501669
-2308788
3499897
-2311473
3498123
-2314157
3496347
-2316839
3494569
-2319520
3492789
-2322200
3491007
-2324878
3489222
-2327555
3487436
-2330230
3485648
-2332904
3483858
-2335577
3482065
-2338249
3480271
-2340919
3478474
-2343587
3476676
-2346255
3474875
-2348920
3473073
-2351585
3471268
-2354248
3469461
-2356910
3467652
-2359570
3465842
-2362229
3464029
-2364887
3462214
-2367543
3460397
-2370198
3458578
-2372851
3456757
-2375503
3454934
-2378154
3453109
-2380803
3451282
-2383451
3449453
-2386097
3447622
-2388742
3445789
-2391386
3443954
-2394028
3442116
-2396669
3440277
-2399308
3438436
-2401946
3436592
-2404582
3434747
-2407218
3432900
-2409851
3431050
-2412484
3429199
-2415114
3427346
-2417744
3425490
-2420372
3423633
-2422999
3421774
-2425624
3419912
-2428248
3418049
-2430870
3416183
-2433491
3414316
-2436110
3412446
-2438728
3410575
-2441345
3408701
-2443960
3406826
-2446574
3404948
-2449186
3403069
-2451797
3401187
-2454406
3399304
-2457014
3397418
-2459621
3395531
-2462226
3393641
-2464829
3391750
-2467432
3389856
-2470032
3387961
-2472632
3386063
-2475229
3384164
-2477826
3382262
-2480421
3380359
-2483014
3378454
-2485606
3376546
-2488196
3374637
-2490786
3372725
-2493373
3370812
-2495959
3368896
-2498544
3366979
-2501127
3365060
-2503709
3363138
-2506289
3361215
-2508868
3359290
-2511445
3357363
-2514021
3355434
-2516595
3353502
-2519168
3351569
-2521739
3349634
-2524309
3347697
-2526878
3345758
-2529445
3343817
-2532010
3341874
-2534574
3339929
-2537136
3337982
-2539697
3336033
-2542257
3334082
-2544815
3332129
-2547371
3330174
-2549926
3328218
-2552480
3326259
-2555032
3324298
-2557582
3322336
-2560131
3320371
-2562678
3318405
-2565224
3316436
-2567769
3314466
-2570312
3312493
-2572853
3310519
-2575393
3308543
-2577931
3306564
-2580468
3304584
-2583004
3302602
-2585537
3300618
-2588070
3298632
-2590600
3296644
-2593130
3294654
-2595658
3292662
-2598184
3290669
-2600708
3288673
-2603232
3286676
-2605753
3284676
-2608273
3282674
-2610792
3280671
-2613309
3278666
-2615824
3276658
-2618338
3274649
-2620851
3272638
-2623362
3270625
-2625871
3268610
-2628378
3266593
-2630885
3264574
-2633389
3262554
-2635892
3260531
-2638394
3258506
-2640894
3256480
-2643393
3254451
-2645890
3252421
-2648385
3250389
-2650879
3248355
-2653371
3246319
-2655862
3244281
-2658351
3242241
-2660838
3240199
-2663324
3238155
-2665809
3236110
-2668292
3234062
-2670773
3232013
-2673252
3229962
-2675731
3227908
-2678207
3225853
-2680682
3223796
-2683156
3221737
-2685627
3219676
-2688098
3217614
-2690566
3215549
-2693033
3213483
-2695499
3211414
-2697963
3209344
-2700425
3207272
-2702886
3205198
-2705345
3203122
-2707803
3201044
-2710259
3198964
-2712713
3196883
-2715166
3194800
-2717617
3192714
-2720066
3190627
-2722514
3188538
-2724961
3186447
-2727406
3184354
-2729849
3182259
-2732290
3180163
-2734730
3178064
-2737169
3175964
-2739605
3173862
-2742040
3171758
-2744474
3169652
-2746906
3167544
-2749336
3165434
-2751765
3163323
-2754192
3161210
-2756617
3159094
-2759041
3156977
-2761463
3154858
-2763884
3152738
-2766303
3150615
-2768720
3148490
-2771136
3146364
-2773550
3144236
-2775962
3142106
-2778373
3139974
-2780782
3137840
-2783190
3135704
-2785596
3133567
-2788000
3131428
-2790402
3129287
-2792803
3127144
-2795203
3124999
-2797600
3122852
-2799996
3120704
-2802391
3118553
-2804784
3116401
-2807175
3114247
-2809564
3112091
-2811952
3109934
-2814338
3107774
-2816722
3105613
-2819105
3103450
-2821486
3101285
-2823866
3099118
-2826244
3096949
-2828620
3094779
-2830994
3092607
-2833367
3090433
-2835738
3088257
-2838108
3086079
-2840476
3083900
-2842842
3081718
-2845206
3079535
-2847569
3077350
-2849930
3075163
-2852290
3072975
-2854647
3070784
-2857004
3068592
-2859358
3066398
-2861711
3064202
-2864062
3062005
-2866411
3059805
-2868759
3057604
-2871105
3055401
-2873449
3053196
-2875792
3050990
-2878133
3048781
-2880472
3046571
-2882809
3044359
-2885145
3042145
-2887479
3039930
-2889812
3037712
-2892143
3035493
-2894472
3033272
-2896799
3031050
-2899125
3028825
-2901448
3026599
-2903771
3024371
-2906091
3022141
-2908410
3019909
-2910727
3017676
-2913043
3015441
-2915356
3013204
-2917668
3010965
-2919978
3008725
-2922287
3006482
-2924594
3004238
-2926899
3001993
-2929202
2999745
-2931504
2997496
-2933804
2995245
-2936102
2992992
-2938398
2990737
-2940693
2988481
-2942986
2986223
-2945277
2983963
-2947567
2981701
-2949855
2979438
-2952141
2977173
-2954425
2974906
-2956708
2972637
-2958989
2970367
-2961268
2968095
-2963545
2965821
-2965821
2963545
-2968095
2961268
-2970367
2958989
-2972637
2956708
-2974906
2954425
-2977173
2952141
-2979438
2949855
-2981701
2947567
-2983963
2945277
-2986223
2942986
-2988481
2940693
-2990737
2938398
-2992992
2936102
-2995245
2933804
-2997496
2931504
-2999745
2929202
-3001993
2926899
-3004238
2924594
-3006482
2922287
-3008725
2919978
-3010965
2917668
-3013204
2915356
-3015441
2913043
-3017676
2910727
-3019909
2908410
-3022141
2906091
-3024371
2903771
-3026599
2901448
-3028825
2899125
-3031050
2896799
-3033272
2894472
-3035493
2892143
-3037712
2889812
-3039930
2887479
-3042145
2885145
-3044359
2882809
-3046571
2880472
-3048781
2878133
-3050990
2875792
-3053196
2873449
-3055401
2871105
-3057604
2868759
-3059805
2866411
-3062005
2864062
-3064202
2861711
-3066398
2859358
-3068592
2857004
-3070784
2854647
-3072975
2852290
-3075163
2849930
-3077350
2847569
-3079535
2845206
-3081718
2842842
-3083900
2840476
-3086079
2838108
-3088257
2835738
-3090433
2833367
-3092607
2830994
-3094779
2828620
-3096949
2826244
-3099118
2823866
-3101285
2821486
-3103450
2819105
-3105613
2816722
-3107774
2814338
-3109934
2811952
-3112091
2809564
-3114247
2807175
-3116401
2804784
-3118553
2802391
-3120704
2799996
-3122852
2797600
-3124999
2795203
-3127144
2792803
-3129287
2790402
-3131428
2788000
-3133567
2785596
-3135704
2783190
-3137840
2780782
-3139974
2778373
-3142106
2775962
-3144236
2773550
-3146364
2771136
-3148490
2768720
-3150615
2766303
-3152738
2763884
-3154858
2761463
-3156977
2759041
-3159094
2756617
-3161210
2754192
-3163323
2751765
-3165434
2749336
-3167544
2746906
-3169652
2744474
-3171758
2742040
-3173862
2739605
-3175964
2737169
-3178064
2734730
-3180163
2732290
-3182259
2729849
-3184354
2727406
-3186447
2724961
-3188538
2722514
-3190627
2720066
-3192714
2717617
-3194800
2715166
-3196883
2712713
-3198964
2710259
-3201044
2707803
-3203122
2705345
-3205198
2702886
-3207272
2700425
-3209344
2697963
-3211414
2695499
-3213483
2693033
-3215549
2690566
-3217614
2688098
-3219676
2685627
-3221737
2683156
-3223796
2680682
-3225853
2678207
-3227908
2675731
-3229962
2673252
-3232013
2670773
-3234062
2668292
-3236110
2665809
-3238155
2663324
-3240199
2660838
-3242241
2658351
-3244281
2655862
-3246319
2653371
-3248355
2650879
-3250389
2648385
-3252421
2645890
-3254451
2643393
-3256480
2640894
-3258506
2638394
-3260531
2635892
-3262554
2633389
-3264574
2630885
-3266593
2628378
-3268610
2625871
-3270625
2623362
-3272638
2620851
-3274649
2618338
-3276658
2615824
-3278666
2613309
-3280671
2610792
-3282674
2608273
-3284676
2605753
-3286676
2603232
-3288673
2600708
-3290669
2598184
-3292662
2595658
-3294654
2593130
-3296644
2590600
-3298632
2588070
-3300618
2585537
-3302602
2583004
-3304584
2580468
-3306564
2577931
-3308543
2575393
-3310519
2572853
-3312493
2570312
-3314466
2567769
-3316436
2565224
-3318405
2562678
-3320371
2560131
-3322336
2557582
-3324298
2555032
-3326259
2552480
-3328218
2549926
-3330174
2547371
-3332129
2544815
-3334082
2542257
-3336033
2539697
-3337982
2537136
-3339929
2534574
-3341874
2532010
-3343817
2529445
-3345758
2526878
-3347697
2524309
-3349634
2521739
-3351569
2519168
-3353502
2516595
-3355434
2514021
-3357363
2511445
-3359290
2508868
-3361215
2506289
-3363138
2503709
-3365060
2501127
-3366979
2498544
-3368896
2495959
-3370812
2493373
-3372725
2490786
-3374637
2488196
-3376546
2485606
-3378454
2483014
-3380359
2480421
-3382262
2477826
-3384164
2475229
-3386063
2472632
-3387961
2470032
-3389856
2467432
-3391750
2464829
-3393641
2462226
-3395531
2459621
-3397418
2457014
-3399304
2454406
-3401187
2451797
-3403069
2449186
-3404948
2446574
-3406826
2443960
-3408701
2441345
-3410575
2438728
-3412446
2436110
-3414316
2433491
-3416183
2430870
-3418049
2428248
-3419912
2425624
-3421774
2422999
-3423633
2420372
-3425490
2417744
-3427346
2415114
-3429199
2412484
-3431050
2409851
-3432900
2407218
-3434747
2404582
-3436592
2401946
-3438436
2399308
-3440277
2396669
-3442116
2394028
-3443954
2391386
-3445789
2388742
-3447622
2386097
-3449453
2383451
-3451282
2380803
-3453109
2378154
-3454934
2375503
-3456757
2372851
-3458578
2370198
-3460397
2367543
-3462214
2364887
-3464029
2362229
-3465842
2359570
-3467652
2356910
-3469461
2354248
-3471268
2351585
-3473073
2348920
-3474875
2346255
-3476676
2343587
-3478474
2340919
-3480271
2338249
-3482065
2335577
-3483858
2332904
-3485648
2330230
-3487436
2327555
-3489222
2324878
-3491007
2322200
-3492789
2319520
-3494569
2316839
-3496347
2314157
-3498123
2311473
-3499897
2308788
-3501669
2306102
-3503438
2303414
-3505206
2300725
-3506972
2298034
-3508735
2295342
-3510497
2292649
-3512256
2289955
-3514014
2287259
-3515769
2284562
-3517522
2281863
-3519274
2279163
-3521023
2276462
-3522770
2273759
-3524515
2271055
-3526258
2268350
-3527999
2265643
-3529737
2262935
-3531474
2260226
-3533209
2257516
-3534941
2254804
-3536672
2252090
-3538400
2249376
-3540126
2246660
-3541850
2243943
-3543573
2241224
-3545293
2238504
-3547011
2235783
-3548726
2233060
-3550440
2230337
-3552152
2227612
-3553862
2224885
-3555569
2222157
-3557274
2219428
-3558978
2216698
-3560679
2213966
-3562378
2211233
-3564075
2208499
-3565770
2205764
-3567463
2203027
-3569154
2200288
-3570842
2197549
-3572529
2194808
-3574213
2192066
-3575896
2189323
-3577576
2186578
-3579254
2183832
-3580930
2181085
-3582604
2178337
-3584276
2175587
-3585946
2172836
-3587613
2170084
-3589279
2167330
-3590942
2164575
-3592603
2161819
-3594262
2159062
-3595920
2156303
-3597574
2153543
-3599227
2150782
-3600878
2148020
-3602526
2145256
-3604173
2142491
-3605817
2139724
-3607460
2136957
-3609100
2134188
-3610738
2131418
-3612373
2128647
-3614007
2125874
-3615639
2123101
-3617268
2120326
-3618896
2117549
-3620521
2114772
-3622144
2111993
-3623765
2109213
-3625384
2106432
-3627000
2103649
-3628615
2100866
-3630227
2098080
-3631838
2095294
-3633446
2092507
-3635052
2089718
-3636656
2086928
-3638257
2084137
-3639857
2081345
-3641454
2078551
-3643050
2075756
-3644643
2072960
-3646234
2070163
-3647822
2067365
-3649409
2064565
-3650994
2061764
-3652576
2058962
-3654157
2056159
-3655735
2053354
-3657311
2050549
-3658884
2047742
-3660456
2044934
-3662026
2042124
-3663593
2039314
-3665158
2036502
-3666721
2033689
-3668282
2030875
-3669841
2028060
-3671398
2025243
-3672952
2022425
-3674504
2019606
-3676054
2016786
-3677602
2013965
-3679148
2011142
-3680692
2008319
-3682233
2005494
-3683772
2002668
-3685310
1999841
-3686844
1997012
-3688377
1994183
-3689908
1991352
-3691436
1988520
-3692962
1985687
-3694487
1982853
-3696008
1980018
-3697528
1977181
-3699046
1974344
-3700561
1971505
-3702074
1968664
-3703586
1965823
-3705094
1962981
-3706601
1960138
-3708106
1957293
-3709608
1954447
-3711108
1951600
-3712606
1948752
-3714102
1945903
-3715595
1943052
-3717087
1940201
-3718576
1937348
-3720063
1934494
-3721548
1931639
-3723030
1928783
-3724511
1925926
-3725989
1923068
-3727465
1920208
-3728939
1917348
-3730411
1914486
-3731880
1911623
-3733348
1908759
-3734813
1905894
-3736276
1903028
-3737736
1900160
-3739195
1897292
-3740651
1894422
-3742105
1891551
-3743557
1888680
-3745007
1885806
-3746454
1882932
-3747900
1880057
-3749343
1877181
-3750784
1874304
-3752222
1871425
-3753659
1868546
-3755093
1865665
-3756525
1862783
-3757955
1859900
-3759382
1857016
-3760808
1854131
-3762231
1851245
-3763652
1848358
-3765071
1845470
-3766487
1842580
-3767902
1839690
-3769314
1836798
-3770724
1833906
-3772132
1831012
-3773537
1828117
-3774940
1825221
-3776341
1822324
-3777740
1819426
-3779137
1816527
-3780531
1813627
-3781923
1810726
-3783313
1807823
-3784701
1804920
-3786086
1802016
-3787470
1799110
-3788850
1796204
-3790229
1793296
-3791606
1790387
-3792980
1787478
-3794352
1784567
-3795722
1781655
-3797090
1778742
-3798455
1775828
-3799818
1772913
-3801179
1769997
-3802538
1767080
-3803894
1764162
-3805249
1761243
-3806601
1758323
-3807950
1755402
-3809298
1752480
-3810643
1749556
-3811986
1746632
-3813327
1743707
-3814665
1740780
-3816002
1737853
-3817336
1734925
-3818668
1731995
-3819997
1729065
-3821324
1726134
-3822649
1723201
-3823972
1720268
-3825293
1717333
-3826611
1714398
-3827927
1711461
-3829241
1708524
-3830552
1705585
-3831862
1702646
-3833169
1699705
-3834474
1696764
-3835776
1693821
-3837076
1690878
-3838374
1687933
-3839670
1684988
-3840964
1682041
-3842255
1679094
-3843544
1676145
-3844831
1673196
-3846115
1670246
-3847397
1667294
-3848677
1664342
-3849955
1661388
-3851230
1658434
-3852503
1655479
-3853774
1652522
-3855043
1649565
-3856309
1646607
-3857573
1643648
-3858835
1640688
-3860095
1637726
-3861352
1634764
-3862607
1631801
-3863860
1628837
-3865110
1625872
-3866358
1622906
-3867604
1619939
-3868848
1616972
-3870089
1614003
-3871328
1611033
-3872565
1608062
-3873799
1605091
-3875032
1602118
-3876262
1599144
-3877489
1596170
-3878714
1593195
-3879938
1590218
-3881158
1587241
-3882377
1584263
-3883593
1581284
-3884807
1578304
-3886019
1575322
-3887228
1572341
-3888436
1569358
-3889640
1566374
-3890843
1563389
-3892043
1560404
-3893241
1557417
-3894437
1554430
-3895630
1551441
-3896821
1548452
-3898010
1545462
-3899196
1542471
-3900381
1539479
-3901563
1536486
-3902742
1533492
-3903920
1530497
-3905094
1527502
-3906267
1524505
-3907438
1521508
-3908606
1518509
-3909772
1515510
-3910935
1512510
-3912096
1509509
-3913255
1506507
-3914412
1503504
-3915566
1500501
-3916718
1497496
-3917868
1494491
-3919016
1491485
-3920161
1488478
-3921303
1485469
-3922444
1482460
-3923582
1479451
-3924718
1476440
-3925852
1473428
-3926983
1470416
-3928112
1467403
-3929238
1464389
-3930363
1461374
-3931485
1458358
-3932604
1455341
-3933722
1452324
-3934837
1449305
-3935950
1446286
-3937060
1443266
-3938168
1440245
-3939274
1437223
-3940378
1434200
-3941479
1431177
-3942578
1428153
-3943674
1425128
-3944768
1422102
-3945860
1419075
-3946950
1416047
-3948037
1413018
-3949122
1409989
-3950205
1406959
-3951285
1403928
-3952363
1400896
-3953438
1397863
-3954512
1394830
-3955583
1391796
-3956651
1388760
-3957718
1385724
-3958782
1382688
-3959843
1379650
-3960903
1376612
-3961960
1373573
-3963014
1370533
-3964067
1367492
-3965117
1364450
-3966164
1361408
-3967210
1358365
-3968253
1355321
-3969294
1352276
-3970332
1349230
-3971368
1346184
-3972402
1343137
-3973433
1340089
-3974462
1337040
-3975489
1333990
-3976513
1330940
-3977535
1327889
-3978555
1324837
-3979572
1321784
-3980587
1318731
-3981600
1315676
-3982610
1312622
-3983618
1309566
-3984623
1306509
-3985627
1303452
-3986628
1300394
-3987626
1297335
-3988622
1294275
-3989616
1291215
-3990608
1288154
-3991597
1285092
-3992584
1282029
-3993568
1278966
-3994550
1275902
-3995530
1272837
-3996508
1269771
-3997482
1266705
-3998455
1263638
-3999426
1260570
-4000394
1257501
-4001359
1254432
-4002323
1251362
-4003284
1248291
-4004242
1245219
-4005198
1242147
-4006152
1239074
-4007104
1236000
-4008053
1232926
-4009000
1229850
-4009944
1226774
-4010886
1223698
-4011826
1220620
-4012764
1217542
-4013699
1214463
-4014631
1211384
-4015562
1208304
-4016490
1205222
-4017415
1202141
-4018338
1199058
-4019259
1195975
-4020178
1192892
-4021094
1189807
-4022008
1186722
-4022919
1183636
-4023828
1180550
-4024735
1177462
-4025639
1174374
-4026541
1171286
-4027440
1168196
-4028338
1165106
-4029232
1162015
-4030125
1158924
-4031015
1155832
-4031902
1152739
-4032788
1149646
-4033671
1146552
-4034551
1143457
-4035430
1140361
-4036305
1137265
-4037179
1134168
-4038050
1131071
-4038919
1127973
-4039785
1124874
-4040649
1121774
-4041510
1118674
-4042370
1115574
-4043227
1112472
-4044081
1109370
-4044933
1106267
-4045783
1103164
-4046630
1100060
-4047475
1096955
-4048318
1093850
-4049158
1090744
-4049996
1087637
-4050831
1084530
-4051664
1081422
-4052494
1078313
-4053323
1075204
-4054149
1072094
-4054972
1068984
-4055793
1065873
-4056612
1062761
-4057428
1059649
-4058242
1056536
-4059054
1053422
-4059863
1050308
-4060670
1047193
-4061474
1044078
-4062276
1040962
-4063076
1037845
-4063873
1034728
-4064668
1031610
-4065460
1028492
-4066250
1025373
-4067038
1022253
-4067823
1019133
-4068606
1016012
-4069386
1012890
-4070164
1009768
-4070940
1006646
-4071713
1003522
-4072484
1000398
-4073253
997274
-4074019
994149
-4074783
991023
-4075544
987897
-4076303
984770
-4077059
981643
-4077813
978515
-4078565
975387
-4079314
972258
-4080061
969128
-4080806
965998
-4081548
962867
-4082288
959736
-4083025
956604
-4083760
953471
-4084492
950338
-4085222
947204
-4085950
944070
-4086676
940936
-4087398
937800
-4088119
934664
-4088837
931528
-4089553
928391
-4090266
925254
-4090977
922116
-4091685
918977
-4092391
915838
-4093095
912698
-4093796
909558
-4094495
906418
-4095191
903276
-4095885
900134
-4096577
896992
-4097266
893849
-4097953
890706
-4098637
887562
-4099319
884418
-4099999
881273
-4100676
878127
-4101351
874982
-4102023
871835
-4102693
868688
-4103360
865540
-4104026
862392
-4104688
859244
-4105348
856095
-4106006
852946
-4106662
849796
-4107315
846645
-4107965
843494
-4108613
840342
-4109259
837190
-4109902
834038
-4110543
830885
-4111182
827731
-4111818
824578
-4112452
821423
-4113083
818268
-4113712
815113
-4114338
811957
-4114962
808800
-4115584
805644
-4116203
802486
-4116819
799328
-4117434
796170
-4118046
793011
-4118655
789852
-4119262
786692
-4119866
783532
-4120469
780372
-4121068
777211
-4121666
774049
-4122261
770887
-4122853
767725
-4123443
764562
-4124031
761399
-4124616
758235
-4125199
755071
-4125779
751906
-4126357
748741
-4126933
745575
-4127506
742410
-4128076
739243
-4128644
736076
-4129210
732909
-4129774
729741
-4130334
726573
-4130893
723404
-4131449
720236
-4132003
717066
-4132554
713896
-4133103
710726
-4133649
707555
-4134193
704384
-4134734
701213
-4135273
698041
-4135810
694868
-4136344
691696
-4136876
688522
-4137405
685349
-4137932
682175
-4138456
679001
-4138978
675826
-4139498
672651
-4140015
669475
-4140530
666299
-4141042
663123
-4141552
659946
-4142060
656769
-4142564
653592
-4143067
650414
-4143567
647236
-4144065
644057
-4144560
640878
-4145053
637698
-4145543
634519
-4146031
631338
-4146516
628158
-4146999
624977
-4147480
621796
-4147958
618614
-4148434
615432
-4148907
612250
-4149378
609067
-4149846
605884
-4150312
602701
-4150776
599517
-4151237
596333
-4151695
593148
-4152151
589963
-4152605
586778
-4153056
583593
-4153505
580407
-4153952
577221
-4154396
574034
-4154837
570847
-4155276
567660
-4155713
564472
-4156147
561284
-4156578
558096
-4157008
554908
-4157435
551719
-4157859
548530
-4158281
545340
-4158700
542150
-4159118
538960
-4159532
535770
-4159944
532579
-4160354
529388
-4160761
526196
-4161166
523004
-4161568
519812
-4161968
516620
-4162366
513428
-4162761
510235
-4163153
507041
-4163544
503848
-4163931
500654
-4164316
497460
-4164699
494265
-4165080
491071
-4165457
487876
-4165833
484680
-4166206
481485
-4166576
478289
-4166944
475093
-4167310
471896
-4167673
468700
-4168034
465503
-4168392
462305
-4168748
459108
-4169101
455910
-4169452
452712
-4169801
449514
-4170147
446315
-4170490
443116
-4170831
439917
-4171170
436718
-4171506
433518
-4171840
430318
-4172171
427118
-4172500
423918
-4172826
420717
-4173150
417516
-4173472
414315
-4173791
411114
-4174107
407912
-4174421
404710
-4174733
401508
-4175042
398306
-4175349
395103
-4175653
391900
-4175955
388697
-4176254
385494
-4176551
382290
-4176846
379087
-4177138
375883
-4177427
372679
-4177714
369474
-4177999
366270
-4178281
363065
-4178561
359860
-4178838
356655
-4179113
353449
-4179385
350244
-4179655
347038
-4179922
343832
-4180187
340625
-4180450
337419
-4180710
334212
-4180967
331006
-4181222
327798
-4181475
324591
-4181725
321384
-4181973
318176
-4182218
314968
-4182461
311760
-4182701
308552
-4182939
305344
-4183175
302135
-4183408
298926
-4183638
295718
-4183866
292508
-4184092
289299
-4184315
286090
-4184536
282880
-4184754
279670
-4184970
276461
-4185183
273250
-4185394
270040
-4185602
266830
-4185808
263619
-4186011
260409
-4186212
257198
-4186411
253987
-4186607
250776
-4186800
247564
-4186992
244353
-4187180
241141
-4187366
237930
-4187550
234718
-4187731
231506
-4187910
228293
-4188086
225081
-4188260
221869
-4188432
218656
-4188601
215444
-4188767
212231
-4188931
209018
-4189093
205805
-4189252
202592
-4189408
199378
-4189562
196165
-4189714
192951
-4189863
189738
-4190010
186524
-4190154
183310
-4190296
180096
-4190436
176882
-4190572
173668
-4190707
170454
-4190839
167239
-4190968
164025
-4191096
160810
-4191220
157595
-4191342
154381
-4191462
151166
-4191579
147951
-4191694
144736
-4191806
141521
-4191916
138306
-4192023
135090
-4192128
131875
-4192230
128659
-4192330
125444
-4192428
122228
-4192523
119013
-4192615
115797
-4192705
112581
-4192793
109365
-4192878
106149
-4192960
102933
-4193041
99717
-4193118
96501
-4193194
93285
-4193266
90069
-4193337
86852
-4193405
83636
-4193470
80420
-4193533
77203
-4193593
73987
-4193651
70770
-4193707
67554
-4193760
64337
-4193810
61121
-4193859
57904
-4193904
54687
-4193947
51470
-4193988
48254
-4194026
45037
-4194062
41820
-4194096
38603
-4194126
35386
-4194155
32170
-4194181
28953
-4194204
25736
-4194225
22519
-4194244
19302
-4194260
16085
-4194273
12868
-4194284
9651
-4194293
6434
-4194299
3217
-4194303
0
-4194304
-3217
-4194303
-6434
-4194299
-9651
-4194293
-12868
-4194284
-16085
-4194273
-19302
-4194260
-22519
-4194244
-25736
-4194225
-28953
-4194204
-32170
-4194181
-35386
-4194155
-38603
-4194126
-41820
-4194096
-45037
-4194062
-48254
-4194026
-51470
-4193988
-54687
-4193947
-57904
-4193904
-61121
-4193859
-64337
-4193810
-67554
-4193760
-70770
-4193707
-73987
-4193651
-77203
-4193593
-80420
-4193533
-83636
-4193470
-86852
-4193405
-90069
-4193337
-93285
-4193266
-96501
-4193194
-99717
-4193118
-102933
-4193041
-106149
-4192960
-109365
-4192878
-112581
-4192793
-115797
-4192705
-119013
-4192615
-122228
-4192523
-125444
-4192428
-128659
-4192330
-131875
-4192230
-135090
-4192128
-138306
-4192023
-141521
-4191916
-144736
-4191806
-147951
-4191694
-151166
-4191579
-154381
-4191462
-157595
-4191342
-160810
-4191220
-164025
-4191096
-167239
-4190968
-170454
-4190839
-173668
-4190707
-176882
-4190572
-180096
-4190436
-183310
-4190296
-186524
-4190154
-189738
-4190010
-192951
-4189863
-196165
-4189714
-199378
-4189562
-202592
-4189408
-205805
-4189252
-209018
-4189093
-212231
-4188931
-215444
-4188767
-218656
-4188601
-221869
-4188432
-225081
-4188260
-228293
-4188086
-231506
-4187910
-234718
-4187731
-237930
-4187550
-241141
-4187366
-244353
-4187180
-247564
-4186992
-250776
-4186800
-253987
-4186607
-257198
-4186411
-260409
-4186212
-263619
-4186011
-266830
-4185808
-270040
-4185602
-273250
-4185394
-276461
-4185183
-279670
-4184970
-282880
-4184754
-286090
-4184536
-289299
-4184315
-292508
-4184092
-295718
-4183866
-298926
-4183638
-302135
-4183408
-305344
-4183175
-308552
-4182939
-311760
-4182701
-314968
-4182461
-318176
-4182218
-321384
-4181973
-324591
-4181725
-327798
-4181475
-331006
-4181222
-334212
-4180967
-337419
-4180710
-340625
-4180450
-343832
-4180187
-347038
-4179922
-350244
-4179655
-353449
-4179385
-356655
-4179113
-359860
-4178838
-363065
-4178561
-366270
-4178281
-369474
-4177999
-372679
-4177714
-375883
-4177427
-379087
-4177138
-382290
-4176846
-385494
-4176551
-388697
-4176254
-391900
-4175955
-395103
-4175653
-398306
-4175349
-401508
-4175042
-404710
-4174733
-407912
-4174421
-411114
-4174107
-414315
-4173791
-417516
-4173472
-420717
-4173150
-423918
-4172826
-427118
-4172500
-430318
-4172171
-433518
-4171840
-436718
-4171506
-439917
-4171170
-443116
-4170831
-446315
-4170490
-449514
-4170147
-452712
-4169801
-455910
-4169452
-459108
-4169101
-462305
-4168748
-465503
-4168392
-468700
-4168034
-471896
-4167673
-475093
-4167310
-478289
-4166944
-481485
-4166576
-484680
-4166206
-487876
-4165833
-491071
-4165457
-494265
-4165080
-497460
-4164699
-500654
-4164316
-503848
-4163931
-507041
-4163544
-510235
-4163153
-513428
-4162761
-516620
-4162366
-519812
-4161968
-523004
-4161568
-526196
-4161166
-529388
-4160761
-532579
-4160354
-535770
-4159944
-538960
-4159532
-542150
-4159118
-545340
-4158700
-548530
-4158281
-551719
-4157859
-554908
-4157435
-558096
-4157008
-561284
-4156578
-564472
-4156147
-567660
-4155713
-570847
-4155276
-574034
-4154837
-577221
-4154396
-580407
-4153952
-583593
-4153505
-586778
-4153056
-589963
-4152605
-593148
-4152151
-596333
-4151695
-599517
-4151237
-602701
-4150776
-605884
-4150312
-609067
-4149846
-612250
-4149378
-615432
-4148907
-618614
-4148434
-621796
-4147958
-624977
-4147480
-628158
-4146999
-631338
-4146516
-634519
-4146031
-637698
-4145543
-640878
-4145053
-644057
-4144560
-647236
-4144065
-650414
-4143567
-653592
-4143067
-656769
-4142564
-659946
-4142060
-663123
-4141552
-666299
-4141042
-669475
-4140530
-672651
-4140015
-675826
-4139498
-679001
-4138978
-682175
-4138456
-685349
-4137932
-688522
-4137405
-691696
-4136876
-694868
-4136344
-698041
-4135810
-701213
-4135273
-704384
-4134734
-707555
-4134193
-710726
-4133649
-713896
-4133103
-717066
-4132554
-720236
-4132003
-723404
-4131449
-726573
-4130893
-729741
-4130334
-732909
-4129774
-736076
-4129210
-739243
-4128644
-742410
-4128076
-745575
-4127506
-748741
-4126933
-751906
-4126357
-755071
-4125779
-758235
-4125199
-761399
-4124616
-764562
-4124031
-767725
-4123443
-770887
-4122853
-774049
-4122261
-777211
-4121666
-780372
-4121068
-783532
-4120469
-786692
-4119866
-789852
-4119262
-793011
-4118655
-796170
-4118046
-799328
-4117434
-802486
-4116819
-805644
-4116203
-808800
-4115584
-811957
-4114962
-815113
-4114338
-818268
-4113712
-821423
-4113083
-824578
-4112452
-827731
-4111818
-830885
-4111182
-834038
-4110543
-837190
-4109902
-840342
-4109259
-843494
-4108613
-846645
-4107965
-849796
-4107315
-852946
-4106662
-856095
-4106006
-859244
-4105348
-862392
-4104688
-865540
-4104026
-868688
-4103360
-871835
-4102693
-874982
-4102023
-878127
-4101351
-881273
-4100676
-884418
-4099999
-887562
-4099319
-890706
-4098637
-893849
-4097953
-896992
-4097266
-900134
-4096577
-903276
-4095885
-906418
-4095191
-909558
-4094495
-912698
-4093796
-915838
-4093095
-918977
-4092391
-922116
-4091685
-925254
-4090977
-928391
-4090266
-931528
-4089553
-934664
-4088837
-937800
-4088119
-940936
-4087398
-944070
-4086676
-947204
-4085950
-950338
-4085222
-953471
-4084492
-956604
-4083760
-959736
-4083025
-962867
-4082288
-965998
-4081548
-969128
-4080806
-972258
-4080061
-975387
-4079314
-978515
-4078565
-981643
-4077813
-984770
-4077059
-987897
-4076303
-991023
-4075544
-994149
-4074783
-997274
-4074019
-1000398
-4073253
-1003522
-4072484
-1006646
-4071713
-1009768
-4070940
-1012890
-4070164
-1016012
-4069386
-1019133
-4068606
-1022253
-4067823
-1025373
-4067038
-1028492
-4066250
-1031610
-4065460
-1034728
-4064668
-1037845
-4063873
-1040962
-4063076
-1044078
-4062276
-1047193
-4061474
-1050308
-4060670
-1053422
-4059863
-1056536
-4059054
-1059649
-4058242
-1062761
-4057428
-1065873
-4056612
-1068984
-4055793
-1072094
-4054972
-1075204
-4054149
-1078313
-4053323
-1081422
-4052494
-1084530
-4051664
-1087637
-4050831
-1090744
-4049996
-1093850
-4049158
-1096955
-4048318
-1100060
-4047475
-1103164
-4046630
-1106267
-4045783
-1109370
-4044933
-1112472
-4044081
-1115574
-4043227
-1118674
-4042370
-1121774
-4041510
-1124874
-4040649
-1127973
-4039785
-1131071
-4038919
-1134168
-4038050
-1137265
-4037179
-1140361
-4036305
-1143457
-4035430
-1146552
-4034551
-1149646
-4033671
-1152739
-4032788
-1155832
-4031902
-1158924
-4031015
-1162015
-4030125
-1165106
-4029232
-1168196
-4028338
-1171286
-4027440
-1174374
-4026541
-1177462
-4025639
-1180550
-4024735
-1183636
-4023828
-1186722
-4022919
-1189807
-4022008
-1192892
-4021094
-1195975
-4020178
-1199058
-4019259
-1202141
-4018338
-1205222
-4017415
-1208304
-4016490
-1211384
-4015562
-1214463
-4014631
-1217542
-4013699
-1220620
-4012764
-1223698
-4011826
-1226774
-4010886
-1229850
-4009944
-1232926
-4009000
-1236000
-4008053
-1239074
-4007104
-1242147
-4006152
-1245219
-4005198
-1248291
-4004242
-1251362
-4003284
-1254432
-4002323
-1257501
-4001359
-1260570
-4000394
-1263638
-3999426
-1266705
-3998455
-1269771
-3997482
-1272837
-3996508
-1275902
-3995530
-1278966
-3994550
-1282029
-3993568
-1285092
-3992584
-1288154
-3991597
-1291215
-3990608
-1294275
-3989616
-1297335
-3988622
-1300394
-3987626
-1303452
-3986628
-1306509
-3985627
-1309566
-3984623
-1312622
-3983618
-1315676
-3982610
-1318731
-3981600
-1321784
-3980587
-1324837
-3979572
-1327889
-3978555
-1330940
-3977535
-1333990
-3976513
-1337040
-3975489
-1340089
-3974462
-1343137
-3973433
-1346184
-3972402
-1349230
-3971368
-1352276
-3970332
-1355321
-3969294
-1358365
-3968253
-1361408
-3967210
-1364450
-3966164
-1367492
-3965117
-1370533
-3964067
-1373573
-3963014
-1376612
-3961960
-1379650
-3960903
-1382688
-3959843
-1385724
-3958782
-1388760
-3957718
-1391796
-3956651
-1394830
-3955583
-1397863
-3954512
-1400896
-3953438
-1403928
-3952363
-1406959
-3951285
-1409989
-3950205
-1413018
-3949122
-1416047
-3948037
-1419075
-3946950
-1422102
-3945860
-1425128
-3944768
-1428153
-3943674
-1431177
-3942578
-1434200
-3941479
-1437223
-3940378
-1440245
-3939274
-1443266
-3938168
-1446286
-3937060
-1449305
-3935950
-1452324
-3934837
-1455341
-3933722
-1458358
-3932604
-1461374
-3931485
-1464389
-3930363
-1467403
-3929238
-1470416
-3928112
-1473428
-3926983
-1476440
-3925852
-1479451
-3924718
-1482460
-3923582
-1485469
-3922444
-1488478
-3921303
-1491485
-3920161
-1494491
-3919016
-1497496
-3917868
-1500501
-3916718
-1503504
-3915566
-1506507
-3914412
-1509509
-3913255
-1512510
-3912096
-1515510
-3910935
-1518509
-3909772
-1521508
-3908606
-1524505
-3907438
-1527502
-3906267
-1530497
-3905094
-1533492
-3903920
-1536486
-3902742
-1539479
-3901563
-1542471
-3900381
-1545462
-3899196
-1548452
-3898010
-1551441
-3896821
-1554430
-3895630
-1557417
-3894437
-1560404
-3893241
-1563389
-3892043
-1566374
-3890843
-1569358
-3889640
-1572341
-3888436
-1575322
-3887228
-1578304
-3886019
-1581284
-3884807
-1584263
-3883593
-1587241
-3882377
-1590218
-3881158
-1593195
-3879938
-1596170
-3878714
-1599144
-3877489
-1602118
-3876262
-1605091
-3875032
-1608062
-3873799
-1611033
-3872565
-1614003
-3871328
-1616972
-3870089
-1619939
-3868848
-1622906
-3867604
-1625872
-3866358
-1628837
-3865110
-1631801
-3863860
-1634764
-3862607
-1637726
-3861352
-1640688
-3860095
-1643648
-3858835
-1646607
-3857573
-1649565
-3856309
-1652522
-3855043
-1655479
-3853774
-1658434
-3852503
-1661388
-3851230
-1664342
-3849955
-1667294
-3848677
-1670246
-3847397
-1673196
-3846115
-1676145
-3844831
-1679094
-3843544
-1682041
-3842255
-1684988
-3840964
-1687933
-3839670
-1690878
-3838374
-1693821
-3837076
-1696764
-3835776
-1699705
-3834474
-1702646
-3833169
-1705585
-3831862
-1708524
-3830552
-1711461
-3829241
-1714398
-3827927
-1717333
-3826611
-1720268
-3825293
-1723201
-3823972
-1726134
-3822649
-1729065
-3821324
-1731995
-3819997
-1734925
-3818668
-1737853
-3817336
-1740780
-3816002
-1743707
-3814665
-1746632
-3813327
-1749556
-3811986
-1752480
-3810643
-1755402
-3809298
-1758323
-3807950
-1761243
-3806601
-1764162
-3805249
-1767080
-3803894
-1769997
-3802538
-1772913
-3801179
-1775828
-3799818
-1778742
-3798455
-1781655
-3797090
-1784567
-3795722
-1787478
-3794352
-1790387
-3792980
-1793296
-3791606
-1796204
-3790229
-1799110
-3788850
-1802016
-3787470
-1804920
-3786086
-1807823
-3784701
-1810726
-3783313
-1813627
-3781923
-1816527
-3780531
-1819426
-3779137
-1822324
-3777740
-1825221
-3776341
-1828117
-3774940
-1831012
-3773537
-1833906
-3772132
-1836798
-3770724
-1839690
-3769314
-1842580
-3767902
-1845470
-3766487
-1848358
-3765071
-1851245
-3763652
-1854131
-3762231
-1857016
-3760808
-1859900
-3759382
-1862783
-3757955
-1865665
-3756525
-1868546
-3755093
-1871425
-3753659
-1874304
-3752222
-1877181
-3750784
-1880057
-3749343
-1882932
-3747900
-1885806
-3746454
-1888680
-3745007
-1891551
-3743557
-1894422
-3742105
-1897292
-3740651
-1900160
-3739195
-1903028
-3737736
-1905894
-3736276
-1908759
-3734813
-1911623
-3733348
-1914486
-3731880
-1917348
-3730411
-1920208
-3728939
-1923068
-3727465
-1925926
-3725989
-1928783
-3724511
-1931639
-3723030
-1934494
-3721548
-1937348
-3720063
-1940201
-3718576
-1943052
-3717087
-1945903
-3715595
-1948752
-3714102
-1951600
-3712606
-1954447
-3711108
-1957293
-3709608
-1960138
-3708106
-1962981
-3706601
-1965823
-3705094
-1968664
-3703586
-1971505
-3702074
-1974344
-3700561
-1977181
-3699046
-1980018
-3697528
-1982853
-3696008
-1985687
-3694487
-1988520
-3692962
-1991352
-3691436
-1994183
-3689908
-1997012
-3688377
-1999841
-3686844
-2002668
-3685310
-2005494
-3683772
-2008319
-3682233
-2011142
-3680692
-2013965
-3679148
-2016786
-3677602
-2019606
-3676054
-2022425
-3674504
-2025243
-3672952
-2028060
-3671398
-2030875
-3669841
-2033689
-3668282
-2036502
-3666721
-2039314
-3665158
-2042124
-3663593
-2044934
-3662026
-2047742
-3660456
-2050549
-3658884
-2053354
-3657311
-2056159
-3655735
-2058962
-3654157
-2061764
-3652576
-2064565
-3650994
-2067365
-3649409
-2070163
-3647822
-2072960
-3646234
-2075756
-3644643
-2078551
-3643050
-2081345
-3641454
-2084137
-3639857
-2086928
-3638257
-2089718
-3636656
-2092507
-3635052
-2095294
-3633446
-2098080
-3631838
-2100866
-3630227
-2103649
-3628615
-2106432
-3627000
-2109213
-3625384
-2111993
-3623765
-2114772
-3622144
-2117549
-3620521
-2120326
-3618896
-2123101
-3617268
-2125874
-3615639
-2128647
-3614007
-2131418
-3612373
-2134188
-3610738
-2136957
-3609100
-2139724
-3607460
-2142491
-3605817
-2145256
-3604173
-2148020
-3602526
-2150782
-3600878
-2153543
-3599227
-2156303
-3597574
-2159062
-3595920
-2161819
-3594262
-2164575
-3592603
-2167330
-3590942
-2170084
-3589279
-2172836
-3587613
-2175587
-3585946
-2178337
-3584276
-2181085
-3582604
-2183832
-3580930
-2186578
-3579254
-2189323
-3577576
-2192066
-3575896
-2194808
-3574213
-2197549
-3572529
-2200288
-3570842
-2203027
-3569154
-2205764
-3567463
-2208499
-3565770
-2211233
-3564075
-2213966
-3562378
-2216698
-3560679
-2219428
-3558978
-2222157
-3557274
-2224885
-3555569
-2227612
-3553862
-2230337
-3552152
-2233060
-3550440
-2235783
-3548726
-2238504
-3547011
-2241224
-3545293
-2243943
-3543573
-2246660
-3541850
-2249376
-3540126
-2252090
-3538400
-2254804
-3536672
-2257516
-3534941
-2260226
-3533209
-2262935
-3531474
-2265643
-3529737
-2268350
-3527999
-2271055
-3526258
-2273759
-3524515
-2276462
-3522770
-2279163
-3521023
-2281863
-3519274
-2284562
-3517522
-2287259
-3515769
-2289955
-3514014
-2292649
-3512256
-2295342
-3510497
-2298034
-3508735
-2300725
-3506972
-2303414
-3505206
-2306102
-3503438
-2308788
-3501669
-2311473
-3499897
-2314157
-3498123
-2316839
-3496347
-2319520
-3494569
-2322200
-3492789
-2324878
-3491007
-2327555
-3489222
-2330230
-3487436
-2332904
-3485648
-2335577
-3483858
-2338249
-3482065
-2340919
-3480271
-2343587
-3478474
-2346255
-3476676
-2348920
-3474875
-2351585
-3473073
-2354248
-3471268
-2356910
-3469461
-2359570
-3467652
-2362229
-3465842
-2364887
-3464029
-2367543
-3462214
-2370198
-3460397
-2372851
-3458578
-2375503
-3456757
-2378154
-3454934
-2380803
-3453109
-2383451
-3451282
-2386097
-3449453
-2388742
-3447622
-2391386
-3445789
-2394028
-3443954
-2396669
-3442116
-2399308
-3440277
-2401946
-3438436
-2404582
-3436592
-2407218
-3434747
-2409851
-3432900
-2412484
-3431050
-2415114
-3429199
-2417744
-3427346
-2420372
-3425490
-2422999
-3423633
-2425624
-3421774
-2428248
-3419912
-2430870
-3418049
-2433491
-3416183
-2436110
-3414316
-2438728
-3412446
-2441345
-3410575
-2443960
-3408701
-2446574
-3406826
-2449186
-3404948
-2451797
-3403069
-2454406
-3401187
-2457014
-3399304
-2459621
-3397418
-2462226
-3395531
-2464829
-3393641
-2467432
-3391750
-2470032
-3389856
-2472632
-3387961
-2475229
-3386063
-2477826
-3384164
-2480421
-3382262
-2483014
-3380359
-2485606
-3378454
-2488196
-3376546
-2490786
-3374637
-2493373
-3372725
-2495959
-3370812
-2498544
-3368896
-2501127
-3366979
-2503709
-3365060
-2506289
-3363138
-2508868
-3361215
-2511445
-3359290
-2514021
-3357363
-2516595
-3355434
-2519168
-3353502
-2521739
-3351569
-2524309
-3349634
-2526878
-3347697
-2529445
-3345758
-2532010
-3343817
-2534574
-3341874
-2537136
-3339929
-2539697
-3337982
-2542257
-3336033
-2544815
-3334082
-2547371
-3332129
-2549926
-3330174
-2552480
-3328218
-2555032
-3326259
-2557582
-3324298
-2560131
-3322336
-2562678
-3320371
-2565224
-3318405
-2567769
-3316436
-2570312
-3314466
-2572853
-3312493
-2575393
-3310519
-2577931
-3308543
-2580468
-3306564
-2583004
-3304584
-2585537
-3302602
-2588070
-3300618
-2590600
-3298632
-2593130
-3296644
-2595658
-3294654
-2598184
-3292662
-2600708
-3290669
-2603232
-3288673
-2605753
-3286676
-2608273
-3284676
-2610792
-3282674
-2613309
-3280671
-2615824
-3278666
-2618338
-3276658
-2620851
-3274649
-2623362
-3272638
-2625871
-3270625
-2628378
-3268610
-2630885
-3266593
-2633389
-3264574
-2635892
-3262554
-2638394
-3260531
-2640894
-3258506
-2643393
-3256480
-2645890
-3254451
-2648385
-3252421
-2650879
-3250389
-2653371
-3248355
-2655862
-3246319
-2658351
-3244281
-2660838
-3242241
-2663324
-3240199
-2665809
-3238155
-2668292
-3236110
-2670773
-3234062
-2673252
-3232013
-2675731
-3229962
-2678207
-3227908
-2680682
-3225853
-2683156
-3223796
-2685627
-3221737
-2688098
-3219676
-2690566
-3217614
-2693033
-3215549
-2695499
-3213483
-2697963
-3211414
-2700425
-3209344
-2702886
-3207272
-2705345
-3205198
-2707803
-3203122
-2710259
-3201044
-2712713
-3198964
-2715166
-3196883
-2717617
-3194800
-2720066
-3192714
-2722514
-3190627
-2724961
-3188538
-2727406
-3186447
-2729849
-3184354
-2732290
-3182259
-2734730
-3180163
-2737169
-3178064
-2739605
-3175964
-2742040
-3173862
-2744474
-3171758
-2746906
-3169652
-2749336
-3167544
-2751765
-3165434
-2754192
-3163323
-2756617
-3161210
-2759041
-3159094
-2761463
-3156977
-2763884
-3154858
-2766303
-3152738
-2768720
-3150615
-2771136
-3148490
-2773550
-3146364
-2775962
-3144236
-2778373
-3142106
-2780782
-3139974
-2783190
-3137840
-2785596
-3135704
-2788000
-3133567
-2790402
-3131428
-2792803
-3129287
-2795203
-3127144
-2797600
-3124999
-2799996
-3122852
-2802391
-3120704
-2804784
-3118553
-2807175
-3116401
-2809564
-3114247
-2811952
-3112091
-2814338
-3109934
-2816722
-3107774
-2819105
-3105613
-2821486
-3103450
-2823866
-3101285
-2826244
-3099118
-2828620
-3096949
-2830994
-3094779
-2833367
-3092607
-2835738
-3090433
-2838108
-3088257
-2840476
-3086079
-2842842
-3083900
-2845206
-3081718
-2847569
-3079535
-2849930
-3077350
-2852290
-3075163
-2854647
-3072975
-2857004
-3070784
-2859358
-3068592
-2861711
-3066398
-2864062
-3064202
-2866411
-3062005
-2868759
-3059805
-2871105
-3057604
-2873449
-3055401
-2875792
-3053196
-2878133
-3050990
-2880472
-3048781
-2882809
-3046571
-2885145
-3044359
-2887479
-3042145
-2889812
-3039930
-2892143
-3037712
-2894472
-3035493
-2896799
-3033272
-2899125
-3031050
-2901448
-3028825
-2903771
-3026599
-2906091
-3024371
-2908410
-3022141
-2910727
-3019909
-2913043
-3017676
-2915356
-3015441
-2917668
-3013204
-2919978
-3010965
-2922287
-3008725
-2924594
-3006482
-2926899
-3004238
-2929202
-3001993
-2931504
-2999745
-2933804
-2997496
-2936102
-2995245
-2938398
-2992992
-2940693
-2990737
-2942986
-2988481
-2945277
-2986223
-2947567
-2983963
-2949855
-2981701
-2952141
-2979438
-2954425
-2977173
-2956708
-2974906
-2958989
-2972637
-2961268
-2970367
-2963545
-2968095
-2965821
-2965821
-2968095
-2963545
-2970367
-2961268
-2972637
-2958989
-2974906
-2956708
-2977173
-2954425
-2979438
-2952141
-2981701
-2949855
-2983963
-2947567
-2986223
-2945277
-2988481
-2942986
-2990737
-2940693
-2992992
-2938398
-2995245
-2936102
-2997496
-2933804
-2999745
-2931504
-3001993
-2929202
-3004238
-2926899
-3006482
-2924594
-3008725
-2922287
-3010965
-2919978
-3013204
-2917668
-3015441
-2915356
-3017676
-2913043
-3019909
-2910727
-3022141
-2908410
-3024371
-2906091
-3026599
-2903771
-3028825
-2901448
-3031050
-2899125
-3033272
-2896799
-3035493
-2894472
-3037712
-2892143
-3039930
-2889812
-3042145
-2887479
-3044359
-2885145
-3046571
-2882809
-3048781
-2880472
-3050990
-2878133
-3053196
-2875792
-3055401
-2873449
-3057604
-2871105
-3059805
-2868759
-3062005
-2866411
-3064202
-2864062
-3066398
-2861711
-3068592
-2859358
-3070784
-2857004
-3072975
-2854647
-3075163
-2852290
-3077350
-2849930
-3079535
-2847569
-3081718
-2845206
-3083900
-2842842
-3086079
-2840476
-3088257
-2838108
-3090433
-2835738
-3092607
-2833367
-3094779
-2830994
-3096949
-2828620
-3099118
-2826244
-3101285
-2823866
-3103450
-2821486
-3105613
-2819105
-3107774
-2816722
-3109934
-2814338
-3112091
-2811952
-3114247
-2809564
-3116401
-2807175
-3118553
-2804784
-3120704
-2802391
-3122852
-2799996
-3124999
-2797600
-3127144
-2795203
-3129287
-2792803
-3131428
-2790402
-3133567
-2788000
-3135704
-2785596
-3137840
-2783190
-3139974
-2780782
-3142106
-2778373
-3144236
-2775962
-3146364
-2773550
-3148490
-2771136
-3150615
-2768720
-3152738
-2766303
-3154858
-2763884
-3156977
-2761463
-3159094
-2759041
-3161210
-2756617
-3163323
-2754192
-3165434
-2751765
-3167544
-2749336
-3169652
-2746906
-3171758
-2744474
-3173862
-2742040
-3175964
-2739605
-3178064
-2737169
-3180163
-2734730
-3182259
-2732290
-3184354
-2729849
-3186447
-2727406
-3188538
-2724961
-3190627
-2722514
-3192714
-2720066
-3194800
-2717617
-3196883
-2715166
-3198964
-2712713
-3201044
-2710259
-3203122
-2707803
-3205198
-2705345
-3207272
-2702886
-3209344
-2700425
-3211414
-2697963
-3213483
-2695499
-3215549
-2693033
-3217614
-2690566
-3219676
-2688098
-3221737
-2685627
-3223796
-2683156
-3225853
-2680682
-3227908
-2678207
-3229962
-2675731
-3232013
-2673252
-3234062
-2670773
-3236110
-2668292
-3238155
-2665809
-3240199
-2663324
-3242241
-2660838
-3244281
-2658351
-3246319
-2655862
-3248355
-2653371
-3250389
-2650879
-3252421
-2648385
-3254451
-2645890
-3256480
-2643393
-3258506
-2640894
-3260531
-2638394
-3262554
-2635892
-3264574
-2633389
-3266593
-2630885
-3268610
-2628378
-3270625
-2625871
-3272638
-2623362
-3274649
-2620851
-3276658
-2618338
-3278666
-2615824
-3280671
-2613309
-3282674
-2610792
-3284676
-2608273
-3286676
-2605753
-3288673
-2603232
-3290669
-2600708
-3292662
-2598184
-3294654
-2595658
-3296644
-2593130
-3298632
-2590600
-3300618
-2588070
-3302602
-2585537
-3304584
-2583004
-3306564
-2580468
-3308543
-2577931
-3310519
-2575393
-3312493
-2572853
-3314466
-2570312
-3316436
-2567769
-3318405
-2565224
-3320371
-2562678
-3322336
-2560131
-3324298
-2557582
-3326259
-2555032
-3328218
-2552480
-3330174
-2549926
-3332129
-2547371
-3334082
-2544815
-3336033
-2542257
-3337982
-2539697
-3339929
-2537136
-3341874
-2534574
-3343817
-2532010
-3345758
-2529445
-3347697
-2526878
-3349634
-2524309
-3351569
-2521739
-3353502
-2519168
-3355434
-2516595
-3357363
-2514021
-3359290
-2511445
-3361215
-2508868
-3363138
-2506289
-3365060
-2503709
-3366979
-2501127
-3368896
-2498544
-3370812
-2495959
-3372725
-2493373
-3374637
-2490786
-3376546
-2488196
-3378454
-2485606
-3380359
-2483014
-3382262
-2480421
-3384164
-2477826
-3386063
-2475229
-3387961
-2472632
-3389856
-2470032
-3391750
-2467432
-3393641
-2464829
-3395531
-2462226
-3397418
-2459621
-3399304
-2457014
-3401187
-2454406
-3403069
-2451797
-3404948
-2449186
-3406826
-2446574
-3408701
-2443960
-3410575
-2441345
-3412446
-2438728
-3414316
-2436110
-3416183
-2433491
-3418049
-2430870
-3419912
-2428248
-3421774
-2425624
-3423633
-2422999
-3425490
-2420372
-3427346
-2417744
-3429199
-2415114
-3431050
-2412484
-3432900
-2409851
-3434747
-2407218
-3436592
-2404582
-3438436
-2401946
-3440277
-2399308
-3442116
-2396669
-3443954
-2394028
-3445789
-2391386
-3447622
-2388742
-3449453
-2386097
-3451282
-2383451
-3453109
-2380803
-3454934
-2378154
-3456757
-2375503
-3458578
-2372851
-3460397
-2370198
-3462214
-2367543
-3464029
-2364887
-3465842
-2362229
-3467652
-2359570
-3469461
-2356910
-3471268
-2354248
-3473073
-2351585
-3474875
-2348920
-3476676
-2346255
-3478474
-2343587
-3480271
-2340919
-3482065
-2338249
-3483858
-2335577
-3485648
-2332904
-3487436
-2330230
-3489222
-2327555
-3491007
-2324878
-3492789
-2322200
-3494569
-2319520
-3496347
-2316839
-3498123
-2314157
-3499897
-2311473
-3501669
-2308788
-3503438
-2306102
-3505206
-2303414
-3506972
-2300725
-3508735
-2298034
-3510497
-2295342
-3512256
-2292649
-3514014
-2289955
-3515769
-2287259
-3517522
-2284562
-3519274
-2281863
-3521023
-2279163
-3522770
-2276462
-3524515
-2273759
-3526258
-2271055
-3527999
-2268350
-3529737
-2265643
-3531474
-2262935
-3533209
-2260226
-3534941
-2257516
-3536672
-2254804
-3538400
-2252090
-3540126
-2249376
-3541850
-2246660
-3543573
-2243943
-3545293
-2241224
-3547011
-2238504
-3548726
-2235783
-3550440
-2233060
-3552152
-2230337
-3553862
-2227612
-3555569
-2224885
-3557274
-2222157
-3558978
-2219428
-3560679
-2216698
-3562378
-2213966
-3564075
-2211233
-3565770
-2208499
-3567463
-2205764
-3569154
-2203027
-3570842
-2200288
-3572529
-2197549
-3574213
-2194808
-3575896
-2192066
-3577576
-2189323
-3579254
-2186578
-3580930
-2183832
-3582604
-2181085
-3584276
-2178337
-3585946
-2175587
-3587613
-2172836
-3589279
-2170084
-3590942
-2167330
-3592603
-2164575
-3594262
-2161819
-3595920
-2159062
-3597574
-2156303
-3599227
-2153543
-3600878
-2150782
-3602526
-2148020
-3604173
-2145256
-3605817
-2142491
-3607460
-2139724
-3609100
-2136957
-3610738
-2134188
-3612373
-2131418
-3614007
-2128647
-3615639
-2125874
-3617268
-2123101
-3618896
-2120326
-3620521
-2117549
-3622144
-2114772
-3623765
-2111993
-3625384
-2109213
-3627000
-2106432
-3628615
-2103649
-3630227
-2100866
-3631838
-2098080
-3633446
-2095294
-3635052
-2092507
-3636656
-2089718
-3638257
-2086928
-3639857
-2084137
-3641454
-2081345
-3643050
-2078551
-3644643
-2075756
-3646234
-2072960
-3647822
-2070163
-3649409
-2067365
-3650994
-2064565
-3652576
-2061764
-3654157
-2058962
-3655735
-2056159
-3657311
-2053354
-3658884
-2050549
-3660456
-2047742
-3662026
-2044934
-3663593
-2042124
-3665158
-2039314
-3666721
-2036502
-3668282
-2033689
-3669841
-2030875
-3671398
-2028060
-3672952
-2025243
-3674504
-2022425
-3676054
-2019606
-3677602
-2016786
-3679148
-2013965
-3680692
-2011142
-3682233
-2008319
-3683772
-2005494
-3685310
-2002668
-3686844
-1999841
-3688377
-1997012
-3689908
-1994183
-3691436
-1991352
-3692962
-1988520
-3694487
-1985687
-3696008
-1982853
-3697528
-1980018
-3699046
-1977181
-3700561
-1974344
-3702074
-1971505
-3703586
-1968664
-3705094
-1965823
-3706601
-1962981
-3708106
-1960138
-3709608
-1957293
-3711108
-1954447
-3712606
-1951600
-3714102
-1948752
-3715595
-1945903
-3717087
-1943052
-3718576
-1940201
-3720063
-1937348
-3721548
-1934494
-3723030
-1931639
-3724511
-1928783
-3725989
-1925926
-3727465
-1923068
-3728939
-1920208
-3730411
-1917348
-3731880
-1914486
-3733348
-1911623
-3734813
-1908759
-3736276
-1905894
-3737736
-1903028
-3739195
-1900160
-3740651
-1897292
-3742105
-1894422
-3743557
-1891551
-3745007
-1888680
-3746454
-1885806
-3747900
-1882932
-3749343
-1880057
-3750784
-1877181
-3752222
-1874304
-3753659
-1871425
-3755093
-1868546
-3756525
-1865665
-3757955
-1862783
-3759382
-1859900
-3760808
-1857016
-3762231
-1854131
-3763652
-1851245
-3765071
-1848358
-3766487
-1845470
-3767902
-1842580
-3769314
-1839690
-3770724
-1836798
-3772132
-1833906
-3773537
-1831012
-3774940
-1828117
-3776341
-1825221
-3777740
-1822324
-3779137
-1819426
-3780531
-1816527
-3781923
-1813627
-3783313
-1810726
-3784701
-1807823
-3786086
-1804920
-3787470
-1802016
-3788850
-1799110
-3790229
-1796204
-3791606
-1793296
-3792980
-1790387
-3794352
-1787478
-3795722
-1784567
-3797090
-1781655
-3798455
-1778742
-3799818
-1775828
-3801179
-1772913
-3802538
-1769997
-3803894
-1767080
-3805249
-1764162
-3806601
-1761243
-3807950
-1758323
-3809298
-1755402
-3810643
-1752480
-3811986
-1749556
-3813327
-1746632
-3814665
-1743707
-3816002
-1740780
-3817336
-1737853
-3818668
-1734925
-3819997
-1731995
-3821324
-1729065
-3822649
-1726134
-3823972
-1723201
-3825293
-1720268
-3826611
-1717333
-3827927
-1714398
-3829241
-1711461
-3830552
-1708524
-3831862
-1705585
-3833169
-1702646
-3834474
-1699705
-3835776
-1696764
-3837076
-1693821
-3838374
-1690878
-3839670
-1687933
-3840964
-1684988
-3842255
-1682041
-3843544
-1679094
-3844831
-1676145
-3846115
-1673196
-3847397
-1670246
-3848677
-1667294
-3849955
-1664342
-3851230
-1661388
-3852503
-1658434
-3853774
-1655479
-3855043
-1652522
-3856309
-1649565
-3857573
-1646607
-3858835
-1643648
-3860095
-1640688
-3861352
-1637726
-3862607
-1634764
-3863860
-1631801
-3865110
-1628837
-3866358
-1625872
-3867604
-1622906
-3868848
-1619939
-3870089
-1616972
-3871328
-1614003
-3872565
-1611033
-3873799
-1608062
-3875032
-1605091
-3876262
-1602118
-3877489
-1599144
-3878714
-1596170
-3879938
-1593195
-3881158
-1590218
-3882377
-1587241
-3883593
-1584263
-3884807
-1581284
-3886019
-1578304
-3887228
-1575322
-3888436
-1572341
-3889640
-1569358
-3890843
-1566374
-3892043
-1563389
-3893241
-1560404
-3894437
-1557417
-3895630
-1554430
-3896821
-1551441
-3898010
-1548452
-3899196
-1545462
-3900381
-1542471
-3901563
-1539479
-3902742
-1536486
-3903920
-1533492
-3905094
-1530497
-3906267
-1527502
-3907438
-1524505
-3908606
-1521508
-3909772
-1518509
-3910935
-1515510
-3912096
-1512510
-3913255
-1509509
-3914412
-1506507
-3915566
-1503504
-3916718
-1500501
-3917868
-1497496
-3919016
-1494491
-3920161
-1491485
-3921303
-1488478
-3922444
-1485469
-3923582
-1482460
-3924718
-1479451
-3925852
-1476440
-3926983
-1473428
-3928112
-1470416
-3929238
-1467403
-3930363
-1464389
-3931485
-1461374
-3932604
-1458358
-3933722
-1455341
-3934837
-1452324
-3935950
-1449305
-3937060
-1446286
-3938168
-1443266
-3939274
-1440245
-3940378
-1437223
-3941479
-1434200
-3942578
-1431177
-3943674
-1428153
-3944768
-1425128
-3945860
-1422102
-3946950
-1419075
-3948037
-1416047
-3949122
-1413018
-3950205
-1409989
-3951285
-1406959
-3952363
-1403928
-3953438
-1400896
-3954512
-1397863
-3955583
-1394830
-3956651
-1391796
-3957718
-1388760
-3958782
-1385724
-3959843
-1382688
-3960903
-1379650
-3961960
-1376612
-3963014
-1373573
-3964067
-1370533
-3965117
-1367492
-3966164
-1364450
-3967210
-1361408
-3968253
-1358365
-3969294
-1355321
-3970332
-1352276
-3971368
-1349230
-3972402
-1346184
-3973433
-1343137
-3974462
-1340089
-3975489
-1337040
-3976513
-1333990
-3977535
-1330940
-3978555
-1327889
-3979572
-1324837
-3980587
-1321784
-3981600
-1318731
-3982610
-1315676
-3983618
-1312622
-3984623
-1309566
-3985627
-1306509
-3986628
-1303452
-3987626
-1300394
-3988622
-1297335
-3989616
-1294275
-3990608
-1291215
-3991597
-1288154
-3992584
-1285092
-3993568
-1282029
-3994550
-1278966
-3995530
-1275902
-3996508
-1272837
-3997482
-1269771
-3998455
-1266705
-3999426
-1263638
-4000394
-1260570
-4001359
-1257501
-4002323
-1254432
-4003284
-1251362
-4004242
-1248291
-4005198
-1245219
-4006152
-1242147
-4007104
-1239074
-4008053
-1236000
-4009000
-1232926
-4009944
-1229850
-4010886
-1226774
-4011826
-1223698
-4012764
-1220620
-4013699
-1217542
-4014631
-1214463
-4015562
-1211384
-4016490
-1208304
-4017415
-1205222
-4018338
-1202141
-4019259
-1199058
-4020178
-1195975
-4021094
-1192892
-4022008
-1189807
-4022919
-1186722
-4023828
-1183636
-4024735
-1180550
-4025639
-1177462
-4026541
-1174374
-4027440
-1171286
-4028338
-1168196
-4029232
-1165106
-4030125
-1162015
-4031015
-1158924
-4031902
-1155832
-4032788
-1152739
-4033671
-1149646
-4034551
-1146552
-4035430
-1143457
-4036305
-1140361
-4037179
-1137265
-4038050
-1134168
-4038919
-1131071
-4039785
-1127973
-4040649
-1124874
-4041510
-1121774
-4042370
-1118674
-4043227
-1115574
-4044081
-1112472
-4044933
-1109370
-4045783
-1106267
-4046630
-1103164
-4047475
-1100060
-4048318
-1096955
-4049158
-1093850
-4049996
-1090744
-4050831
-1087637
-4051664
-1084530
-4052494
-1081422
-4053323
-1078313
-4054149
-1075204
-4054972
-1072094
-4055793
-1068984
-4056612
-1065873
-4057428
-1062761
-4058242
-1059649
-4059054
-1056536
-4059863
-1053422
-4060670
-1050308
-4061474
-1047193
-4062276
-1044078
-4063076
-1040962
-4063873
-1037845
-4064668
-1034728
-4065460
-1031610
-4066250
-1028492
-4067038
-1025373
-4067823
-1022253
-4068606
-1019133
-4069386
-1016012
-4070164
-1012890
-4070940
-1009768
-4071713
-1006646
-4072484
-1003522
-4073253
-1000398
-4074019
-997274
-4074783
-994149
-4075544
-991023
-4076303
-987897
-4077059
-984770
-4077813
-981643
-4078565
-978515
-4079314
-975387
-4080061
-972258
-4080806
-969128
-4081548
-965998
-4082288
-962867
-4083025
-959736
-4083760
-956604
-4084492
-953471
-4085222
-950338
-4085950
-947204
-4086676
-944070
-4087398
-940936
-4088119
-937800
-4088837
-934664
-4089553
-931528
-4090266
-928391
-4090977
-925254
-4091685
-922116
-4092391
-918977
-4093095
-915838
-4093796
-912698
-4094495
-909558
-4095191
-906418
-4095885
-903276
-4096577
-900134
-4097266
-896992
-4097953
-893849
-4098637
-890706
-4099319
-887562
-4099999
-884418
-4100676
-881273
-4101351
-878127
-4102023
-874982
-4102693
-871835
-4103360
-868688
-4104026
-865540
-4104688
-862392
-4105348
-859244
-4106006
-856095
-4106662
-852946
-4107315
-849796
-4107965
-846645
-4108613
-843494
-4109259
-840342
-4109902
-837190
-4110543
-834038
-4111182
-830885
-4111818
-827731
-4112452
-824578
-4113083
-821423
-4113712
-818268
-4114338
-815113
-4114962
-811957
-4115584
-808800
-4116203
-805644
-4116819
-802486
-4117434
-799328
-4118046
-796170
-4118655
-793011
-4119262
-789852
-4119866
-786692
-4120469
-783532
-4121068
-780372
-4121666
-777211
-4122261
-774049
-4122853
-770887
-4123443
-767725
-4124031
-764562
-4124616
-761399
-4125199
-758235
-4125779
-755071
-4126357
-751906
-4126933
-748741
-4127506
-745575
-4128076
-742410
-4128644
-739243
-4129210
-736076
-4129774
-732909
-4130334
-729741
-4130893
-726573
-4131449
-723404
-4132003
-720236
-4132554
-717066
-4133103
-713896
-4133649
-710726
-4134193
-707555
-4134734
-704384
-4135273
-701213
-4135810
-698041
-4136344
-694868
-4136876
-691696
-4137405
-688522
-4137932
-685349
-4138456
-682175
-4138978
-679001
-4139498
-675826
-4140015
-672651
-4140530
-669475
-4141042
-666299
-4141552
-663123
-4142060
-659946
-4142564
-656769
-4143067
-653592
-4143567
-650414
-4144065
-647236
-4144560
-644057
-4145053
-640878
-4145543
-637698
-4146031
-634519
-4146516
-631338
-4146999
-628158
-4147480
-624977
-4147958
-621796
-4148434
-618614
-4148907
-615432
-4149378
-612250
-4149846
-609067
-4150312
-605884
-4150776
-602701
-4151237
-599517
-4151695
-596333
-4152151
-593148
-4152605
-589963
-4153056
-586778
-4153505
-583593
-4153952
-580407
-4154396
-577221
-4154837
-574034
-4155276
-570847
-4155713
-567660
-4156147
-564472
-4156578
-561284
-4157008
-558096
-4157435
-554908
-4157859
-551719
-4158281
-548530
-4158700
-545340
-4159118
-542150
-4159532
-538960
-4159944
-535770
-4160354
-532579
-4160761
-529388
-4161166
-526196
-4161568
-523004
-4161968
-519812
-4162366
-516620
-4162761
-513428
-4163153
-510235
-4163544
-507041
-4163931
-503848
-4164316
-500654
-4164699
-497460
-4165080
-494265
-4165457
-491071
-4165833
-487876
-4166206
-484680
-4166576
-481485
-4166944
-478289
-4167310
-475093
-4167673
-471896
-4168034
-468700
-4168392
-465503
-4168748
-462305
-4169101
-459108
-4169452
-455910
-4169801
-452712
-4170147
-449514
-4170490
-446315
-4170831
-443116
-4171170
-439917
-4171506
-436718
-4171840
-433518
-4172171
-430318
-4172500
-427118
-4172826
-423918
-4173150
-420717
-4173472
-417516
-4173791
-414315
-4174107
-411114
-4174421
-407912
-4174733
-404710
-4175042
-401508
-4175349
-398306
-4175653
-395103
-4175955
-391900
-4176254
-388697
-4176551
-385494
-4176846
-382290
-4177138
-379087
-4177427
-375883
-4177714
-372679
-4177999
-369474
-4178281
-366270
-4178561
-363065
-4178838
-359860
-4179113
-356655
-4179385
-353449
-4179655
-350244
-4179922
-347038
-4180187
-343832
-4180450
-340625
-4180710
-337419
-4180967
-334212
-4181222
-331006
-4181475
-327798
-4181725
-324591
-4181973
-321384
-4182218
-318176
-4182461
-314968
-4182701
-311760
-4182939
-308552
-4183175
-305344
-4183408
-302135
-4183638
-298926
-4183866
-295718
-4184092
-292508
-4184315
-289299
-4184536
-286090
-4184754
-282880
-4184970
-279670
-4185183
-276461
-4185394
-273250
-4185602
-270040
-4185808
-266830
-4186011
-263619
-4186212
-260409
-4186411
-257198
-4186607
-253987
-4186800
-250776
-4186992
-247564
-4187180
-244353
-4187366
-241141
-4187550
-237930
-4187731
-234718
-4187910
-231506
-4188086
-228293
-4188260
-225081
-4188432
-221869
-4188601
-218656
-4188767
-215444
-4188931
-212231
-4189093
-209018
-4189252
-205805
-4189408
-202592
-4189562
-199378
-4189714
-196165
-4189863
-192951
-4190010
-189738
-4190154
-186524
-4190296
-183310
-4190436
-180096
-4190572
-176882
-4190707
-173668
-4190839
-170454
-4190968
-167239
-4191096
-164025
-4191220
-160810
-4191342
-157595
-4191462
-154381
-4191579
-151166
-4191694
-147951
-4191806
-144736
-4191916
-141521
-4192023
-138306
-4192128
-135090
-4192230
-131875
-4192330
-128659
-4192428
-125444
-4192523
-122228
-4192615
-119013
-4192705
-115797
-4192793
-112581
-4192878
-109365
-4192960
-106149
-4193041
-102933
-4193118
-99717
-4193194
-96501
-4193266
-93285
-4193337
-90069
-4193405
-86852
-4193470
-83636
-4193533
-80420
-4193593
-77203
-4193651
-73987
-4193707
-70770
-4193760
-67554
-4193810
-64337
-4193859
-61121
-4193904
-57904
-4193947
-54687
-4193988
-51470
-4194026
-48254
-4194062
-45037
-4194096
-41820
-4194126
-38603
-4194155
-35386
-4194181
-32170
-4194204
-28953
-4194225
-25736
-4194244
-22519
-4194260
-19302
-4194273
-16085
-4194284
-12868
-4194293
-9651
-4194299
-6434
-4194303
-3217
