16383
0
16383
-50
16383
-100
16383
-151
16383
-201
16382
-251
16381
-302
16380
-352
16379
-402
16378
-452
16376
-502
16375
-553
16373
-603
16371
-653
16369
-704
16367
-754
16364
-804
16362
-854
16359
-904
16356
-954
16353
-1005
16350
-1055
16347
-1105
16343
-1155
16340
-1205
16336
-1255
16332
-1306
16328
-1356
16324
-1406
16319
-1456
16315
-1506
16310
-1556
16305
-1606
16300
-1656
16295
-1706
16290
-1756
16284
-1806
16278
-1856
16273
-1906
16267
-1956
16261
-2006
16254
-2055
16248
-2105
16242
-2155
16235
-2205
16228
-2255
16221
-2304
16214
-2354
16207
-2404
16199
-2454
16192
-2503
16184
-2553
16176
-2603
16168
-2652
16160
-2702
16151
-2752
16143
-2801
16134
-2850
16125
-2900
16116
-2949
16107
-2999
16098
-3048
16088
-3098
16079
-3147
16069
-3196
16059
-3246
16049
-3295
16039
-3344
16029
-3393
16018
-3442
16008
-3492
15997
-3541
15986
-3590
15975
-3639
15964
-3688
15952
-3737
15941
-3786
15929
-3834
15917
-3883
15905
-3932
15893
-3981
15881
-4030
15868
-4078
15856
-4127
15843
-4176
15830
-4224
15817
-4273
15804
-4321
15790
-4370
15777
-4418
15763
-4467
15750
-4515
15736
-4563
15722
-4612
15707
-4660
15693
-4708
15678
-4756
15664
-4804
15649
-4852
15634
-4900
15619
-4948
15604
-4996
15588
-5044
15573
-5092
15557
-5139
15541
-5187
15525
-5235
15509
-5282
15493
-5330
15476
-5377
15460
-5425
15443
-5472
15426
-5520
15409
-5567
15392
-5614
15375
-5661
15357
-5708
15340
-5756
15322
-5802
15304
-5850
15286
-5896
15268
-5943
15250
-5990
15231
-6037
15213
-6084
15194
-6130
15175
-6177
15156
-6223
15137
-6270
15118
-6316
15098
-6363
15078
-6409
15059
-6455
15039
-6501
15019
-6547
14999
-6593
14978
-6639
14958
-6685
14937
-6731
14917
-6777
14896
-6823
14875
-6868
14854
-6914
14832
-6960
14811
-7005
14789
-7050
14768
-7096
14746
-7141
14724
-7186
14702
-7231
14680
-7276
14657
-7321
14634
-7366
14612
-7411
14589
-7456
14566
-7501
14543
-7545
14520
-7590
14496
-7634
14473
-7679
14449
-7723
14426
-7768
14402
-7812
14378
-7856
14354
-7900
14329
-7944
14305
-7988
14280
-8032
14256
-8076
14231
-8119
14206
-8163
14180
-8206
14155
-8250
14130
-8293
14104
-8337
14079
-8380
14053
-8423
14027
-8466
14001
-8509
13975
-8552
13948
-8595
13922
-8638
13896
-8680
13869
-8723
13842
-8765
13815
-8808
13788
-8850
13761
-8892
13733
-8934
13706
-8977
13678
-9019
13651
-9061
13623
-9102
13595
-9144
13567
-9186
13538
-9227
13510
-9269
13482
-9310
13453
-9352
13424
-9393
13395
-9434
13366
-9475
13337
-9516
13308
-9557
13278
-9598
13249
-9638
13219
-9679
13190
-9720
13160
-9760
13130
-9800
13100
-9840
13069
-9881
13039
-9921
13008
-9961
12978
-10000
12947
-10040
12916
-10080
12885
-10120
12854
-10159
12823
-10198
12792
-10238
12760
-10277
12728
-10316
12697
-10355
12665
-10394
12633
-10433
12601
-10471
12569
-10510
12536
-10548
12504
-10587
12472
-10625
12439
-10663
12406
-10702
12373
-10740
12340
-10778
12307
-10815
12274
-10853
12240
-10890
12207
-10928
12173
-10966
12140
-11003
12106
-11040
12072
-11077
12038
-11114
12004
-11151
11970
-11188
11935
-11224
11901
-11261
11866
-11297
11831
-11334
11796
-11370
11762
-11406
11726
-11442
11691
-11478
11656
-11514
11621
-11550
11585
-11585
11550
-11621
11514
-11656
11478
-11691
11442
-11726
11406
-11762
11370
-11796
11334
-11831
11297
-11866
11261
-11901
11224
-11935
11188
-11970
11151
-12004
11114
-12038
11077
-12072
11040
-12106
11003
-12140
10966
-12173
10928
-12207
10890
-12240
10853
-12274
10815
-12307
10778
-12340
10740
-12373
10702
-12406
10663
-12439
10625
-12472
10587
-12504
10548
-12536
10510
-12569
10471
-12601
10433
-12633
10394
-12665
10355
-12697
10316
-12728
10277
-12760
10238
-12792
10198
-12823
10159
-12854
10120
-12885
10080
-12916
10040
-12947
10000
-12978
9961
-13008
9921
-13039
9881
-13069
9840
-13100
9800
-13130
9760
-13160
9720
-13190
9679
-13219
9638
-13249
9598
-13278
9557
-13308
9516
-13337
9475
-13366
9434
-13395
9393
-13424
9352
-13453
9310
-13482
9269
-13510
9227
-13538
9186
-13567
9144
-13595
9102
-13623
9061
-13651
9019
-13678
8977
-13706
8934
-13733
8892
-13761
8850
-13788
8808
-13815
8765
-13842
8723
-13869
8680
-13896
8638
-13922
8595
-13948
8552
-13975
8509
-14001
8466
-14027
8423
-14053
8380
-14079
8337
-14104
8293
-14130
8250
-14155
8206
-14180
8163
-14206
8119
-14231
8076
-14256
8032
-14280
7988
-14305
7944
-14329
7900
-14354
7856
-14378
7812
-14402
7768
-14426
7723
-14449
7679
-14473
7634
-14496
7590
-14520
7545
-14543
7501
-14566
7456
-14589
7411
-14612
7366
-14634
7321
-14657
7276
-14680
7231
-14702
7186
-14724
7141
-14746
7096
-14768
7050
-14789
7005
-14811
6960
-14832
6914
-14854
6868
-14875
6823
-14896
6777
-14917
6731
-14937
6685
-14958
6639
-14978
6593
-14999
6547
-15019
6501
-15039
6455
-15059
6409
-15078
6363
-15098
6316
-15118
6270
-15137
6223
-15156
6177
-15175
6130
-15194
6084
-15213
6037
-15231
5990
-15250
5943
-15268
5896
-15286
5850
-15304
5802
-15322
5756
-15340
5708
-15357
5661
-15375
5614
-15392
5567
-15409
5520
-15426
5472
-15443
5425
-15460
5377
-15476
5330
-15493
5282
-15509
5235
-15525
5187
-15541
5139
-15557
5092
-15573
5044
-15588
4996
-15604
4948
-15619
4900
-15634
4852
-15649
4804
-15664
4756
-15678
4708
-15693
4660
-15707
4612
-15722
4563
-15736
4515
-15750
4467
-15763
4418
-15777
4370
-15790
4321
-15804
4273
-15817
4224
-15830
4176
-15843
4127
-15856
4078
-15868
4030
-15881
3981
-15893
3932
-15905
3883
-15917
3834
-15929
3786
-15941
3737
-15952
3688
-15964
3639
-15975
3590
-15986
3541
-15997
3492
-16008
3442
-16018
3393
-16029
3344
-16039
3295
-16049
3246
-16059
3196
-16069
3147
-16079
3098
-16088
3048
-16098
2999
-16107
2949
-16116
2900
-16125
2850
-16134
2801
-16143
2752
-16151
2702
-16160
2652
-16168
2603
-16176
2553
-16184
2503
-16192
2454
-16199
2404
-16207
2354
-16214
2304
-16221
2255
-16228
2205
-16235
2155
-16242
2105
-16248
2055
-16254
2006
-16261
1956
-16267
1906
-16273
1856
-16278
1806
-16284
1756
-16290
1706
-16295
1656
-16300
1606
-16305
1556
-16310
1506
-16315
1456
-16319
1406
-16324
1356
-16328
1306
-16332
1255
-16336
1205
-16340
1155
-16343
1105
-16347
1055
-16350
1005
-16353
954
-16356
904
-16359
854
-16362
804
-16364
754
-16367
704
-16369
653
-16371
603
-16373
553
-16375
502
-16376
452
-16378
402
-16379
352
-16380
302
-16381
251
-16382
201
-16383
151
-16383
100
-16384
50
-16384
0
-16384
-50
-16384
-100
-16384
-151
-16383
-201
-16383
-251
-16382
-302
-16381
-352
-16380
-402
-16379
-452
-16378
-502
-16376
-553
-16375
-603
-16373
-653
-16371
-704
-16369
-754
-16367
-804
-16364
-854
-16362
-904
-16359
-954
-16356
-1005
-16353
-1055
-16350
-1105
-16347
-1155
-16343
-1205
-16340
-1255
-16336
-1306
-16332
-1356
-16328
-1406
-16324
-1456
-16319
-1506
-16315
-1556
-16310
-1606
-16305
-1656
-16300
-1706
-16295
-1756
-16290
-1806
-16284
-1856
-16278
-1906
-16273
-1956
-16267
-2006
-16261
-2055
-16254
-2105
-16248
-2155
-16242
-2205
-16235
-2255
-16228
-2304
-16221
-2354
-16214
-2404
-16207
-2454
-16199
-2503
-16192
-2553
-16184
-2603
-16176
-2652
-16168
-2702
-16160
-2752
-16151
-2801
-16143
-2850
-16134
-2900
-16125
-2949
-16116
-2999
-16107
-3048
-16098
-3098
-16088
-3147
-16079
-3196
-16069
-3246
-16059
-3295
-16049
-3344
-16039
-3393
-16029
-3442
-16018
-3492
-16008
-3541
-15997
-3590
-15986
-3639
-15975
-3688
-15964
-3737
-15952
-3786
-15941
-3834
-15929
-3883
-15917
-3932
-15905
-3981
-15893
-4030
-15881
-4078
-15868
-4127
-15856
-4176
-15843
-4224
-15830
-4273
-15817
-4321
-15804
-4370
-15790
-4418
-15777
-4467
-15763
-4515
-15750
-4563
-15736
-4612
-15722
-4660
-15707
-4708
-15693
-4756
-15678
-4804
-15664
-4852
-15649
-4900
-15634
-4948
-15619
-4996
-15604
-5044
-15588
-5092
-15573
-5139
-15557
-5187
-15541
-5235
-15525
-5282
-15509
-5330
-15493
-5377
-15476
-5425
-15460
-5472
-15443
-5520
-15426
-5567
-15409
-5614
-15392
-5661
-15375
-5708
-15357
-5756
-15340
-5802
-15322
-5850
-15304
-5896
-15286
-5943
-15268
-5990
-15250
-6037
-15231
-6084
-15213
-6130
-15194
-6177
-15175
-6223
-15156
-6270
-15137
-6316
-15118
-6363
-15098
-6409
-15078
-6455
-15059
-6501
-15039
-6547
-15019
-6593
-14999
-6639
-14978
-6685
-14958
-6731
-14937
-6777
-14917
-6823
-14896
-6868
-14875
-6914
-14854
-6960
-14832
-7005
-14811
-7050
-14789
-7096
-14768
-7141
-14746
-7186
-14724
-7231
-14702
-7276
-14680
-7321
-14657
-7366
-14634
-7411
-14612
-7456
-14589
-7501
-14566
-7545
-14543
-7590
-14520
-7634
-14496
-7679
-14473
-7723
-14449
-7768
-14426
-7812
-14402
-7856
-14378
-7900
-14354
-7944
-14329
-7988
-14305
-8032
-14280
-8076
-14256
-8119
-14231
-8163
-14206
-8206
-14180
-8250
-14155
-8293
-14130
-8337
-14104
-8380
-14079
-8423
-14053
-8466
-14027
-8509
-14001
-8552
-13975
-8595
-13948
-8638
-13922
-8680
-13896
-8723
-13869
-8765
-13842
-8808
-13815
-8850
-13788
-8892
-13761
-8934
-13733
-8977
-13706
-9019
-13678
-9061
-13651
-9102
-13623
-9144
-13595
-9186
-13567
-9227
-13538
-9269
-13510
-9310
-13482
-9352
-13453
-9393
-13424
-9434
-13395
-9475
-13366
-9516
-13337
-9557
-13308
-9598
-13278
-9638
-13249
-9679
-13219
-9720
-13190
-9760
-13160
-9800
-13130
-9840
-13100
-9881
-13069
-9921
-13039
-9961
-13008
-10000
-12978
-10040
-12947
-10080
-12916
-10120
-12885
-10159
-12854
-10198
-12823
-10238
-12792
-10277
-12760
-10316
-12728
-10355
-12697
-10394
-12665
-10433
-12633
-10471
-12601
-10510
-12569
-10548
-12536
-10587
-12504
-10625
-12472
-10663
-12439
-10702
-12406
-10740
-12373
-10778
-12340
-10815
-12307
-10853
-12274
-10890
-12240
-10928
-12207
-10966
-12173
-11003
-12140
-11040
-12106
-11077
-12072
-11114
-12038
-11151
-12004
-11188
-11970
-11224
-11935
-11261
-11901
-11297
-11866
-11334
-11831
-11370
-11796
-11406
-11762
-11442
-11726
-11478
-11691
-11514
-11656
-11550
-11621
-11585
-11585
-11621
-11550
-11656
-11514
-11691
-11478
-11726
-11442
-11762
-11406
-11796
-11370
-11831
-11334
-11866
-11297
-11901
-11261
-11935
-11224
-11970
-11188
-12004
-11151
-12038
-11114
-12072
-11077
-12106
-11040
-12140
-11003
-12173
-10966
-12207
-10928
-12240
-10890
-12274
-10853
-12307
-10815
-12340
-10778
-12373
-10740
-12406
-10702
-12439
-10663
-12472
-10625
-12504
-10587
-12536
-10548
-12569
-10510
-12601
-10471
-12633
-10433
-12665
-10394
-12697
-10355
-12728
-10316
-12760
-10277
-12792
-10238
-12823
-10198
-12854
-10159
-12885
-10120
-12916
-10080
-12947
-10040
-12978
-10000
-13008
-9961
-13039
-9921
-13069
-9881
-13100
-9840
-13130
-9800
-13160
-9760
-13190
-9720
-13219
-9679
-13249
-9638
-13278
-9598
-13308
-9557
-13337
-9516
-13366
-9475
-13395
-9434
-13424
-9393
-13453
-9352
-13482
-9310
-13510
-9269
-13538
-9227
-13567
-9186
-13595
-9144
-13623
-9102
-13651
-9061
-13678
-9019
-13706
-8977
-13733
-8934
-13761
-8892
-13788
-8850
-13815
-8808
-13842
-8765
-13869
-8723
-13896
-8680
-13922
-8638
-13948
-8595
-13975
-8552
-14001
-8509
-14027
-8466
-14053
-8423
-14079
-8380
-14104
-8337
-14130
-8293
-14155
-8250
-14180
-8206
-14206
-8163
-14231
-8119
-14256
-8076
-14280
-8032
-14305
-7988
-14329
-7944
-14354
-7900
-14378
-7856
-14402
-7812
-14426
-7768
-14449
-7723
-14473
-7679
-14496
-7634
-14520
-7590
-14543
-7545
-14566
-7501
-14589
-7456
-14612
-7411
-14634
-7366
-14657
-7321
-14680
-7276
-14702
-7231
-14724
-7186
-14746
-7141
-14768
-7096
-14789
-7050
-14811
-7005
-14832
-6960
-14854
-6914
-14875
-6868
-14896
-6823
-14917
-6777
-14937
-6731
-14958
-6685
-14978
-6639
-14999
-6593
-15019
-6547
-15039
-6501
-15059
-6455
-15078
-6409
-15098
-6363
-15118
-6316
-15137
-6270
-15156
-6223
-15175
-6177
-15194
-6130
-15213
-6084
-15231
-6037
-15250
-5990
-15268
-5943
-15286
-5896
-15304
-5850
-15322
-5802
-15340
-5756
-15357
-5708
-15375
-5661
-15392
-5614
-15409
-5567
-15426
-5520
-15443
-5472
-15460
-5425
-15476
-5377
-15493
-5330
-15509
-5282
-15525
-5235
-15541
-5187
-15557
-5139
-15573
-5092
-15588
-5044
-15604
-4996
-15619
-4948
-15634
-4900
-15649
-4852
-15664
-4804
-15678
-4756
-15693
-4708
-15707
-4660
-15722
-4612
-15736
-4563
-15750
-4515
-15763
-4467
-15777
-4418
-15790
-4370
-15804
-4321
-15817
-4273
-15830
-4224
-15843
-4176
-15856
-4127
-15868
-4078
-15881
-4030
-15893
-3981
-15905
-3932
-15917
-3883
-15929
-3834
-15941
-3786
-15952
-3737
-15964
-3688
-15975
-3639
-15986
-3590
-15997
-3541
-16008
-3492
-16018
-3442
-16029
-3393
-16039
-3344
-16049
-3295
-16059
-3246
-16069
-3196
-16079
-3147
-16088
-3098
-16098
-3048
-16107
-2999
-16116
-2949
-16125
-2900
-16134
-2850
-16143
-2801
-16151
-2752
-16160
-2702
-16168
-2652
-16176
-2603
-16184
-2553
-16192
-2503
-16199
-2454
-16207
-2404
-16214
-2354
-16221
-2304
-16228
-2255
-16235
-2205
-16242
-2155
-16248
-2105
-16254
-2055
-16261
-2006
-16267
-1956
-16273
-1906
-16278
-1856
-16284
-1806
-16290
-1756
-16295
-1706
-16300
-1656
-16305
-1606
-16310
-1556
-16315
-1506
-16319
-1456
-16324
-1406
-16328
-1356
-16332
-1306
-16336
-1255
-16340
-1205
-16343
-1155
-16347
-1105
-16350
-1055
-16353
-1005
-16356
-954
-16359
-904
-16362
-854
-16364
-804
-16367
-754
-16369
-704
-16371
-653
-16373
-603
-16375
-553
-16376
-502
-16378
-452
-16379
-402
-16380
-352
-16381
-302
-16382
-251
-16383
-201
-16383
-151
-16384
-100
-16384
-50
