32767
0
32758
-804
32728
-1608
32679
-2410
32610
-3212
32522
-4011
32413
-4808
32286
-5602
32138
-6393
31972
-7180
31786
-7962
31581
-8740
31357
-9512
31114
-10279
30852
-11039
30572
-11793
30274
-12540
29957
-13279
29622
-14010
29269
-14733
28899
-15447
28511
-16151
28106
-16846
27684
-17531
27246
-18205
26790
-18868
26320
-19520
25832
-20160
25330
-20788
24812
-21403
24279
-22006
23732
-22595
23170
-23170
22595
-23732
22006
-24279
21403
-24812
20788
-25330
20160
-25832
19520
-26320
18868
-26790
18205
-27246
17531
-27684
16846
-28106
16151
-28511
15447
-28899
14733
-29269
14010
-29622
13279
-29957
12540
-30274
11793
-30572
11039
-30852
10279
-31114
9512
-31357
8740
-31581
7962
-31786
7180
-31972
6393
-32138
5602
-32286
4808
-32413
4011
-32522
3212
-32610
2410
-32679
1608
-32728
804
-32758
0
-32768
-804
-32758
-1608
-32728
-2410
-32679
-3212
-32610
-4011
-32522
-4808
-32413
-5602
-32286
-6393
-32138
-7180
-31972
-7962
-31786
-8740
-31581
-9512
-31357
-10279
-31114
-11039
-30852
-11793
-30572
-12540
-30274
-13279
-29957
-14010
-29622
-14733
-29269
-15447
-28899
-16151
-28511
-16846
-28106
-17531
-27684
-18205
-27246
-18868
-26790
-19520
-26320
-20160
-25832
-20788
-25330
-21403
-24812
-22006
-24279
-22595
-23732
-23170
-23170
-23732
-22595
-24279
-22006
-24812
-21403
-25330
-20788
-25832
-20160
-26320
-19520
-26790
-18868
-27246
-18205
-27684
-17531
-28106
-16846
-28511
-16151
-28899
-15447
-29269
-14733
-29622
-14010
-29957
-13279
-30274
-12540
-30572
-11793
-30852
-11039
-31114
-10279
-31357
-9512
-31581
-8740
-31786
-7962
-31972
-7180
-32138
-6393
-32286
-5602
-32413
-4808
-32522
-4011
-32610
-3212
-32679
-2410
-32728
-1608
-32758
-804
