262143
0
262143
-402
262143
-804
262141
-1206
262139
-1608
262136
-2010
262133
-2413
262129
-2815
262124
-3217
262119
-3619
262113
-4021
262107
-4423
262100
-4825
262092
-5227
262084
-5629
262074
-6031
262065
-6433
262055
-6835
262044
-7237
262033
-7639
262021
-8041
262008
-8443
261995
-8845
261981
-9247
261966
-9649
261951
-10051
261936
-10452
261919
-10854
261902
-11256
261885
-11658
261866
-12059
261848
-12461
261828
-12863
261808
-13264
261788
-13666
261766
-14068
261744
-14469
261722
-14870
261699
-15272
261675
-15673
261651
-16075
261626
-16476
261600
-16878
261574
-17279
261547
-17680
261520
-18081
261492
-18482
261463
-18883
261434
-19284
261404
-19686
261373
-20086
261342
-20487
261310
-20888
261278
-21289
261245
-21690
261212
-22090
261177
-22491
261142
-22892
261107
-23292
261071
-23693
261034
-24093
260997
-24494
260959
-24894
260921
-25294
260882
-25694
260842
-26095
260802
-26495
260761
-26895
260719
-27295
260677
-27695
260634
-28094
260591
-28494
260547
-28894
260502
-29294
260457
-29693
260411
-30093
260364
-30492
260317
-30892
260270
-31291
260221
-31690
260172
-32089
260123
-32488
260073
-32887
260022
-33286
259971
-33685
259919
-34084
259866
-34482
259813
-34881
259759
-35280
259705
-35678
259650
-36076
259594
-36474
259538
-36873
259481
-37271
259423
-37669
259365
-38067
259307
-38464
259247
-38862
259187
-39260
259127
-39657
259066
-40055
259004
-40452
258942
-40849
258879
-41247
258815
-41644
258751
-42041
258686
-42438
258621
-42834
258555
-43231
258488
-43628
258421
-44024
258353
-44420
258284
-44817
258216
-45213
258146
-45609
258076
-46005
258005
-46400
257933
-46796
257861
-47192
257788
-47587
257715
-47983
257641
-48378
257567
-48773
257492
-49168
257416
-49563
257340
-49958
257263
-50353
257185
-50747
257107
-51142
257028
-51536
256949
-51930
256869
-52324
256788
-52718
256707
-53112
256625
-53506
256543
-53900
256460
-54293
256376
-54686
256292
-55080
256207
-55473
256122
-55866
256036
-56258
255949
-56651
255862
-57044
255774
-57436
255686
-57828
255597
-58220
255507
-58612
255417
-59004
255326
-59396
255235
-59788
255143
-60179
255050
-60570
254957
-60962
254863
-61353
254769
-61744
254674
-62134
254578
-62525
254482
-62915
254385
-63306
254288
-63696
254190
-64086
254091
-64476
253992
-64865
253892
-65255
253792
-65644
253691
-66034
253589
-66422
253487
-66812
253384
-67200
253281
-67589
253177
-67977
253072
-68366
252967
-68754
252861
-69142
252755
-69530
252648
-69917
252540
-70304
252432
-70692
252324
-71079
252214
-71466
252104
-71853
251994
-72239
251883
-72626
251771
-73012
251659
-73398
251546
-73784
251432
-74170
251318
-74556
251204
-74941
251088
-75326
250972
-75711
250856
-76096
250739
-76481
250622
-76866
250503
-77250
250384
-77634
250265
-78018
250145
-78402
250024
-78786
249903
-79169
249782
-79552
249659
-79935
249536
-80318
249413
-80701
249289
-81083
249164
-81466
249039
-81848
248913
-82230
248787
-82612
248660
-82993
248532
-83374
248404
-83756
248275
-84136
248146
-84517
248016
-84898
247885
-85278
247754
-85658
247622
-86038
247490
-86418
247357
-86798
247224
-87177
247090
-87556
246955
-87935
246820
-88314
246684
-88692
246548
-89070
246411
-89448
246274
-89826
246136
-90204
245997
-90582
245858
-90959
245718
-91336
245577
-91713
245436
-92089
245295
-92466
245153
-92842
245010
-93218
244867
-93594
244723
-93969
244578
-94344
244433
-94719
244288
-95094
244142
-95469
243995
-95843
243848
-96217
243700
-96591
243551
-96965
243402
-97338
243253
-97712
243102
-98085
242952
-98458
242800
-98830
242648
-99202
242496
-99575
242343
-99946
242189
-100318
242035
-100690
241880
-101061
241725
-101432
241569
-101802
241413
-102173
241256
-102543
241098
-102913
240940
-103283
240781
-103652
240622
-104021
240462
-104390
240302
-104759
240141
-105128
239979
-105496
239817
-105864
239654
-106232
239491
-106599
239328
-106966
239163
-107333
238998
-107700
238833
-108066
238667
-108433
238500
-108799
238333
-109164
238165
-109530
237997
-109895
237828
-110260
237658
-110625
237489
-110989
237318
-111353
237147
-111717
236975
-112081
236803
-112444
236630
-112808
236457
-113170
236283
-113533
236109
-113895
235934
-114257
235758
-114619
235582
-114980
235405
-115342
235228
-115703
235050
-116064
234872
-116424
234693
-116784
234514
-117144
234334
-117504
234153
-117863
233972
-118222
233791
-118581
233608
-118939
233426
-119297
233242
-119655
233059
-120013
232874
-120370
232689
-120727
232504
-121084
232318
-121441
232131
-121797
231944
-122153
231756
-122508
231568
-122864
231380
-123219
231190
-123574
231000
-123928
230810
-124282
230619
-124636
230428
-124990
230236
-125343
230043
-125696
229850
-126049
229656
-126402
229462
-126754
229268
-127106
229072
-127457
228876
-127808
228680
-128159
228483
-128510
228286
-128860
228088
-129210
227890
-129560
227690
-129909
227491
-130258
227291
-130607
227090
-130956
226889
-131304
226688
-131652
226485
-132000
226282
-132347
226079
-132694
225875
-133040
225671
-133387
225466
-133733
225261
-134078
225055
-134424
224848
-134769
224641
-135114
224434
-135458
224226
-135802
224017
-136146
223808
-136490
223598
-136833
223388
-137176
223178
-137518
222966
-137860
222755
-138202
222542
-138544
222330
-138885
222116
-139226
221902
-139566
221688
-139906
221473
-140246
221258
-140586
221042
-140925
220826
-141264
220608
-141603
220391
-141941
220173
-142279
219954
-142616
219736
-142954
219516
-143290
219296
-143627
219075
-143963
218854
-144299
218633
-144635
218410
-144970
218188
-145305
217965
-145639
217741
-145974
217517
-146307
217292
-146641
217067
-146974
216841
-147307
216615
-147639
216388
-147971
216161
-148303
215933
-148634
215705
-148966
215476
-149296
215247
-149627
215017
-149957
214787
-150286
214556
-150616
214325
-150945
214093
-151273
213861
-151601
213628
-151929
213395
-152257
213161
-152584
212926
-152911
212692
-153237
212456
-153563
212221
-153889
211984
-154214
211748
-154539
211510
-154864
211272
-155188
211034
-155512
210795
-155836
210556
-156159
210316
-156482
210076
-156804
209835
-157126
209594
-157448
209352
-157769
209110
-158090
208867
-158411
208624
-158731
208380
-159051
208136
-159370
207891
-159689
207646
-160008
207400
-160326
207154
-160644
206907
-160962
206660
-161279
206413
-161596
206164
-161912
205916
-162228
205667
-162544
205417
-162860
205167
-163174
204916
-163489
204666
-163803
204414
-164117
204162
-164430
203910
-164743
203657
-165056
203403
-165368
203149
-165680
202895
-165991
202640
-166302
202385
-166613
202129
-166923
201872
-167233
201616
-167543
201358
-167852
201101
-168160
200843
-168469
200584
-168776
200325
-169084
200065
-169391
199805
-169698
199545
-170004
199284
-170310
199022
-170616
198760
-170921
198498
-171225
198235
-171530
197972
-171834
197708
-172137
197443
-172440
197179
-172743
196913
-173045
196648
-173347
196382
-173648
196115
-173949
195848
-174250
195580
-174550
195312
-174850
195044
-175149
194775
-175448
194506
-175747
194236
-176045
193966
-176343
193695
-176640
193424
-176937
193152
-177234
192880
-177530
192607
-177825
192334
-178121
192061
-178415
191787
-178710
191513
-179004
191238
-179297
190962
-179590
190687
-179883
190411
-180176
190134
-180467
189857
-180759
189580
-181050
189302
-181340
189023
-181631
188744
-181920
188465
-182210
188185
-182499
187905
-182787
187624
-183075
187343
-183363
187062
-183650
186780
-183937
186498
-184223
186215
-184509
185932
-184794
185648
-185079
185364
-185364
185079
-185648
184794
-185932
184509
-186215
184223
-186498
183937
-186780
183650
-187062
183363
-187343
183075
-187624
182787
-187905
182499
-188185
182210
-188465
181920
-188744
181631
-189023
181340
-189302
181050
-189580
180759
-189857
180467
-190134
180176
-190411
179883
-190687
179590
-190962
179297
-191238
179004
-191513
178710
-191787
178415
-192061
178121
-192334
177825
-192607
177530
-192880
177234
-193152
176937
-193424
176640
-193695
176343
-193966
176045
-194236
175747
-194506
175448
-194775
175149
-195044
174850
-195312
174550
-195580
174250
-195848
173949
-196115
173648
-196382
173347
-196648
173045
-196913
172743
-197179
172440
-197443
172137
-197708
171834
-197972
171530
-198235
171225
-198498
170921
-198760
170616
-199022
170310
-199284
170004
-199545
169698
-199805
169391
-200065
169084
-200325
168776
-200584
168469
-200843
168160
-201101
167852
-201358
167543
-201616
167233
-201872
166923
-202129
166613
-202385
166302
-202640
165991
-202895
165680
-203149
165368
-203403
165056
-203657
164743
-203910
164430
-204162
164117
-204414
163803
-204666
163489
-204916
163174
-205167
162860
-205417
162544
-205667
162228
-205916
161912
-206164
161596
-206413
161279
-206660
160962
-206907
160644
-207154
160326
-207400
160008
-207646
159689
-207891
159370
-208136
159051
-208380
158731
-208624
158411
-208867
158090
-209110
157769
-209352
157448
-209594
157126
-209835
156804
-210076
156482
-210316
156159
-210556
155836
-210795
155512
-211034
155188
-211272
154864
-211510
154539
-211748
154214
-211984
153889
-212221
153563
-212456
153237
-212692
152911
-212926
152584
-213161
152257
-213395
151929
-213628
151601
-213861
151273
-214093
150945
-214325
150616
-214556
150286
-214787
149957
-215017
149627
-215247
149296
-215476
148966
-215705
148634
-215933
148303
-216161
147971
-216388
147639
-216615
147307
-216841
146974
-217067
146641
-217292
146307
-217517
145974
-217741
145639
-217965
145305
-218188
144970
-218410
144635
-218633
144299
-218854
143963
-219075
143627
-219296
143290
-219516
142954
-219736
142616
-219954
142279
-220173
141941
-220391
141603
-220608
141264
-220826
140925
-221042
140586
-221258
140246
-221473
139906
-221688
139566
-221902
139226
-222116
138885
-222330
138544
-222542
138202
-222755
137860
-222966
137518
-223178
137176
-223388
136833
-223598
136490
-223808
136146
-224017
135802
-224226
135458
-224434
135114
-224641
134769
-224848
134424
-225055
134078
-225261
133733
-225466
133387
-225671
133040
-225875
132694
-226079
132347
-226282
132000
-226485
131652
-226688
131304
-226889
130956
-227090
130607
-227291
130258
-227491
129909
-227690
129560
-227890
129210
-228088
128860
-228286
128510
-228483
128159
-228680
127808
-228876
127457
-229072
127106
-229268
126754
-229462
126402
-229656
126049
-229850
125696
-230043
125343
-230236
124990
-230428
124636
-230619
124282
-230810
123928
-231000
123574
-231190
123219
-231380
122864
-231568
122508
-231756
122153
-231944
121797
-232131
121441
-232318
121084
-232504
120727
-232689
120370
-232874
120013
-233059
119655
-233242
119297
-233426
118939
-233608
118581
-233791
118222
-233972
117863
-234153
117504
-234334
117144
-234514
116784
-234693
116424
-234872
116064
-235050
115703
-235228
115342
-235405
114980
-235582
114619
-235758
114257
-235934
113895
-236109
113533
-236283
113170
-236457
112808
-236630
112444
-236803
112081
-236975
111717
-237147
111353
-237318
110989
-237489
110625
-237658
110260
-237828
109895
-237997
109530
-238165
109164
-238333
108799
-238500
108433
-238667
108066
-238833
107700
-238998
107333
-239163
106966
-239328
106599
-239491
106232
-239654
105864
-239817
105496
-239979
105128
-240141
104759
-240302
104390
-240462
104021
-240622
103652
-240781
103283
-240940
102913
-241098
102543
-241256
102173
-241413
101802
-241569
101432
-241725
101061
-241880
100690
-242035
100318
-242189
99946
-242343
99575
-242496
99202
-242648
98830
-242800
98458
-242952
98085
-243102
97712
-243253
97338
-243402
96965
-243551
96591
-243700
96217
-243848
95843
-243995
95469
-244142
95094
-244288
94719
-244433
94344
-244578
93969
-244723
93594
-244867
93218
-245010
92842
-245153
92466
-245295
92089
-245436
91713
-245577
91336
-245718
90959
-245858
90582
-245997
90204
-246136
89826
-246274
89448
-246411
89070
-246548
88692
-246684
88314
-246820
87935
-246955
87556
-247090
87177
-247224
86798
-247357
86418
-247490
86038
-247622
85658
-247754
85278
-247885
84898
-248016
84517
-248146
84136
-248275
83756
-248404
83374
-248532
82993
-248660
82612
-248787
82230
-248913
81848
-249039
81466
-249164
81083
-249289
80701
-249413
80318
-249536
79935
-249659
79552
-249782
79169
-249903
78786
-250024
78402
-250145
78018
-250265
77634
-250384
77250
-250503
76866
-250622
76481
-250739
76096
-250856
75711
-250972
75326
-251088
74941
-251204
74556
-251318
74170
-251432
73784
-251546
73398
-251659
73012
-251771
72626
-251883
72239
-251994
71853
-252104
71466
-252214
71079
-252324
70692
-252432
70304
-252540
69917
-252648
69530
-252755
69142
-252861
68754
-252967
68366
-253072
67977
-253177
67589
-253281
67200
-253384
66812
-253487
66422
-253589
66034
-253691
65644
-253792
65255
-253892
64865
-253992
64476
-254091
64086
-254190
63696
-254288
63306
-254385
62915
-254482
62525
-254578
62134
-254674
61744
-254769
61353
-254863
60962
-254957
60570
-255050
60179
-255143
59788
-255235
59396
-255326
59004
-255417
58612
-255507
58220
-255597
57828
-255686
57436
-255774
57044
-255862
56651
-255949
56258
-256036
55866
-256122
55473
-256207
55080
-256292
54686
-256376
54293
-256460
53900
-256543
53506
-256625
53112
-256707
52718
-256788
52324
-256869
51930
-256949
51536
-257028
51142
-257107
50747
-257185
50353
-257263
49958
-257340
49563
-257416
49168
-257492
48773
-257567
48378
-257641
47983
-257715
47587
-257788
47192
-257861
46796
-257933
46400
-258005
46005
-258076
45609
-258146
45213
-258216
44817
-258284
44420
-258353
44024
-258421
43628
-258488
43231
-258555
42834
-258621
42438
-258686
42041
-258751
41644
-258815
41247
-258879
40849
-258942
40452
-259004
40055
-259066
39657
-259127
39260
-259187
38862
-259247
38464
-259307
38067
-259365
37669
-259423
37271
-259481
36873
-259538
36474
-259594
36076
-259650
35678
-259705
35280
-259759
34881
-259813
34482
-259866
34084
-259919
33685
-259971
33286
-260022
32887
-260073
32488
-260123
32089
-260172
31690
-260221
31291
-260270
30892
-260317
30492
-260364
30093
-260411
29693
-260457
29294
-260502
28894
-260547
28494
-260591
28094
-260634
27695
-260677
27295
-260719
26895
-260761
26495
-260802
26095
-260842
25694
-260882
25294
-260921
24894
-260959
24494
-260997
24093
-261034
23693
-261071
23292
-261107
22892
-261142
22491
-261177
22090
-261212
21690
-261245
21289
-261278
20888
-261310
20487
-261342
20086
-261373
19686
-261404
19284
-261434
18883
-261463
18482
-261492
18081
-261520
17680
-261547
17279
-261574
16878
-261600
16476
-261626
16075
-261651
15673
-261675
15272
-261699
14870
-261722
14469
-261744
14068
-261766
13666
-261788
13264
-261808
12863
-261828
12461
-261848
12059
-261866
11658
-261885
11256
-261902
10854
-261919
10452
-261936
10051
-261951
9649
-261966
9247
-261981
8845
-261995
8443
-262008
8041
-262021
7639
-262033
7237
-262044
6835
-262055
6433
-262065
6031
-262074
5629
-262084
5227
-262092
4825
-262100
4423
-262107
4021
-262113
3619
-262119
3217
-262124
2815
-262129
2413
-262133
2010
-262136
1608
-262139
1206
-262141
804
-262143
402
-262144
0
-262144
-402
-262144
-804
-262143
-1206
-262141
-1608
-262139
-2010
-262136
-2413
-262133
-2815
-262129
-3217
-262124
-3619
-262119
-4021
-262113
-4423
-262107
-4825
-262100
-5227
-262092
-5629
-262084
-6031
-262074
-6433
-262065
-6835
-262055
-7237
-262044
-7639
-262033
-8041
-262021
-8443
-262008
-8845
-261995
-9247
-261981
-9649
-261966
-10051
-261951
-10452
-261936
-10854
-261919
-11256
-261902
-11658
-261885
-12059
-261866
-12461
-261848
-12863
-261828
-13264
-261808
-13666
-261788
-14068
-261766
-14469
-261744
-14870
-261722
-15272
-261699
-15673
-261675
-16075
-261651
-16476
-261626
-16878
-261600
-17279
-261574
-17680
-261547
-18081
-261520
-18482
-261492
-18883
-261463
-19284
-261434
-19686
-261404
-20086
-261373
-20487
-261342
-20888
-261310
-21289
-261278
-21690
-261245
-22090
-261212
-22491
-261177
-22892
-261142
-23292
-261107
-23693
-261071
-24093
-261034
-24494
-260997
-24894
-260959
-25294
-260921
-25694
-260882
-26095
-260842
-26495
-260802
-26895
-260761
-27295
-260719
-27695
-260677
-28094
-260634
-28494
-260591
-28894
-260547
-29294
-260502
-29693
-260457
-30093
-260411
-30492
-260364
-30892
-260317
-31291
-260270
-31690
-260221
-32089
-260172
-32488
-260123
-32887
-260073
-33286
-260022
-33685
-259971
-34084
-259919
-34482
-259866
-34881
-259813
-35280
-259759
-35678
-259705
-36076
-259650
-36474
-259594
-36873
-259538
-37271
-259481
-37669
-259423
-38067
-259365
-38464
-259307
-38862
-259247
-39260
-259187
-39657
-259127
-40055
-259066
-40452
-259004
-40849
-258942
-41247
-258879
-41644
-258815
-42041
-258751
-42438
-258686
-42834
-258621
-43231
-258555
-43628
-258488
-44024
-258421
-44420
-258353
-44817
-258284
-45213
-258216
-45609
-258146
-46005
-258076
-46400
-258005
-46796
-257933
-47192
-257861
-47587
-257788
-47983
-257715
-48378
-257641
-48773
-257567
-49168
-257492
-49563
-257416
-49958
-257340
-50353
-257263
-50747
-257185
-51142
-257107
-51536
-257028
-51930
-256949
-52324
-256869
-52718
-256788
-53112
-256707
-53506
-256625
-53900
-256543
-54293
-256460
-54686
-256376
-55080
-256292
-55473
-256207
-55866
-256122
-56258
-256036
-56651
-255949
-57044
-255862
-57436
-255774
-57828
-255686
-58220
-255597
-58612
-255507
-59004
-255417
-59396
-255326
-59788
-255235
-60179
-255143
-60570
-255050
-60962
-254957
-61353
-254863
-61744
-254769
-62134
-254674
-62525
-254578
-62915
-254482
-63306
-254385
-63696
-254288
-64086
-254190
-64476
-254091
-64865
-253992
-65255
-253892
-65644
-253792
-66034
-253691
-66422
-253589
-66812
-253487
-67200
-253384
-67589
-253281
-67977
-253177
-68366
-253072
-68754
-252967
-69142
-252861
-69530
-252755
-69917
-252648
-70304
-252540
-70692
-252432
-71079
-252324
-71466
-252214
-71853
-252104
-72239
-251994
-72626
-251883
-73012
-251771
-73398
-251659
-73784
-251546
-74170
-251432
-74556
-251318
-74941
-251204
-75326
-251088
-75711
-250972
-76096
-250856
-76481
-250739
-76866
-250622
-77250
-250503
-77634
-250384
-78018
-250265
-78402
-250145
-78786
-250024
-79169
-249903
-79552
-249782
-79935
-249659
-80318
-249536
-80701
-249413
-81083
-249289
-81466
-249164
-81848
-249039
-82230
-248913
-82612
-248787
-82993
-248660
-83374
-248532
-83756
-248404
-84136
-248275
-84517
-248146
-84898
-248016
-85278
-247885
-85658
-247754
-86038
-247622
-86418
-247490
-86798
-247357
-87177
-247224
-87556
-247090
-87935
-246955
-88314
-246820
-88692
-246684
-89070
-246548
-89448
-246411
-89826
-246274
-90204
-246136
-90582
-245997
-90959
-245858
-91336
-245718
-91713
-245577
-92089
-245436
-92466
-245295
-92842
-245153
-93218
-245010
-93594
-244867
-93969
-244723
-94344
-244578
-94719
-244433
-95094
-244288
-95469
-244142
-95843
-243995
-96217
-243848
-96591
-243700
-96965
-243551
-97338
-243402
-97712
-243253
-98085
-243102
-98458
-242952
-98830
-242800
-99202
-242648
-99575
-242496
-99946
-242343
-100318
-242189
-100690
-242035
-101061
-241880
-101432
-241725
-101802
-241569
-102173
-241413
-102543
-241256
-102913
-241098
-103283
-240940
-103652
-240781
-104021
-240622
-104390
-240462
-104759
-240302
-105128
-240141
-105496
-239979
-105864
-239817
-106232
-239654
-106599
-239491
-106966
-239328
-107333
-239163
-107700
-238998
-108066
-238833
-108433
-238667
-108799
-238500
-109164
-238333
-109530
-238165
-109895
-237997
-110260
-237828
-110625
-237658
-110989
-237489
-111353
-237318
-111717
-237147
-112081
-236975
-112444
-236803
-112808
-236630
-113170
-236457
-113533
-236283
-113895
-236109
-114257
-235934
-114619
-235758
-114980
-235582
-115342
-235405
-115703
-235228
-116064
-235050
-116424
-234872
-116784
-234693
-117144
-234514
-117504
-234334
-117863
-234153
-118222
-233972
-118581
-233791
-118939
-233608
-119297
-233426
-119655
-233242
-120013
-233059
-120370
-232874
-120727
-232689
-121084
-232504
-121441
-232318
-121797
-232131
-122153
-231944
-122508
-231756
-122864
-231568
-123219
-231380
-123574
-231190
-123928
-231000
-124282
-230810
-124636
-230619
-124990
-230428
-125343
-230236
-125696
-230043
-126049
-229850
-126402
-229656
-126754
-229462
-127106
-229268
-127457
-229072
-127808
-228876
-128159
-228680
-128510
-228483
-128860
-228286
-129210
-228088
-129560
-227890
-129909
-227690
-130258
-227491
-130607
-227291
-130956
-227090
-131304
-226889
-131652
-226688
-132000
-226485
-132347
-226282
-132694
-226079
-133040
-225875
-133387
-225671
-133733
-225466
-134078
-225261
-134424
-225055
-134769
-224848
-135114
-224641
-135458
-224434
-135802
-224226
-136146
-224017
-136490
-223808
-136833
-223598
-137176
-223388
-137518
-223178
-137860
-222966
-138202
-222755
-138544
-222542
-138885
-222330
-139226
-222116
-139566
-221902
-139906
-221688
-140246
-221473
-140586
-221258
-140925
-221042
-141264
-220826
-141603
-220608
-141941
-220391
-142279
-220173
-142616
-219954
-142954
-219736
-143290
-219516
-143627
-219296
-143963
-219075
-144299
-218854
-144635
-218633
-144970
-218410
-145305
-218188
-145639
-217965
-145974
-217741
-146307
-217517
-146641
-217292
-146974
-217067
-147307
-216841
-147639
-216615
-147971
-216388
-148303
-216161
-148634
-215933
-148966
-215705
-149296
-215476
-149627
-215247
-149957
-215017
-150286
-214787
-150616
-214556
-150945
-214325
-151273
-214093
-151601
-213861
-151929
-213628
-152257
-213395
-152584
-213161
-152911
-212926
-153237
-212692
-153563
-212456
-153889
-212221
-154214
-211984
-154539
-211748
-154864
-211510
-155188
-211272
-155512
-211034
-155836
-210795
-156159
-210556
-156482
-210316
-156804
-210076
-157126
-209835
-157448
-209594
-157769
-209352
-158090
-209110
-158411
-208867
-158731
-208624
-159051
-208380
-159370
-208136
-159689
-207891
-160008
-207646
-160326
-207400
-160644
-207154
-160962
-206907
-161279
-206660
-161596
-206413
-161912
-206164
-162228
-205916
-162544
-205667
-162860
-205417
-163174
-205167
-163489
-204916
-163803
-204666
-164117
-204414
-164430
-204162
-164743
-203910
-165056
-203657
-165368
-203403
-165680
-203149
-165991
-202895
-166302
-202640
-166613
-202385
-166923
-202129
-167233
-201872
-167543
-201616
-167852
-201358
-168160
-201101
-168469
-200843
-168776
-200584
-169084
-200325
-169391
-200065
-169698
-199805
-170004
-199545
-170310
-199284
-170616
-199022
-170921
-198760
-171225
-198498
-171530
-198235
-171834
-197972
-172137
-197708
-172440
-197443
-172743
-197179
-173045
-196913
-173347
-196648
-173648
-196382
-173949
-196115
-174250
-195848
-174550
-195580
-174850
-195312
-175149
-195044
-175448
-194775
-175747
-194506
-176045
-194236
-176343
-193966
-176640
-193695
-176937
-193424
-177234
-193152
-177530
-192880
-177825
-192607
-178121
-192334
-178415
-192061
-178710
-191787
-179004
-191513
-179297
-191238
-179590
-190962
-179883
-190687
-180176
-190411
-180467
-190134
-180759
-189857
-181050
-189580
-181340
-189302
-181631
-189023
-181920
-188744
-182210
-188465
-182499
-188185
-182787
-187905
-183075
-187624
-183363
-187343
-183650
-187062
-183937
-186780
-184223
-186498
-184509
-186215
-184794
-185932
-185079
-185648
-185364
-185364
-185648
-185079
-185932
-184794
-186215
-184509
-186498
-184223
-186780
-183937
-187062
-183650
-187343
-183363
-187624
-183075
-187905
-182787
-188185
-182499
-188465
-182210
-188744
-181920
-189023
-181631
-189302
-181340
-189580
-181050
-189857
-180759
-190134
-180467
-190411
-180176
-190687
-179883
-190962
-179590
-191238
-179297
-191513
-179004
-191787
-178710
-192061
-178415
-192334
-178121
-192607
-177825
-192880
-177530
-193152
-177234
-193424
-176937
-193695
-176640
-193966
-176343
-194236
-176045
-194506
-175747
-194775
-175448
-195044
-175149
-195312
-174850
-195580
-174550
-195848
-174250
-196115
-173949
-196382
-173648
-196648
-173347
-196913
-173045
-197179
-172743
-197443
-172440
-197708
-172137
-197972
-171834
-198235
-171530
-198498
-171225
-198760
-170921
-199022
-170616
-199284
-170310
-199545
-170004
-199805
-169698
-200065
-169391
-200325
-169084
-200584
-168776
-200843
-168469
-201101
-168160
-201358
-167852
-201616
-167543
-201872
-167233
-202129
-166923
-202385
-166613
-202640
-166302
-202895
-165991
-203149
-165680
-203403
-165368
-203657
-165056
-203910
-164743
-204162
-164430
-204414
-164117
-204666
-163803
-204916
-163489
-205167
-163174
-205417
-162860
-205667
-162544
-205916
-162228
-206164
-161912
-206413
-161596
-206660
-161279
-206907
-160962
-207154
-160644
-207400
-160326
-207646
-160008
-207891
-159689
-208136
-159370
-208380
-159051
-208624
-158731
-208867
-158411
-209110
-158090
-209352
-157769
-209594
-157448
-209835
-157126
-210076
-156804
-210316
-156482
-210556
-156159
-210795
-155836
-211034
-155512
-211272
-155188
-211510
-154864
-211748
-154539
-211984
-154214
-212221
-153889
-212456
-153563
-212692
-153237
-212926
-152911
-213161
-152584
-213395
-152257
-213628
-151929
-213861
-151601
-214093
-151273
-214325
-150945
-214556
-150616
-214787
-150286
-215017
-149957
-215247
-149627
-215476
-149296
-215705
-148966
-215933
-148634
-216161
-148303
-216388
-147971
-216615
-147639
-216841
-147307
-217067
-146974
-217292
-146641
-217517
-146307
-217741
-145974
-217965
-145639
-218188
-145305
-218410
-144970
-218633
-144635
-218854
-144299
-219075
-143963
-219296
-143627
-219516
-143290
-219736
-142954
-219954
-142616
-220173
-142279
-220391
-141941
-220608
-141603
-220826
-141264
-221042
-140925
-221258
-140586
-221473
-140246
-221688
-139906
-221902
-139566
-222116
-139226
-222330
-138885
-222542
-138544
-222755
-138202
-222966
-137860
-223178
-137518
-223388
-137176
-223598
-136833
-223808
-136490
-224017
-136146
-224226
-135802
-224434
-135458
-224641
-135114
-224848
-134769
-225055
-134424
-225261
-134078
-225466
-133733
-225671
-133387
-225875
-133040
-226079
-132694
-226282
-132347
-226485
-132000
-226688
-131652
-226889
-131304
-227090
-130956
-227291
-130607
-227491
-130258
-227690
-129909
-227890
-129560
-228088
-129210
-228286
-128860
-228483
-128510
-228680
-128159
-228876
-127808
-229072
-127457
-229268
-127106
-229462
-126754
-229656
-126402
-229850
-126049
-230043
-125696
-230236
-125343
-230428
-124990
-230619
-124636
-230810
-124282
-231000
-123928
-231190
-123574
-231380
-123219
-231568
-122864
-231756
-122508
-231944
-122153
-232131
-121797
-232318
-121441
-232504
-121084
-232689
-120727
-232874
-120370
-233059
-120013
-233242
-119655
-233426
-119297
-233608
-118939
-233791
-118581
-233972
-118222
-234153
-117863
-234334
-117504
-234514
-117144
-234693
-116784
-234872
-116424
-235050
-116064
-235228
-115703
-235405
-115342
-235582
-114980
-235758
-114619
-235934
-114257
-236109
-113895
-236283
-113533
-236457
-113170
-236630
-112808
-236803
-112444
-236975
-112081
-237147
-111717
-237318
-111353
-237489
-110989
-237658
-110625
-237828
-110260
-237997
-109895
-238165
-109530
-238333
-109164
-238500
-108799
-238667
-108433
-238833
-108066
-238998
-107700
-239163
-107333
-239328
-106966
-239491
-106599
-239654
-106232
-239817
-105864
-239979
-105496
-240141
-105128
-240302
-104759
-240462
-104390
-240622
-104021
-240781
-103652
-240940
-103283
-241098
-102913
-241256
-102543
-241413
-102173
-241569
-101802
-241725
-101432
-241880
-101061
-242035
-100690
-242189
-100318
-242343
-99946
-242496
-99575
-242648
-99202
-242800
-98830
-242952
-98458
-243102
-98085
-243253
-97712
-243402
-97338
-243551
-96965
-243700
-96591
-243848
-96217
-243995
-95843
-244142
-95469
-244288
-95094
-244433
-94719
-244578
-94344
-244723
-93969
-244867
-93594
-245010
-93218
-245153
-92842
-245295
-92466
-245436
-92089
-245577
-91713
-245718
-91336
-245858
-90959
-245997
-90582
-246136
-90204
-246274
-89826
-246411
-89448
-246548
-89070
-246684
-88692
-246820
-88314
-246955
-87935
-247090
-87556
-247224
-87177
-247357
-86798
-247490
-86418
-247622
-86038
-247754
-85658
-247885
-85278
-248016
-84898
-248146
-84517
-248275
-84136
-248404
-83756
-248532
-83374
-248660
-82993
-248787
-82612
-248913
-82230
-249039
-81848
-249164
-81466
-249289
-81083
-249413
-80701
-249536
-80318
-249659
-79935
-249782
-79552
-249903
-79169
-250024
-78786
-250145
-78402
-250265
-78018
-250384
-77634
-250503
-77250
-250622
-76866
-250739
-76481
-250856
-76096
-250972
-75711
-251088
-75326
-251204
-74941
-251318
-74556
-251432
-74170
-251546
-73784
-251659
-73398
-251771
-73012
-251883
-72626
-251994
-72239
-252104
-71853
-252214
-71466
-252324
-71079
-252432
-70692
-252540
-70304
-252648
-69917
-252755
-69530
-252861
-69142
-252967
-68754
-253072
-68366
-253177
-67977
-253281
-67589
-253384
-67200
-253487
-66812
-253589
-66422
-253691
-66034
-253792
-65644
-253892
-65255
-253992
-64865
-254091
-64476
-254190
-64086
-254288
-63696
-254385
-63306
-254482
-62915
-254578
-62525
-254674
-62134
-254769
-61744
-254863
-61353
-254957
-60962
-255050
-60570
-255143
-60179
-255235
-59788
-255326
-59396
-255417
-59004
-255507
-58612
-255597
-58220
-255686
-57828
-255774
-57436
-255862
-57044
-255949
-56651
-256036
-56258
-256122
-55866
-256207
-55473
-256292
-55080
-256376
-54686
-256460
-54293
-256543
-53900
-256625
-53506
-256707
-53112
-256788
-52718
-256869
-52324
-256949
-51930
-257028
-51536
-257107
-51142
-257185
-50747
-257263
-50353
-257340
-49958
-257416
-49563
-257492
-49168
-257567
-48773
-257641
-48378
-257715
-47983
-257788
-47587
-257861
-47192
-257933
-46796
-258005
-46400
-258076
-46005
-258146
-45609
-258216
-45213
-258284
-44817
-258353
-44420
-258421
-44024
-258488
-43628
-258555
-43231
-258621
-42834
-258686
-42438
-258751
-42041
-258815
-41644
-258879
-41247
-258942
-40849
-259004
-40452
-259066
-40055
-259127
-39657
-259187
-39260
-259247
-38862
-259307
-38464
-259365
-38067
-259423
-37669
-259481
-37271
-259538
-36873
-259594
-36474
-259650
-36076
-259705
-35678
-259759
-35280
-259813
-34881
-259866
-34482
-259919
-34084
-259971
-33685
-260022
-33286
-260073
-32887
-260123
-32488
-260172
-32089
-260221
-31690
-260270
-31291
-260317
-30892
-260364
-30492
-260411
-30093
-260457
-29693
-260502
-29294
-260547
-28894
-260591
-28494
-260634
-28094
-260677
-27695
-260719
-27295
-260761
-26895
-260802
-26495
-260842
-26095
-260882
-25694
-260921
-25294
-260959
-24894
-260997
-24494
-261034
-24093
-261071
-23693
-261107
-23292
-261142
-22892
-261177
-22491
-261212
-22090
-261245
-21690
-261278
-21289
-261310
-20888
-261342
-20487
-261373
-20086
-261404
-19686
-261434
-19284
-261463
-18883
-261492
-18482
-261520
-18081
-261547
-17680
-261574
-17279
-261600
-16878
-261626
-16476
-261651
-16075
-261675
-15673
-261699
-15272
-261722
-14870
-261744
-14469
-261766
-14068
-261788
-13666
-261808
-13264
-261828
-12863
-261848
-12461
-261866
-12059
-261885
-11658
-261902
-11256
-261919
-10854
-261936
-10452
-261951
-10051
-261966
-9649
-261981
-9247
-261995
-8845
-262008
-8443
-262021
-8041
-262033
-7639
-262044
-7237
-262055
-6835
-262065
-6433
-262074
-6031
-262084
-5629
-262092
-5227
-262100
-4825
-262107
-4423
-262113
-4021
-262119
-3619
-262124
-3217
-262129
-2815
-262133
-2413
-262136
-2010
-262139
-1608
-262141
-1206
-262143
-804
-262144
-402
