4095
0
4095
-12
4095
-25
4095
-38
4095
-50
4095
-63
4095
-75
4095
-88
4095
-100
4094
-113
4094
-126
4094
-138
4093
-151
4093
-163
4092
-176
4092
-188
4091
-201
4090
-214
4090
-226
4089
-239
4088
-251
4088
-264
4087
-276
4086
-289
4085
-301
4084
-314
4083
-326
4082
-339
4081
-351
4080
-364
4079
-376
4077
-389
4076
-401
4075
-414
4074
-426
4072
-439
4071
-451
4070
-464
4068
-476
4067
-489
4065
-501
4064
-514
4062
-526
4060
-539
4059
-551
4057
-564
4055
-576
4053
-588
4052
-601
4050
-613
4048
-626
4046
-638
4044
-651
4042
-663
4040
-675
4038
-688
4036
-700
4034
-713
4031
-725
4029
-737
4027
-750
4024
-762
4022
-774
4020
-787
4017
-799
4015
-811
4012
-824
4010
-836
4007
-848
4004
-860
4002
-873
3999
-885
3996
-897
3994
-910
3991
-922
3988
-934
3985
-946
3982
-959
3979
-971
3976
-983
3973
-995
3970
-1007
3967
-1020
3964
-1032
3961
-1044
3958
-1056
3954
-1068
3951
-1080
3948
-1092
3944
-1104
3941
-1117
3937
-1129
3934
-1141
3930
-1153
3927
-1165
3923
-1177
3920
-1189
3916
-1201
3912
-1213
3908
-1225
3905
-1237
3901
-1249
3897
-1261
3893
-1273
3889
-1285
3885
-1297
3881
-1309
3877
-1320
3873
-1332
3869
-1344
3865
-1356
3861
-1368
3856
-1380
3852
-1392
3848
-1404
3844
-1415
3839
-1427
3835
-1439
3830
-1451
3826
-1462
3822
-1474
3817
-1486
3812
-1498
3808
-1509
3803
-1521
3798
-1532
3794
-1544
3789
-1556
3784
-1567
3779
-1579
3774
-1591
3770
-1602
3765
-1614
3760
-1625
3755
-1637
3750
-1648
3744
-1660
3739
-1671
3734
-1683
3729
-1694
3724
-1706
3719
-1717
3713
-1728
3708
-1740
3703
-1751
3697
-1762
3692
-1774
3686
-1785
3681
-1796
3675
-1808
3670
-1819
3664
-1830
3659
-1842
3653
-1853
3647
-1864
3642
-1875
3636
-1886
3630
-1898
3624
-1909
3618
-1920
3612
-1931
3606
-1942
3600
-1953
3594
-1964
3588
-1975
3582
-1986
3576
-1997
3570
-2008
3564
-2019
3558
-2030
3551
-2041
3545
-2052
3539
-2062
3532
-2073
3526
-2084
3520
-2095
3513
-2106
3507
-2116
3500
-2127
3494
-2138
3487
-2149
3480
-2159
3474
-2170
3467
-2181
3460
-2191
3454
-2202
3447
-2212
3440
-2223
3433
-2234
3426
-2244
3420
-2255
3413
-2265
3406
-2276
3399
-2286
3392
-2296
3384
-2307
3378
-2317
3370
-2328
3363
-2338
3356
-2348
3349
-2358
3342
-2369
3334
-2379
3327
-2389
3320
-2399
3312
-2410
3305
-2420
3297
-2430
3290
-2440
3282
-2450
3275
-2460
3267
-2470
3260
-2480
3252
-2490
3244
-2500
3237
-2510
3229
-2520
3221
-2530
3214
-2540
3206
-2550
3198
-2559
3190
-2569
3182
-2579
3174
-2589
3166
-2598
3158
-2608
3150
-2618
3142
-2628
3134
-2637
3126
-2647
3118
-2656
3110
-2666
3102
-2675
3093
-2685
3085
-2694
3077
-2704
3068
-2713
3060
-2723
3052
-2732
3043
-2741
3035
-2751
3026
-2760
3018
-2769
3009
-2778
3001
-2788
2992
-2797
2984
-2806
2975
-2815
2966
-2824
2958
-2833
2949
-2842
2940
-2852
2932
-2860
2923
-2870
2914
-2878
2905
-2887
2896
-2896
2887
-2905
2878
-2914
2870
-2923
2860
-2932
2852
-2940
2842
-2949
2833
-2958
2824
-2966
2815
-2975
2806
-2984
2797
-2992
2788
-3001
2778
-3009
2769
-3018
2760
-3026
2751
-3035
2741
-3043
2732
-3052
2723
-3060
2713
-3068
2704
-3077
2694
-3085
2685
-3093
2675
-3102
2666
-3110
2656
-3118
2647
-3126
2637
-3134
2628
-3142
2618
-3150
2608
-3158
2598
-3166
2589
-3174
2579
-3182
2569
-3190
2559
-3198
2550
-3206
2540
-3214
2530
-3221
2520
-3229
2510
-3237
2500
-3244
2490
-3252
2480
-3260
2470
-3267
2460
-3275
2450
-3282
2440
-3290
2430
-3297
2420
-3305
2410
-3312
2399
-3320
2389
-3327
2379
-3334
2369
-3342
2358
-3349
2348
-3356
2338
-3363
2328
-3370
2317
-3378
2307
-3384
2296
-3392
2286
-3399
2276
-3406
2265
-3413
2255
-3420
2244
-3426
2234
-3433
2223
-3440
2212
-3447
2202
-3454
2191
-3460
2181
-3467
2170
-3474
2159
-3480
2149
-3487
2138
-3494
2127
-3500
2116
-3507
2106
-3513
2095
-3520
2084
-3526
2073
-3532
2062
-3539
2052
-3545
2041
-3551
2030
-3558
2019
-3564
2008
-3570
1997
-3576
1986
-3582
1975
-3588
1964
-3594
1953
-3600
1942
-3606
1931
-3612
1920
-3618
1909
-3624
1898
-3630
1886
-3636
1875
-3642
1864
-3647
1853
-3653
1842
-3659
1830
-3664
1819
-3670
1808
-3675
1796
-3681
1785
-3686
1774
-3692
1762
-3697
1751
-3703
1740
-3708
1728
-3713
1717
-3719
1706
-3724
1694
-3729
1683
-3734
1671
-3739
1660
-3744
1648
-3750
1637
-3755
1625
-3760
1614
-3765
1602
-3770
1591
-3774
1579
-3779
1567
-3784
1556
-3789
1544
-3794
1532
-3798
1521
-3803
1509
-3808
1498
-3812
1486
-3817
1474
-3822
1462
-3826
1451
-3830
1439
-3835
1427
-3839
1415
-3844
1404
-3848
1392
-3852
1380
-3856
1368
-3861
1356
-3865
1344
-3869
1332
-3873
1320
-3877
1309
-3881
1297
-3885
1285
-3889
1273
-3893
1261
-3897
1249
-3901
1237
-3905
1225
-3908
1213
-3912
1201
-3916
1189
-3920
1177
-3923
1165
-3927
1153
-3930
1141
-3934
1129
-3937
1117
-3941
1104
-3944
1092
-3948
1080
-3951
1068
-3954
1056
-3958
1044
-3961
1032
-3964
1020
-3967
1007
-3970
995
-3973
983
-3976
971
-3979
959
-3982
946
-3985
934
-3988
922
-3991
910
-3994
897
-3996
885
-3999
873
-4002
860
-4004
848
-4007
836
-4010
824
-4012
811
-4015
799
-4017
787
-4020
774
-4022
762
-4024
750
-4027
737
-4029
725
-4031
713
-4034
700
-4036
688
-4038
675
-4040
663
-4042
651
-4044
638
-4046
626
-4048
613
-4050
601
-4052
588
-4053
576
-4055
564
-4057
551
-4059
539
-4060
526
-4062
514
-4064
501
-4065
489
-4067
476
-4068
464
-4070
451
-4071
439
-4072
426
-4074
414
-4075
401
-4076
389
-4077
376
-4079
364
-4080
351
-4081
339
-4082
326
-4083
314
-4084
301
-4085
289
-4086
276
-4087
264
-4088
251
-4088
239
-4089
226
-4090
214
-4090
201
-4091
188
-4092
176
-4092
163
-4093
151
-4093
138
-4094
126
-4094
113
-4094
100
-4095
88
-4095
75
-4095
63
-4096
50
-4096
38
-4096
25
-4096
12
-4096
0
-4096
-12
-4096
-25
-4096
-38
-4096
-50
-4096
-63
-4096
-75
-4095
-88
-4095
-100
-4095
-113
-4094
-126
-4094
-138
-4094
-151
-4093
-163
-4093
-176
-4092
-188
-4092
-201
-4091
-214
-4090
-226
-4090
-239
-4089
-251
-4088
-264
-4088
-276
-4087
-289
-4086
-301
-4085
-314
-4084
-326
-4083
-339
-4082
-351
-4081
-364
-4080
-376
-4079
-389
-4077
-401
-4076
-414
-4075
-426
-4074
-439
-4072
-451
-4071
-464
-4070
-476
-4068
-489
-4067
-501
-4065
-514
-4064
-526
-4062
-539
-4060
-551
-4059
-564
-4057
-576
-4055
-588
-4053
-601
-4052
-613
-4050
-626
-4048
-638
-4046
-651
-4044
-663
-4042
-675
-4040
-688
-4038
-700
-4036
-713
-4034
-725
-4031
-737
-4029
-750
-4027
-762
-4024
-774
-4022
-787
-4020
-799
-4017
-811
-4015
-824
-4012
-836
-4010
-848
-4007
-860
-4004
-873
-4002
-885
-3999
-897
-3996
-910
-3994
-922
-3991
-934
-3988
-946
-3985
-959
-3982
-971
-3979
-983
-3976
-995
-3973
-1007
-3970
-1020
-3967
-1032
-3964
-1044
-3961
-1056
-3958
-1068
-3954
-1080
-3951
-1092
-3948
-1104
-3944
-1117
-3941
-1129
-3937
-1141
-3934
-1153
-3930
-1165
-3927
-1177
-3923
-1189
-3920
-1201
-3916
-1213
-3912
-1225
-3908
-1237
-3905
-1249
-3901
-1261
-3897
-1273
-3893
-1285
-3889
-1297
-3885
-1309
-3881
-1320
-3877
-1332
-3873
-1344
-3869
-1356
-3865
-1368
-3861
-1380
-3856
-1392
-3852
-1404
-3848
-1415
-3844
-1427
-3839
-1439
-3835
-1451
-3830
-1462
-3826
-1474
-3822
-1486
-3817
-1498
-3812
-1509
-3808
-1521
-3803
-1532
-3798
-1544
-3794
-1556
-3789
-1567
-3784
-1579
-3779
-1591
-3774
-1602
-3770
-1614
-3765
-1625
-3760
-1637
-3755
-1648
-3750
-1660
-3744
-1671
-3739
-1683
-3734
-1694
-3729
-1706
-3724
-1717
-3719
-1728
-3713
-1740
-3708
-1751
-3703
-1762
-3697
-1774
-3692
-1785
-3686
-1796
-3681
-1808
-3675
-1819
-3670
-1830
-3664
-1842
-3659
-1853
-3653
-1864
-3647
-1875
-3642
-1886
-3636
-1898
-3630
-1909
-3624
-1920
-3618
-1931
-3612
-1942
-3606
-1953
-3600
-1964
-3594
-1975
-3588
-1986
-3582
-1997
-3576
-2008
-3570
-2019
-3564
-2030
-3558
-2041
-3551
-2052
-3545
-2062
-3539
-2073
-3532
-2084
-3526
-2095
-3520
-2106
-3513
-2116
-3507
-2127
-3500
-2138
-3494
-2149
-3487
-2159
-3480
-2170
-3474
-2181
-3467
-2191
-3460
-2202
-3454
-2212
-3447
-2223
-3440
-2234
-3433
-2244
-3426
-2255
-3420
-2265
-3413
-2276
-3406
-2286
-3399
-2296
-3392
-2307
-3384
-2317
-3378
-2328
-3370
-2338
-3363
-2348
-3356
-2358
-3349
-2369
-3342
-2379
-3334
-2389
-3327
-2399
-3320
-2410
-3312
-2420
-3305
-2430
-3297
-2440
-3290
-2450
-3282
-2460
-3275
-2470
-3267
-2480
-3260
-2490
-3252
-2500
-3244
-2510
-3237
-2520
-3229
-2530
-3221
-2540
-3214
-2550
-3206
-2559
-3198
-2569
-3190
-2579
-3182
-2589
-3174
-2598
-3166
-2608
-3158
-2618
-3150
-2628
-3142
-2637
-3134
-2647
-3126
-2656
-3118
-2666
-3110
-2675
-3102
-2685
-3093
-2694
-3085
-2704
-3077
-2713
-3068
-2723
-3060
-2732
-3052
-2741
-3043
-2751
-3035
-2760
-3026
-2769
-3018
-2778
-3009
-2788
-3001
-2797
-2992
-2806
-2984
-2815
-2975
-2824
-2966
-2833
-2958
-2842
-2949
-2852
-2940
-2860
-2932
-2870
-2923
-2878
-2914
-2887
-2905
-2896
-2896
-2905
-2887
-2914
-2878
-2923
-2870
-2932
-2860
-2940
-2852
-2949
-2842
-2958
-2833
-2966
-2824
-2975
-2815
-2984
-2806
-2992
-2797
-3001
-2788
-3009
-2778
-3018
-2769
-3026
-2760
-3035
-2751
-3043
-2741
-3052
-2732
-3060
-2723
-3068
-2713
-3077
-2704
-3085
-2694
-3093
-2685
-3102
-2675
-3110
-2666
-3118
-2656
-3126
-2647
-3134
-2637
-3142
-2628
-3150
-2618
-3158
-2608
-3166
-2598
-3174
-2589
-3182
-2579
-3190
-2569
-3198
-2559
-3206
-2550
-3214
-2540
-3221
-2530
-3229
-2520
-3237
-2510
-3244
-2500
-3252
-2490
-3260
-2480
-3267
-2470
-3275
-2460
-3282
-2450
-3290
-2440
-3297
-2430
-3305
-2420
-3312
-2410
-3320
-2399
-3327
-2389
-3334
-2379
-3342
-2369
-3349
-2358
-3356
-2348
-3363
-2338
-3370
-2328
-3378
-2317
-3384
-2307
-3392
-2296
-3399
-2286
-3406
-2276
-3413
-2265
-3420
-2255
-3426
-2244
-3433
-2234
-3440
-2223
-3447
-2212
-3454
-2202
-3460
-2191
-3467
-2181
-3474
-2170
-3480
-2159
-3487
-2149
-3494
-2138
-3500
-2127
-3507
-2116
-3513
-2106
-3520
-2095
-3526
-2084
-3532
-2073
-3539
-2062
-3545
-2052
-3551
-2041
-3558
-2030
-3564
-2019
-3570
-2008
-3576
-1997
-3582
-1986
-3588
-1975
-3594
-1964
-3600
-1953
-3606
-1942
-3612
-1931
-3618
-1920
-3624
-1909
-3630
-1898
-3636
-1886
-3642
-1875
-3647
-1864
-3653
-1853
-3659
-1842
-3664
-1830
-3670
-1819
-3675
-1808
-3681
-1796
-3686
-1785
-3692
-1774
-3697
-1762
-3703
-1751
-3708
-1740
-3713
-1728
-3719
-1717
-3724
-1706
-3729
-1694
-3734
-1683
-3739
-1671
-3744
-1660
-3750
-1648
-3755
-1637
-3760
-1625
-3765
-1614
-3770
-1602
-3774
-1591
-3779
-1579
-3784
-1567
-3789
-1556
-3794
-1544
-3798
-1532
-3803
-1521
-3808
-1509
-3812
-1498
-3817
-1486
-3822
-1474
-3826
-1462
-3830
-1451
-3835
-1439
-3839
-1427
-3844
-1415
-3848
-1404
-3852
-1392
-3856
-1380
-3861
-1368
-3865
-1356
-3869
-1344
-3873
-1332
-3877
-1320
-3881
-1309
-3885
-1297
-3889
-1285
-3893
-1273
-3897
-1261
-3901
-1249
-3905
-1237
-3908
-1225
-3912
-1213
-3916
-1201
-3920
-1189
-3923
-1177
-3927
-1165
-3930
-1153
-3934
-1141
-3937
-1129
-3941
-1117
-3944
-1104
-3948
-1092
-3951
-1080
-3954
-1068
-3958
-1056
-3961
-1044
-3964
-1032
-3967
-1020
-3970
-1007
-3973
-995
-3976
-983
-3979
-971
-3982
-959
-3985
-946
-3988
-934
-3991
-922
-3994
-910
-3996
-897
-3999
-885
-4002
-873
-4004
-860
-4007
-848
-4010
-836
-4012
-824
-4015
-811
-4017
-799
-4020
-787
-4022
-774
-4024
-762
-4027
-750
-4029
-737
-4031
-725
-4034
-713
-4036
-700
-4038
-688
-4040
-675
-4042
-663
-4044
-651
-4046
-638
-4048
-626
-4050
-613
-4052
-601
-4053
-588
-4055
-576
-4057
-564
-4059
-551
-4060
-539
-4062
-526
-4064
-514
-4065
-501
-4067
-489
-4068
-476
-4070
-464
-4071
-451
-4072
-439
-4074
-426
-4075
-414
-4076
-401
-4077
-389
-4079
-376
-4080
-364
-4081
-351
-4082
-339
-4083
-326
-4084
-314
-4085
-301
-4086
-289
-4087
-276
-4088
-264
-4088
-251
-4089
-239
-4090
-226
-4090
-214
-4091
-201
-4092
-188
-4092
-176
-4093
-163
-4093
-151
-4094
-138
-4094
-126
-4094
-113
-4095
-100
-4095
-88
-4095
-75
-4096
-63
-4096
-50
-4096
-38
-4096
-25
-4096
-12
