262143
0
262139
-1608
262124
-3217
262100
-4825
262065
-6433
262021
-8041
261966
-9649
261902
-11256
261828
-12863
261744
-14469
261651
-16075
261547
-17680
261434
-19284
261310
-20888
261177
-22491
261034
-24093
260882
-25694
260719
-27295
260547
-28894
260364
-30492
260172
-32089
259971
-33685
259759
-35280
259538
-36873
259307
-38464
259066
-40055
258815
-41644
258555
-43231
258284
-44817
258005
-46400
257715
-47983
257416
-49563
257107
-51142
256788
-52718
256460
-54293
256122
-55866
255774
-57436
255417
-59004
255050
-60570
254674
-62134
254288
-63696
253892
-65255
253487
-66812
253072
-68366
252648
-69917
252214
-71466
251771
-73012
251318
-74556
250856
-76096
250384
-77634
249903
-79169
249413
-80701
248913
-82230
248404
-83756
247885
-85278
247357
-86798
246820
-88314
246274
-89826
245718
-91336
245153
-92842
244578
-94344
243995
-95843
243402
-97338
242800
-98830
242189
-100318
241569
-101802
240940
-103283
240302
-104759
239654
-106232
238998
-107700
238333
-109164
237658
-110625
236975
-112081
236283
-113533
235582
-114980
234872
-116424
234153
-117863
233426
-119297
232689
-120727
231944
-122153
231190
-123574
230428
-124990
229656
-126402
228876
-127808
228088
-129210
227291
-130607
226485
-132000
225671
-133387
224848
-134769
224017
-136146
223178
-137518
222330
-138885
221473
-140246
220608
-141603
219736
-142954
218854
-144299
217965
-145639
217067
-146974
216161
-148303
215247
-149627
214325
-150945
213395
-152257
212456
-153563
211510
-154864
210556
-156159
209594
-157448
208624
-158731
207646
-160008
206660
-161279
205667
-162544
204666
-163803
203657
-165056
202640
-166302
201616
-167543
200584
-168776
199545
-170004
198498
-171225
197443
-172440
196382
-173648
195312
-174850
194236
-176045
193152
-177234
192061
-178415
190962
-179590
189857
-180759
188744
-181920
187624
-183075
186498
-184223
185364
-185364
184223
-186498
183075
-187624
181920
-188744
180759
-189857
179590
-190962
178415
-192061
177234
-193152
176045
-194236
174850
-195312
173648
-196382
172440
-197443
171225
-198498
170004
-199545
168776
-200584
167543
-201616
166302
-202640
165056
-203657
163803
-204666
162544
-205667
161279
-206660
160008
-207646
158731
-208624
157448
-209594
156159
-210556
154864
-211510
153563
-212456
152257
-213395
150945
-214325
149627
-215247
148303
-216161
146974
-217067
145639
-217965
144299
-218854
142954
-219736
141603
-220608
140246
-221473
138885
-222330
137518
-223178
136146
-224017
134769
-224848
133387
-225671
132000
-226485
130607
-227291
129210
-228088
127808
-228876
126402
-229656
124990
-230428
123574
-231190
122153
-231944
120727
-232689
119297
-233426
117863
-234153
116424
-234872
114980
-235582
113533
-236283
112081
-236975
110625
-237658
109164
-238333
107700
-238998
106232
-239654
104759
-240302
103283
-240940
101802
-241569
100318
-242189
98830
-242800
97338
-243402
95843
-243995
94344
-244578
92842
-245153
91336
-245718
89826
-246274
88314
-246820
86798
-247357
85278
-247885
83756
-248404
82230
-248913
80701
-249413
79169
-249903
77634
-250384
76096
-250856
74556
-251318
73012
-251771
71466
-252214
69917
-252648
68366
-253072
66812
-253487
65255
-253892
63696
-254288
62134
-254674
60570
-255050
59004
-255417
57436
-255774
55866
-256122
54293
-256460
52718
-256788
51142
-257107
49563
-257416
47983
-257715
46400
-258005
44817
-258284
43231
-258555
41644
-258815
40055
-259066
38464
-259307
36873
-259538
35280
-259759
33685
-259971
32089
-260172
30492
-260364
28894
-260547
27295
-260719
25694
-260882
24093
-261034
22491
-261177
20888
-261310
19284
-261434
17680
-261547
16075
-261651
14469
-261744
12863
-261828
11256
-261902
9649
-261966
8041
-262021
6433
-262065
4825
-262100
3217
-262124
1608
-262139
0
-262144
-1608
-262139
-3217
-262124
-4825
-262100
-6433
-262065
-8041
-262021
-9649
-261966
-11256
-261902
-12863
-261828
-14469
-261744
-16075
-261651
-17680
-261547
-19284
-261434
-20888
-261310
-22491
-261177
-24093
-261034
-25694
-260882
-27295
-260719
-28894
-260547
-30492
-260364
-32089
-260172
-33685
-259971
-35280
-259759
-36873
-259538
-38464
-259307
-40055
-259066
-41644
-258815
-43231
-258555
-44817
-258284
-46400
-258005
-47983
-257715
-49563
-257416
-51142
-257107
-52718
-256788
-54293
-256460
-55866
-256122
-57436
-255774
-59004
-255417
-60570
-255050
-62134
-254674
-63696
-254288
-65255
-253892
-66812
-253487
-68366
-253072
-69917
-252648
-71466
-252214
-73012
-251771
-74556
-251318
-76096
-250856
-77634
-250384
-79169
-249903
-80701
-249413
-82230
-248913
-83756
-248404
-85278
-247885
-86798
-247357
-88314
-246820
-89826
-246274
-91336
-245718
-92842
-245153
-94344
-244578
-95843
-243995
-97338
-243402
-98830
-242800
-100318
-242189
-101802
-241569
-103283
-240940
-104759
-240302
-106232
-239654
-107700
-238998
-109164
-238333
-110625
-237658
-112081
-236975
-113533
-236283
-114980
-235582
-116424
-234872
-117863
-234153
-119297
-233426
-120727
-232689
-122153
-231944
-123574
-231190
-124990
-230428
-126402
-229656
-127808
-228876
-129210
-228088
-130607
-227291
-132000
-226485
-133387
-225671
-134769
-224848
-136146
-224017
-137518
-223178
-138885
-222330
-140246
-221473
-141603
-220608
-142954
-219736
-144299
-218854
-145639
-217965
-146974
-217067
-148303
-216161
-149627
-215247
-150945
-214325
-152257
-213395
-153563
-212456
-154864
-211510
-156159
-210556
-157448
-209594
-158731
-208624
-160008
-207646
-161279
-206660
-162544
-205667
-163803
-204666
-165056
-203657
-166302
-202640
-167543
-201616
-168776
-200584
-170004
-199545
-171225
-198498
-172440
-197443
-173648
-196382
-174850
-195312
-176045
-194236
-177234
-193152
-178415
-192061
-179590
-190962
-180759
-189857
-181920
-188744
-183075
-187624
-184223
-186498
-185364
-185364
-186498
-184223
-187624
-183075
-188744
-181920
-189857
-180759
-190962
-179590
-192061
-178415
-193152
-177234
-194236
-176045
-195312
-174850
-196382
-173648
-197443
-172440
-198498
-171225
-199545
-170004
-200584
-168776
-201616
-167543
-202640
-166302
-203657
-165056
-204666
-163803
-205667
-162544
-206660
-161279
-207646
-160008
-208624
-158731
-209594
-157448
-210556
-156159
-211510
-154864
-212456
-153563
-213395
-152257
-214325
-150945
-215247
-149627
-216161
-148303
-217067
-146974
-217965
-145639
-218854
-144299
-219736
-142954
-220608
-141603
-221473
-140246
-222330
-138885
-223178
-137518
-224017
-136146
-224848
-134769
-225671
-133387
-226485
-132000
-227291
-130607
-228088
-129210
-228876
-127808
-229656
-126402
-230428
-124990
-231190
-123574
-231944
-122153
-232689
-120727
-233426
-119297
-234153
-117863
-234872
-116424
-235582
-114980
-236283
-113533
-236975
-112081
-237658
-110625
-238333
-109164
-238998
-107700
-239654
-106232
-240302
-104759
-240940
-103283
-241569
-101802
-242189
-100318
-242800
-98830
-243402
-97338
-243995
-95843
-244578
-94344
-245153
-92842
-245718
-91336
-246274
-89826
-246820
-88314
-247357
-86798
-247885
-85278
-248404
-83756
-248913
-82230
-249413
-80701
-249903
-79169
-250384
-77634
-250856
-76096
-251318
-74556
-251771
-73012
-252214
-71466
-252648
-69917
-253072
-68366
-253487
-66812
-253892
-65255
-254288
-63696
-254674
-62134
-255050
-60570
-255417
-59004
-255774
-57436
-256122
-55866
-256460
-54293
-256788
-52718
-257107
-51142
-257416
-49563
-257715
-47983
-258005
-46400
-258284
-44817
-258555
-43231
-258815
-41644
-259066
-40055
-259307
-38464
-259538
-36873
-259759
-35280
-259971
-33685
-260172
-32089
-260364
-30492
-260547
-28894
-260719
-27295
-260882
-25694
-261034
-24093
-261177
-22491
-261310
-20888
-261434
-19284
-261547
-17680
-261651
-16075
-261744
-14469
-261828
-12863
-261902
-11256
-261966
-9649
-262021
-8041
-262065
-6433
-262100
-4825
-262124
-3217
-262139
-1608
