262143
0
262124
-3217
262065
-6433
261966
-9649
261828
-12863
261651
-16075
261434
-19284
261177
-22491
260882
-25694
260547
-28894
260172
-32089
259759
-35280
259307
-38464
258815
-41644
258284
-44817
257715
-47983
257107
-51142
256460
-54293
255774
-57436
255050
-60570
254288
-63696
253487
-66812
252648
-69917
251771
-73012
250856
-76096
249903
-79169
248913
-82230
247885
-85278
246820
-88314
245718
-91336
244578
-94344
243402
-97338
242189
-100318
240940
-103283
239654
-106232
238333
-109164
236975
-112081
235582
-114980
234153
-117863
232689
-120727
231190
-123574
229656
-126402
228088
-129210
226485
-132000
224848
-134769
223178
-137518
221473
-140246
219736
-142954
217965
-145639
216161
-148303
214325
-150945
212456
-153563
210556
-156159
208624
-158731
206660
-161279
204666
-163803
202640
-166302
200584
-168776
198498
-171225
196382
-173648
194236
-176045
192061
-178415
189857
-180759
187624
-183075
185364
-185364
183075
-187624
180759
-189857
178415
-192061
176045
-194236
173648
-196382
171225
-198498
168776
-200584
166302
-202640
163803
-204666
161279
-206660
158731
-208624
156159
-210556
153563
-212456
150945
-214325
148303
-216161
145639
-217965
142954
-219736
140246
-221473
137518
-223178
134769
-224848
132000
-226485
129210
-228088
126402
-229656
123574
-231190
120727
-232689
117863
-234153
114980
-235582
112081
-236975
109164
-238333
106232
-239654
103283
-240940
100318
-242189
97338
-243402
94344
-244578
91336
-245718
88314
-246820
85278
-247885
82230
-248913
79169
-249903
76096
-250856
73012
-251771
69917
-252648
66812
-253487
63696
-254288
60570
-255050
57436
-255774
54293
-256460
51142
-257107
47983
-257715
44817
-258284
41644
-258815
38464
-259307
35280
-259759
32089
-260172
28894
-260547
25694
-260882
22491
-261177
19284
-261434
16075
-261651
12863
-261828
9649
-261966
6433
-262065
3217
-262124
0
-262144
-3217
-262124
-6433
-262065
-9649
-261966
-12863
-261828
-16075
-261651
-19284
-261434
-22491
-261177
-25694
-260882
-28894
-260547
-32089
-260172
-35280
-259759
-38464
-259307
-41644
-258815
-44817
-258284
-47983
-257715
-51142
-257107
-54293
-256460
-57436
-255774
-60570
-255050
-63696
-254288
-66812
-253487
-69917
-252648
-73012
-251771
-76096
-250856
-79169
-249903
-82230
-248913
-85278
-247885
-88314
-246820
-91336
-245718
-94344
-244578
-97338
-243402
-100318
-242189
-103283
-240940
-106232
-239654
-109164
-238333
-112081
-236975
-114980
-235582
-117863
-234153
-120727
-232689
-123574
-231190
-126402
-229656
-129210
-228088
-132000
-226485
-134769
-224848
-137518
-223178
-140246
-221473
-142954
-219736
-145639
-217965
-148303
-216161
-150945
-214325
-153563
-212456
-156159
-210556
-158731
-208624
-161279
-206660
-163803
-204666
-166302
-202640
-168776
-200584
-171225
-198498
-173648
-196382
-176045
-194236
-178415
-192061
-180759
-189857
-183075
-187624
-185364
-185364
-187624
-183075
-189857
-180759
-192061
-178415
-194236
-176045
-196382
-173648
-198498
-171225
-200584
-168776
-202640
-166302
-204666
-163803
-206660
-161279
-208624
-158731
-210556
-156159
-212456
-153563
-214325
-150945
-216161
-148303
-217965
-145639
-219736
-142954
-221473
-140246
-223178
-137518
-224848
-134769
-226485
-132000
-228088
-129210
-229656
-126402
-231190
-123574
-232689
-120727
-234153
-117863
-235582
-114980
-236975
-112081
-238333
-109164
-239654
-106232
-240940
-103283
-242189
-100318
-243402
-97338
-244578
-94344
-245718
-91336
-246820
-88314
-247885
-85278
-248913
-82230
-249903
-79169
-250856
-76096
-251771
-73012
-252648
-69917
-253487
-66812
-254288
-63696
-255050
-60570
-255774
-57436
-256460
-54293
-257107
-51142
-257715
-47983
-258284
-44817
-258815
-41644
-259307
-38464
-259759
-35280
-260172
-32089
-260547
-28894
-260882
-25694
-261177
-22491
-261434
-19284
-261651
-16075
-261828
-12863
-261966
-9649
-262065
-6433
-262124
-3217
