8191
0
8191
-6
8191
-12
8191
-19
8191
-25
8191
-31
8191
-38
8191
-44
8191
-50
8191
-56
8191
-63
8191
-69
8191
-75
8191
-82
8191
-88
8191
-94
8191
-100
8191
-107
8191
-113
8191
-119
8191
-126
8191
-132
8191
-138
8191
-144
8190
-151
8190
-157
8190
-163
8190
-170
8190
-176
8190
-182
8190
-188
8190
-195
8190
-201
8189
-207
8189
-214
8189
-220
8189
-226
8189
-232
8188
-239
8188
-245
8188
-251
8188
-258
8188
-264
8188
-270
8187
-276
8187
-283
8187
-289
8187
-295
8186
-302
8186
-308
8186
-314
8186
-320
8185
-327
8185
-333
8185
-339
8185
-345
8184
-352
8184
-358
8184
-364
8184
-370
8183
-377
8183
-383
8183
-389
8182
-396
8182
-402
8182
-408
8182
-414
8181
-421
8181
-427
8180
-433
8180
-440
8180
-446
8180
-452
8179
-458
8179
-465
8178
-471
8178
-477
8178
-484
8177
-490
8177
-496
8176
-502
8176
-508
8176
-515
8175
-521
8175
-527
8174
-534
8174
-540
8174
-546
8173
-552
8173
-559
8172
-565
8172
-571
8172
-578
8171
-584
8171
-590
8170
-596
8170
-603
8169
-609
8169
-615
8168
-621
8168
-628
8167
-634
8167
-640
8166
-646
8166
-653
8165
-659
8165
-665
8164
-672
8164
-678
8163
-684
8163
-690
8162
-696
8162
-703
8161
-709
8161
-715
8160
-722
8160
-728
8159
-734
8158
-740
8158
-747
8157
-753
8157
-759
8156
-765
8156
-772
8155
-778
8154
-784
8154
-790
8153
-797
8152
-803
8152
-809
8151
-815
8151
-822
8150
-828
8149
-834
8149
-840
8148
-847
8147
-853
8147
-859
8146
-865
8145
-872
8145
-878
8144
-884
8143
-890
8143
-897
8142
-903
8141
-909
8141
-915
8140
-922
8139
-928
8138
-934
8138
-940
8137
-947
8136
-953
8136
-959
8135
-965
8134
-972
8133
-978
8133
-984
8132
-990
8131
-996
8130
-1003
8130
-1009
8129
-1015
8128
-1021
8127
-1028
8126
-1034
8126
-1040
8125
-1046
8124
-1053
8123
-1059
8122
-1065
8122
-1071
8121
-1078
8120
-1084
8119
-1090
8118
-1096
8117
-1102
8117
-1109
8116
-1115
8115
-1121
8114
-1127
8113
-1134
8112
-1140
8111
-1146
8110
-1152
8110
-1158
8109
-1165
8108
-1171
8107
-1177
8106
-1183
8105
-1190
8104
-1196
8103
-1202
8102
-1208
8101
-1214
8100
-1221
8100
-1227
8099
-1233
8098
-1239
8097
-1246
8096
-1252
8095
-1258
8094
-1264
8093
-1270
8092
-1276
8091
-1283
8090
-1289
8089
-1295
8088
-1301
8087
-1308
8086
-1314
8085
-1320
8084
-1326
8083
-1332
8082
-1338
8081
-1345
8080
-1351
8079
-1357
8078
-1363
8077
-1370
8076
-1376
8074
-1382
8074
-1388
8072
-1394
8071
-1400
8070
-1407
8069
-1413
8068
-1419
8067
-1425
8066
-1431
8065
-1438
8064
-1444
8063
-1450
8062
-1456
8060
-1462
8059
-1468
8058
-1475
8057
-1481
8056
-1487
8055
-1493
8054
-1499
8052
-1506
8051
-1512
8050
-1518
8049
-1524
8048
-1530
8046
-1536
8045
-1543
8044
-1549
8043
-1555
8042
-1561
8041
-1567
8039
-1574
8038
-1580
8037
-1586
8036
-1592
8034
-1598
8033
-1604
8032
-1610
8031
-1617
8030
-1623
8028
-1629
8027
-1635
8026
-1641
8025
-1647
8023
-1654
8022
-1660
8021
-1666
8020
-1672
8018
-1678
8017
-1684
8016
-1690
8014
-1697
8013
-1703
8012
-1709
8010
-1715
8009
-1721
8008
-1727
8006
-1734
8005
-1740
8004
-1746
8002
-1752
8001
-1758
8000
-1764
7998
-1770
7997
-1776
7996
-1782
7994
-1789
7993
-1795
7992
-1801
7990
-1807
7989
-1813
7987
-1819
7986
-1826
7984
-1832
7983
-1838
7982
-1844
7980
-1850
7979
-1856
7978
-1862
7976
-1868
7975
-1874
7973
-1880
7972
-1887
7970
-1893
7969
-1899
7967
-1905
7966
-1911
7964
-1917
7963
-1923
7962
-1929
7960
-1936
7958
-1942
7957
-1948
7956
-1954
7954
-1960
7952
-1966
7951
-1972
7950
-1978
7948
-1984
7946
-1990
7945
-1996
7943
-2003
7942
-2009
7940
-2015
7939
-2021
7937
-2027
7936
-2033
7934
-2039
7932
-2045
7931
-2051
7929
-2057
7928
-2064
7926
-2070
7925
-2076
7923
-2082
7921
-2088
7920
-2094
7918
-2100
7917
-2106
7915
-2112
7913
-2118
7912
-2124
7910
-2130
7908
-2136
7907
-2142
7905
-2148
7904
-2154
7902
-2161
7900
-2167
7898
-2173
7897
-2179
7895
-2185
7894
-2191
7892
-2197
7890
-2203
7888
-2209
7887
-2215
7885
-2221
7883
-2227
7882
-2233
7880
-2239
7878
-2245
7876
-2251
7875
-2257
7873
-2264
7871
-2270
7870
-2276
7868
-2282
7866
-2288
7864
-2294
7862
-2300
7861
-2306
7859
-2312
7857
-2318
7855
-2324
7854
-2330
7852
-2336
7850
-2342
7848
-2348
7846
-2354
7845
-2360
7843
-2366
7841
-2372
7839
-2378
7837
-2384
7836
-2390
7834
-2396
7832
-2402
7830
-2408
7828
-2414
7826
-2420
7824
-2426
7823
-2432
7821
-2438
7819
-2444
7817
-2450
7815
-2456
7813
-2462
7811
-2468
7809
-2474
7808
-2480
7806
-2486
7804
-2492
7802
-2498
7800
-2504
7798
-2510
7796
-2516
7794
-2522
7792
-2528
7790
-2534
7788
-2540
7786
-2546
7784
-2552
7782
-2558
7780
-2564
7778
-2570
7776
-2576
7774
-2582
7772
-2588
7770
-2594
7768
-2599
7767
-2605
7765
-2611
7762
-2617
7760
-2623
7758
-2629
7756
-2635
7754
-2641
7752
-2647
7750
-2653
7748
-2659
7746
-2665
7744
-2671
7742
-2677
7740
-2683
7738
-2689
7736
-2695
7734
-2700
7732
-2706
7730
-2712
7728
-2718
7726
-2724
7724
-2730
7722
-2736
7719
-2742
7717
-2748
7715
-2754
7713
-2760
7711
-2766
7709
-2772
7707
-2778
7705
-2783
7702
-2789
7700
-2795
7698
-2801
7696
-2807
7694
-2813
7692
-2819
7690
-2825
7687
-2831
7685
-2836
7683
-2842
7681
-2848
7679
-2854
7676
-2860
7674
-2866
7672
-2872
7670
-2878
7668
-2884
7665
-2890
7663
-2895
7661
-2901
7659
-2907
7656
-2913
7654
-2919
7652
-2925
7650
-2931
7648
-2936
7645
-2942
7643
-2948
7641
-2954
7638
-2960
7636
-2966
7634
-2972
7632
-2978
7629
-2983
7627
-2989
7625
-2995
7622
-3001
7620
-3007
7618
-3013
7616
-3018
7613
-3024
7611
-3030
7609
-3036
7606
-3042
7604
-3048
7602
-3053
7599
-3059
7597
-3065
7594
-3071
7592
-3077
7590
-3082
7588
-3088
7585
-3094
7583
-3100
7580
-3106
7578
-3112
7576
-3118
7573
-3123
7571
-3129
7568
-3135
7566
-3141
7564
-3146
7561
-3152
7559
-3158
7556
-3164
7554
-3170
7551
-3176
7549
-3181
7546
-3187
7544
-3193
7542
-3199
7539
-3204
7537
-3210
7534
-3216
7532
-3222
7529
-3228
7527
-3233
7524
-3239
7522
-3245
7519
-3251
7517
-3256
7514
-3262
7512
-3268
7509
-3274
7507
-3279
7504
-3285
7502
-3291
7499
-3297
7497
-3302
7494
-3308
7492
-3314
7489
-3320
7487
-3325
7484
-3331
7482
-3337
7479
-3343
7476
-3348
7474
-3354
7471
-3360
7469
-3366
7466
-3371
7464
-3377
7461
-3383
7458
-3388
7456
-3394
7453
-3400
7450
-3406
7448
-3411
7445
-3417
7443
-3423
7440
-3428
7437
-3434
7435
-3440
7432
-3446
7429
-3451
7427
-3457
7424
-3463
7422
-3468
7419
-3474
7416
-3480
7414
-3485
7411
-3491
7408
-3497
7405
-3502
7403
-3508
7400
-3514
7397
-3520
7395
-3525
7392
-3531
7389
-3536
7386
-3542
7384
-3548
7381
-3554
7378
-3559
7376
-3565
7373
-3570
7370
-3576
7367
-3582
7365
-3587
7362
-3593
7359
-3599
7356
-3604
7354
-3610
7351
-3616
7348
-3621
7345
-3627
7342
-3632
7340
-3638
7337
-3644
7334
-3650
7331
-3655
7328
-3661
7326
-3666
7323
-3672
7320
-3678
7317
-3683
7314
-3689
7312
-3694
7309
-3700
7306
-3706
7303
-3711
7300
-3717
7297
-3722
7294
-3728
7292
-3734
7289
-3739
7286
-3745
7283
-3750
7280
-3756
7277
-3762
7274
-3767
7272
-3773
7269
-3778
7266
-3784
7263
-3789
7260
-3795
7257
-3800
7254
-3806
7251
-3812
7248
-3817
7245
-3823
7242
-3828
7239
-3834
7236
-3839
7234
-3845
7230
-3850
7228
-3856
7225
-3862
7222
-3867
7219
-3873
7216
-3878
7213
-3884
7210
-3889
7207
-3895
7204
-3900
7201
-3906
7198
-3911
7195
-3917
7192
-3922
7189
-3928
7186
-3934
7183
-3939
7180
-3944
7177
-3950
7174
-3956
7171
-3961
7168
-3966
7164
-3972
7162
-3978
7158
-3983
7155
-3988
7152
-3994
7149
-3999
7146
-4005
7143
-4010
7140
-4016
7137
-4021
7134
-4027
7131
-4032
7128
-4038
7125
-4043
7122
-4049
7118
-4054
7115
-4060
7112
-4065
7109
-4070
7106
-4076
7103
-4081
7100
-4087
7096
-4092
7093
-4098
7090
-4103
7087
-4109
7084
-4114
7081
-4120
7078
-4125
7074
-4130
7071
-4136
7068
-4141
7065
-4147
7062
-4152
7058
-4158
7055
-4163
7052
-4168
7049
-4174
7046
-4179
7042
-4184
7039
-4190
7036
-4195
7033
-4201
7030
-4206
7026
-4212
7023
-4217
7020
-4222
7017
-4228
7014
-4233
7010
-4238
7007
-4244
7004
-4249
7000
-4254
6997
-4260
6994
-4265
6991
-4271
6987
-4276
6984
-4281
6981
-4287
6978
-4292
6974
-4297
6971
-4303
6968
-4308
6964
-4313
6961
-4319
6958
-4324
6954
-4329
6951
-4335
6948
-4340
6944
-4345
6941
-4351
6938
-4356
6934
-4361
6931
-4367
6928
-4372
6924
-4377
6921
-4383
6918
-4388
6914
-4393
6911
-4398
6908
-4404
6904
-4409
6901
-4414
6897
-4420
6894
-4425
6890
-4430
6887
-4436
6884
-4441
6880
-4446
6877
-4451
6874
-4457
6870
-4462
6867
-4467
6863
-4472
6860
-4478
6856
-4483
6853
-4488
6850
-4494
6846
-4499
6843
-4504
6839
-4509
6836
-4514
6832
-4520
6829
-4525
6825
-4530
6822
-4536
6818
-4541
6815
-4546
6811
-4551
6808
-4556
6804
-4562
6801
-4567
6797
-4572
6794
-4577
6790
-4582
6787
-4588
6783
-4593
6780
-4598
6776
-4603
6773
-4608
6769
-4614
6766
-4619
6762
-4624
6758
-4629
6755
-4634
6751
-4640
6748
-4645
6744
-4650
6741
-4655
6737
-4660
6734
-4666
6730
-4671
6726
-4676
6723
-4681
6719
-4686
6716
-4691
6712
-4696
6708
-4702
6705
-4707
6701
-4712
6698
-4717
6694
-4722
6690
-4727
6687
-4732
6683
-4738
6680
-4743
6676
-4748
6672
-4753
6668
-4758
6665
-4763
6661
-4768
6658
-4773
6654
-4778
6650
-4784
6646
-4789
6643
-4794
6639
-4799
6636
-4804
6632
-4809
6628
-4814
6624
-4819
6621
-4824
6617
-4829
6613
-4834
6610
-4840
6606
-4844
6602
-4850
6598
-4855
6595
-4860
6591
-4865
6587
-4870
6584
-4875
6580
-4880
6576
-4885
6572
-4890
6569
-4895
6565
-4900
6561
-4905
6557
-4910
6554
-4915
6550
-4920
6546
-4925
6542
-4930
6538
-4935
6535
-4940
6531
-4945
6527
-4950
6523
-4955
6519
-4960
6516
-4965
6512
-4970
6508
-4975
6504
-4980
6500
-4985
6496
-4990
6493
-4995
6489
-5000
6485
-5005
6481
-5010
6477
-5015
6474
-5020
6470
-5025
6466
-5030
6462
-5035
6458
-5040
6454
-5045
6450
-5050
6446
-5055
6443
-5060
6439
-5065
6435
-5070
6431
-5074
6427
-5080
6423
-5084
6419
-5089
6415
-5094
6411
-5099
6408
-5104
6404
-5109
6400
-5114
6396
-5119
6392
-5124
6388
-5129
6384
-5134
6380
-5138
6376
-5143
6372
-5148
6368
-5153
6364
-5158
6360
-5163
6356
-5168
6352
-5173
6348
-5177
6344
-5182
6340
-5187
6336
-5192
6332
-5197
6328
-5202
6324
-5207
6320
-5212
6316
-5216
6312
-5221
6308
-5226
6304
-5231
6300
-5236
6296
-5240
6292
-5245
6288
-5250
6284
-5255
6280
-5260
6276
-5265
6272
-5269
6268
-5274
6264
-5279
6260
-5284
6256
-5289
6252
-5293
6248
-5298
6244
-5303
6240
-5308
6236
-5313
6232
-5317
6228
-5322
6224
-5327
6219
-5332
6215
-5336
6211
-5341
6207
-5346
6203
-5351
6199
-5356
6195
-5360
6191
-5365
6186
-5370
6182
-5374
6178
-5379
6174
-5384
6170
-5389
6166
-5393
6162
-5398
6158
-5403
6154
-5408
6149
-5412
6145
-5417
6141
-5422
6137
-5426
6133
-5431
6128
-5436
6124
-5440
6120
-5445
6116
-5450
6112
-5455
6108
-5459
6104
-5464
6099
-5469
6095
-5473
6091
-5478
6087
-5483
6082
-5487
6078
-5492
6074
-5497
6070
-5501
6066
-5506
6061
-5511
6057
-5515
6053
-5520
6049
-5525
6044
-5529
6040
-5534
6036
-5538
6032
-5543
6027
-5548
6023
-5552
6019
-5557
6015
-5562
6010
-5566
6006
-5571
6002
-5575
5998
-5580
5993
-5585
5989
-5589
5985
-5594
5980
-5598
5976
-5603
5972
-5608
5968
-5612
5963
-5617
5959
-5621
5955
-5626
5950
-5630
5946
-5635
5942
-5640
5937
-5644
5933
-5649
5929
-5653
5924
-5658
5920
-5662
5916
-5667
5911
-5671
5907
-5676
5902
-5680
5898
-5685
5894
-5690
5890
-5694
5885
-5698
5881
-5703
5876
-5708
5872
-5712
5868
-5716
5863
-5721
5859
-5726
5854
-5730
5850
-5734
5846
-5739
5841
-5744
5837
-5748
5832
-5752
5828
-5757
5824
-5761
5819
-5766
5815
-5770
5810
-5775
5806
-5779
5801
-5784
5797
-5788
5792
-5792
5788
-5797
5784
-5801
5779
-5806
5775
-5810
5770
-5815
5766
-5819
5761
-5824
5757
-5828
5752
-5832
5748
-5837
5744
-5841
5739
-5846
5734
-5850
5730
-5854
5726
-5859
5721
-5863
5716
-5868
5712
-5872
5708
-5876
5703
-5881
5698
-5885
5694
-5890
5690
-5894
5685
-5898
5680
-5902
5676
-5907
5671
-5911
5667
-5916
5662
-5920
5658
-5924
5653
-5929
5649
-5933
5644
-5937
5640
-5942
5635
-5946
5630
-5950
5626
-5955
5621
-5959
5617
-5963
5612
-5968
5608
-5972
5603
-5976
5598
-5980
5594
-5985
5589
-5989
5585
-5993
5580
-5998
5575
-6002
5571
-6006
5566
-6010
5562
-6015
5557
-6019
5552
-6023
5548
-6027
5543
-6032
5538
-6036
5534
-6040
5529
-6044
5525
-6049
5520
-6053
5515
-6057
5511
-6061
5506
-6066
5501
-6070
5497
-6074
5492
-6078
5487
-6082
5483
-6087
5478
-6091
5473
-6095
5469
-6099
5464
-6104
5459
-6108
5455
-6112
5450
-6116
5445
-6120
5440
-6124
5436
-6128
5431
-6133
5426
-6137
5422
-6141
5417
-6145
5412
-6149
5408
-6154
5403
-6158
5398
-6162
5393
-6166
5389
-6170
5384
-6174
5379
-6178
5374
-6182
5370
-6186
5365
-6191
5360
-6195
5356
-6199
5351
-6203
5346
-6207
5341
-6211
5336
-6215
5332
-6219
5327
-6224
5322
-6228
5317
-6232
5313
-6236
5308
-6240
5303
-6244
5298
-6248
5293
-6252
5289
-6256
5284
-6260
5279
-6264
5274
-6268
5269
-6272
5265
-6276
5260
-6280
5255
-6284
5250
-6288
5245
-6292
5240
-6296
5236
-6300
5231
-6304
5226
-6308
5221
-6312
5216
-6316
5212
-6320
5207
-6324
5202
-6328
5197
-6332
5192
-6336
5187
-6340
5182
-6344
5177
-6348
5173
-6352
5168
-6356
5163
-6360
5158
-6364
5153
-6368
5148
-6372
5143
-6376
5138
-6380
5134
-6384
5129
-6388
5124
-6392
5119
-6396
5114
-6400
5109
-6404
5104
-6408
5099
-6411
5094
-6415
5089
-6419
5084
-6423
5080
-6427
5074
-6431
5070
-6435
5065
-6439
5060
-6443
5055
-6446
5050
-6450
5045
-6454
5040
-6458
5035
-6462
5030
-6466
5025
-6470
5020
-6474
5015
-6477
5010
-6481
5005
-6485
5000
-6489
4995
-6493
4990
-6496
4985
-6500
4980
-6504
4975
-6508
4970
-6512
4965
-6516
4960
-6519
4955
-6523
4950
-6527
4945
-6531
4940
-6535
4935
-6538
4930
-6542
4925
-6546
4920
-6550
4915
-6554
4910
-6557
4905
-6561
4900
-6565
4895
-6569
4890
-6572
4885
-6576
4880
-6580
4875
-6584
4870
-6587
4865
-6591
4860
-6595
4855
-6598
4850
-6602
4844
-6606
4840
-6610
4834
-6613
4829
-6617
4824
-6621
4819
-6624
4814
-6628
4809
-6632
4804
-6636
4799
-6639
4794
-6643
4789
-6646
4784
-6650
4778
-6654
4773
-6658
4768
-6661
4763
-6665
4758
-6668
4753
-6672
4748
-6676
4743
-6680
4738
-6683
4732
-6687
4727
-6690
4722
-6694
4717
-6698
4712
-6701
4707
-6705
4702
-6708
4696
-6712
4691
-6716
4686
-6719
4681
-6723
4676
-6726
4671
-6730
4666
-6734
4660
-6737
4655
-6741
4650
-6744
4645
-6748
4640
-6751
4634
-6755
4629
-6758
4624
-6762
4619
-6766
4614
-6769
4608
-6773
4603
-6776
4598
-6780
4593
-6783
4588
-6787
4582
-6790
4577
-6794
4572
-6797
4567
-6801
4562
-6804
4556
-6808
4551
-6811
4546
-6815
4541
-6818
4536
-6822
4530
-6825
4525
-6829
4520
-6832
4514
-6836
4509
-6839
4504
-6843
4499
-6846
4494
-6850
4488
-6853
4483
-6856
4478
-6860
4472
-6863
4467
-6867
4462
-6870
4457
-6874
4451
-6877
4446
-6880
4441
-6884
4436
-6887
4430
-6890
4425
-6894
4420
-6897
4414
-6901
4409
-6904
4404
-6908
4398
-6911
4393
-6914
4388
-6918
4383
-6921
4377
-6924
4372
-6928
4367
-6931
4361
-6934
4356
-6938
4351
-6941
4345
-6944
4340
-6948
4335
-6951
4329
-6954
4324
-6958
4319
-6961
4313
-6964
4308
-6968
4303
-6971
4297
-6974
4292
-6978
4287
-6981
4281
-6984
4276
-6987
4271
-6991
4265
-6994
4260
-6997
4254
-7000
4249
-7004
4244
-7007
4238
-7010
4233
-7014
4228
-7017
4222
-7020
4217
-7023
4212
-7026
4206
-7030
4201
-7033
4195
-7036
4190
-7039
4184
-7042
4179
-7046
4174
-7049
4168
-7052
4163
-7055
4158
-7058
4152
-7062
4147
-7065
4141
-7068
4136
-7071
4130
-7074
4125
-7078
4120
-7081
4114
-7084
4109
-7087
4103
-7090
4098
-7093
4092
-7096
4087
-7100
4081
-7103
4076
-7106
4070
-7109
4065
-7112
4060
-7115
4054
-7118
4049
-7122
4043
-7125
4038
-7128
4032
-7131
4027
-7134
4021
-7137
4016
-7140
4010
-7143
4005
-7146
3999
-7149
3994
-7152
3988
-7155
3983
-7158
3978
-7162
3972
-7164
3966
-7168
3961
-7171
3956
-7174
3950
-7177
3944
-7180
3939
-7183
3934
-7186
3928
-7189
3922
-7192
3917
-7195
3911
-7198
3906
-7201
3900
-7204
3895
-7207
3889
-7210
3884
-7213
3878
-7216
3873
-7219
3867
-7222
3862
-7225
3856
-7228
3850
-7230
3845
-7234
3839
-7236
3834
-7239
3828
-7242
3823
-7245
3817
-7248
3812
-7251
3806
-7254
3800
-7257
3795
-7260
3789
-7263
3784
-7266
3778
-7269
3773
-7272
3767
-7274
3762
-7277
3756
-7280
3750
-7283
3745
-7286
3739
-7289
3734
-7292
3728
-7294
3722
-7297
3717
-7300
3711
-7303
3706
-7306
3700
-7309
3694
-7312
3689
-7314
3683
-7317
3678
-7320
3672
-7323
3666
-7326
3661
-7328
3655
-7331
3650
-7334
3644
-7337
3638
-7340
3632
-7342
3627
-7345
3621
-7348
3616
-7351
3610
-7354
3604
-7356
3599
-7359
3593
-7362
3587
-7365
3582
-7367
3576
-7370
3570
-7373
3565
-7376
3559
-7378
3554
-7381
3548
-7384
3542
-7386
3536
-7389
3531
-7392
3525
-7395
3520
-7397
3514
-7400
3508
-7403
3502
-7405
3497
-7408
3491
-7411
3485
-7414
3480
-7416
3474
-7419
3468
-7422
3463
-7424
3457
-7427
3451
-7429
3446
-7432
3440
-7435
3434
-7437
3428
-7440
3423
-7443
3417
-7445
3411
-7448
3406
-7450
3400
-7453
3394
-7456
3388
-7458
3383
-7461
3377
-7464
3371
-7466
3366
-7469
3360
-7471
3354
-7474
3348
-7476
3343
-7479
3337
-7482
3331
-7484
3325
-7487
3320
-7489
3314
-7492
3308
-7494
3302
-7497
3297
-7499
3291
-7502
3285
-7504
3279
-7507
3274
-7509
3268
-7512
3262
-7514
3256
-7517
3251
-7519
3245
-7522
3239
-7524
3233
-7527
3228
-7529
3222
-7532
3216
-7534
3210
-7537
3204
-7539
3199
-7542
3193
-7544
3187
-7546
3181
-7549
3176
-7551
3170
-7554
3164
-7556
3158
-7559
3152
-7561
3146
-7564
3141
-7566
3135
-7568
3129
-7571
3123
-7573
3118
-7576
3112
-7578
3106
-7580
3100
-7583
3094
-7585
3088
-7588
3082
-7590
3077
-7592
3071
-7594
3065
-7597
3059
-7599
3053
-7602
3048
-7604
3042
-7606
3036
-7609
3030
-7611
3024
-7613
3018
-7616
3013
-7618
3007
-7620
3001
-7622
2995
-7625
2989
-7627
2983
-7629
2978
-7632
2972
-7634
2966
-7636
2960
-7638
2954
-7641
2948
-7643
2942
-7645
2936
-7648
2931
-7650
2925
-7652
2919
-7654
2913
-7656
2907
-7659
2901
-7661
2895
-7663
2890
-7665
2884
-7668
2878
-7670
2872
-7672
2866
-7674
2860
-7676
2854
-7679
2848
-7681
2842
-7683
2836
-7685
2831
-7687
2825
-7690
2819
-7692
2813
-7694
2807
-7696
2801
-7698
2795
-7700
2789
-7702
2783
-7705
2778
-7707
2772
-7709
2766
-7711
2760
-7713
2754
-7715
2748
-7717
2742
-7719
2736
-7722
2730
-7724
2724
-7726
2718
-7728
2712
-7730
2706
-7732
2700
-7734
2695
-7736
2689
-7738
2683
-7740
2677
-7742
2671
-7744
2665
-7746
2659
-7748
2653
-7750
2647
-7752
2641
-7754
2635
-7756
2629
-7758
2623
-7760
2617
-7762
2611
-7765
2605
-7767
2599
-7768
2594
-7770
2588
-7772
2582
-7774
2576
-7776
2570
-7778
2564
-7780
2558
-7782
2552
-7784
2546
-7786
2540
-7788
2534
-7790
2528
-7792
2522
-7794
2516
-7796
2510
-7798
2504
-7800
2498
-7802
2492
-7804
2486
-7806
2480
-7808
2474
-7809
2468
-7811
2462
-7813
2456
-7815
2450
-7817
2444
-7819
2438
-7821
2432
-7823
2426
-7824
2420
-7826
2414
-7828
2408
-7830
2402
-7832
2396
-7834
2390
-7836
2384
-7837
2378
-7839
2372
-7841
2366
-7843
2360
-7845
2354
-7846
2348
-7848
2342
-7850
2336
-7852
2330
-7854
2324
-7855
2318
-7857
2312
-7859
2306
-7861
2300
-7862
2294
-7864
2288
-7866
2282
-7868
2276
-7870
2270
-7871
2264
-7873
2257
-7875
2251
-7876
2245
-7878
2239
-7880
2233
-7882
2227
-7883
2221
-7885
2215
-7887
2209
-7888
2203
-7890
2197
-7892
2191
-7894
2185
-7895
2179
-7897
2173
-7898
2167
-7900
2161
-7902
2154
-7904
2148
-7905
2142
-7907
2136
-7908
2130
-7910
2124
-7912
2118
-7913
2112
-7915
2106
-7917
2100
-7918
2094
-7920
2088
-7921
2082
-7923
2076
-7925
2070
-7926
2064
-7928
2057
-7929
2051
-7931
2045
-7932
2039
-7934
2033
-7936
2027
-7937
2021
-7939
2015
-7940
2009
-7942
2003
-7943
1996
-7945
1990
-7946
1984
-7948
1978
-7950
1972
-7951
1966
-7952
1960
-7954
1954
-7956
1948
-7957
1942
-7958
1936
-7960
1929
-7962
1923
-7963
1917
-7964
1911
-7966
1905
-7967
1899
-7969
1893
-7970
1887
-7972
1880
-7973
1874
-7975
1868
-7976
1862
-7978
1856
-7979
1850
-7980
1844
-7982
1838
-7983
1832
-7984
1826
-7986
1819
-7987
1813
-7989
1807
-7990
1801
-7992
1795
-7993
1789
-7994
1782
-7996
1776
-7997
1770
-7998
1764
-8000
1758
-8001
1752
-8002
1746
-8004
1740
-8005
1734
-8006
1727
-8008
1721
-8009
1715
-8010
1709
-8012
1703
-8013
1697
-8014
1690
-8016
1684
-8017
1678
-8018
1672
-8020
1666
-8021
1660
-8022
1654
-8023
1647
-8025
1641
-8026
1635
-8027
1629
-8028
1623
-8030
1617
-8031
1610
-8032
1604
-8033
1598
-8034
1592
-8036
1586
-8037
1580
-8038
1574
-8039
1567
-8041
1561
-8042
1555
-8043
1549
-8044
1543
-8045
1536
-8046
1530
-8048
1524
-8049
1518
-8050
1512
-8051
1506
-8052
1499
-8054
1493
-8055
1487
-8056
1481
-8057
1475
-8058
1468
-8059
1462
-8060
1456
-8062
1450
-8063
1444
-8064
1438
-8065
1431
-8066
1425
-8067
1419
-8068
1413
-8069
1407
-8070
1400
-8071
1394
-8072
1388
-8074
1382
-8074
1376
-8076
1370
-8077
1363
-8078
1357
-8079
1351
-8080
1345
-8081
1338
-8082
1332
-8083
1326
-8084
1320
-8085
1314
-8086
1308
-8087
1301
-8088
1295
-8089
1289
-8090
1283
-8091
1276
-8092
1270
-8093
1264
-8094
1258
-8095
1252
-8096
1246
-8097
1239
-8098
1233
-8099
1227
-8100
1221
-8100
1214
-8101
1208
-8102
1202
-8103
1196
-8104
1190
-8105
1183
-8106
1177
-8107
1171
-8108
1165
-8109
1158
-8110
1152
-8110
1146
-8111
1140
-8112
1134
-8113
1127
-8114
1121
-8115
1115
-8116
1109
-8117
1102
-8117
1096
-8118
1090
-8119
1084
-8120
1078
-8121
1071
-8122
1065
-8122
1059
-8123
1053
-8124
1046
-8125
1040
-8126
1034
-8126
1028
-8127
1021
-8128
1015
-8129
1009
-8130
1003
-8130
996
-8131
990
-8132
984
-8133
978
-8133
972
-8134
965
-8135
959
-8136
953
-8136
947
-8137
940
-8138
934
-8138
928
-8139
922
-8140
915
-8141
909
-8141
903
-8142
897
-8143
890
-8143
884
-8144
878
-8145
872
-8145
865
-8146
859
-8147
853
-8147
847
-8148
840
-8149
834
-8149
828
-8150
822
-8151
815
-8151
809
-8152
803
-8152
797
-8153
790
-8154
784
-8154
778
-8155
772
-8156
765
-8156
759
-8157
753
-8157
747
-8158
740
-8158
734
-8159
728
-8160
722
-8160
715
-8161
709
-8161
703
-8162
696
-8162
690
-8163
684
-8163
678
-8164
672
-8164
665
-8165
659
-8165
653
-8166
646
-8166
640
-8167
634
-8167
628
-8168
621
-8168
615
-8169
609
-8169
603
-8170
596
-8170
590
-8171
584
-8171
578
-8172
571
-8172
565
-8172
559
-8173
552
-8173
546
-8174
540
-8174
534
-8174
527
-8175
521
-8175
515
-8176
508
-8176
502
-8176
496
-8177
490
-8177
484
-8178
477
-8178
471
-8178
465
-8179
458
-8179
452
-8180
446
-8180
440
-8180
433
-8180
427
-8181
421
-8181
414
-8182
408
-8182
402
-8182
396
-8182
389
-8183
383
-8183
377
-8183
370
-8184
364
-8184
358
-8184
352
-8184
345
-8185
339
-8185
333
-8185
327
-8185
320
-8186
314
-8186
308
-8186
302
-8186
295
-8187
289
-8187
283
-8187
276
-8187
270
-8188
264
-8188
258
-8188
251
-8188
245
-8188
239
-8188
232
-8189
226
-8189
220
-8189
214
-8189
207
-8189
201
-8190
195
-8190
188
-8190
182
-8190
176
-8190
170
-8190
163
-8190
157
-8190
151
-8190
144
-8191
138
-8191
132
-8191
126
-8191
119
-8191
113
-8191
107
-8191
100
-8191
94
-8191
88
-8192
82
-8192
75
-8192
69
-8192
63
-8192
56
-8192
50
-8192
44
-8192
38
-8192
31
-8192
25
-8192
19
-8192
12
-8192
6
-8192
0
-8192
-6
-8192
-12
-8192
-19
-8192
-25
-8192
-31
-8192
-38
-8192
-44
-8192
-50
-8192
-56
-8192
-63
-8192
-69
-8192
-75
-8192
-82
-8192
-88
-8192
-94
-8191
-100
-8191
-107
-8191
-113
-8191
-119
-8191
-126
-8191
-132
-8191
-138
-8191
-144
-8191
-151
-8190
-157
-8190
-163
-8190
-170
-8190
-176
-8190
-182
-8190
-188
-8190
-195
-8190
-201
-8190
-207
-8189
-214
-8189
-220
-8189
-226
-8189
-232
-8189
-239
-8188
-245
-8188
-251
-8188
-258
-8188
-264
-8188
-270
-8188
-276
-8187
-283
-8187
-289
-8187
-295
-8187
-302
-8186
-308
-8186
-314
-8186
-320
-8186
-327
-8185
-333
-8185
-339
-8185
-345
-8185
-352
-8184
-358
-8184
-364
-8184
-370
-8184
-377
-8183
-383
-8183
-389
-8183
-396
-8182
-402
-8182
-408
-8182
-414
-8182
-421
-8181
-427
-8181
-433
-8180
-440
-8180
-446
-8180
-452
-8180
-458
-8179
-465
-8179
-471
-8178
-477
-8178
-484
-8178
-490
-8177
-496
-8177
-502
-8176
-508
-8176
-515
-8176
-521
-8175
-527
-8175
-534
-8174
-540
-8174
-546
-8174
-552
-8173
-559
-8173
-565
-8172
-571
-8172
-578
-8172
-584
-8171
-590
-8171
-596
-8170
-603
-8170
-609
-8169
-615
-8169
-621
-8168
-628
-8168
-634
-8167
-640
-8167
-646
-8166
-653
-8166
-659
-8165
-665
-8165
-672
-8164
-678
-8164
-684
-8163
-690
-8163
-696
-8162
-703
-8162
-709
-8161
-715
-8161
-722
-8160
-728
-8160
-734
-8159
-740
-8158
-747
-8158
-753
-8157
-759
-8157
-765
-8156
-772
-8156
-778
-8155
-784
-8154
-790
-8154
-797
-8153
-803
-8152
-809
-8152
-815
-8151
-822
-8151
-828
-8150
-834
-8149
-840
-8149
-847
-8148
-853
-8147
-859
-8147
-865
-8146
-872
-8145
-878
-8145
-884
-8144
-890
-8143
-897
-8143
-903
-8142
-909
-8141
-915
-8141
-922
-8140
-928
-8139
-934
-8138
-940
-8138
-947
-8137
-953
-8136
-959
-8136
-965
-8135
-972
-8134
-978
-8133
-984
-8133
-990
-8132
-996
-8131
-1003
-8130
-1009
-8130
-1015
-8129
-1021
-8128
-1028
-8127
-1034
-8126
-1040
-8126
-1046
-8125
-1053
-8124
-1059
-8123
-1065
-8122
-1071
-8122
-1078
-8121
-1084
-8120
-1090
-8119
-1096
-8118
-1102
-8117
-1109
-8117
-1115
-8116
-1121
-8115
-1127
-8114
-1134
-8113
-1140
-8112
-1146
-8111
-1152
-8110
-1158
-8110
-1165
-8109
-1171
-8108
-1177
-8107
-1183
-8106
-1190
-8105
-1196
-8104
-1202
-8103
-1208
-8102
-1214
-8101
-1221
-8100
-1227
-8100
-1233
-8099
-1239
-8098
-1246
-8097
-1252
-8096
-1258
-8095
-1264
-8094
-1270
-8093
-1276
-8092
-1283
-8091
-1289
-8090
-1295
-8089
-1301
-8088
-1308
-8087
-1314
-8086
-1320
-8085
-1326
-8084
-1332
-8083
-1338
-8082
-1345
-8081
-1351
-8080
-1357
-8079
-1363
-8078
-1370
-8077
-1376
-8076
-1382
-8074
-1388
-8074
-1394
-8072
-1400
-8071
-1407
-8070
-1413
-8069
-1419
-8068
-1425
-8067
-1431
-8066
-1438
-8065
-1444
-8064
-1450
-8063
-1456
-8062
-1462
-8060
-1468
-8059
-1475
-8058
-1481
-8057
-1487
-8056
-1493
-8055
-1499
-8054
-1506
-8052
-1512
-8051
-1518
-8050
-1524
-8049
-1530
-8048
-1536
-8046
-1543
-8045
-1549
-8044
-1555
-8043
-1561
-8042
-1567
-8041
-1574
-8039
-1580
-8038
-1586
-8037
-1592
-8036
-1598
-8034
-1604
-8033
-1610
-8032
-1617
-8031
-1623
-8030
-1629
-8028
-1635
-8027
-1641
-8026
-1647
-8025
-1654
-8023
-1660
-8022
-1666
-8021
-1672
-8020
-1678
-8018
-1684
-8017
-1690
-8016
-1697
-8014
-1703
-8013
-1709
-8012
-1715
-8010
-1721
-8009
-1727
-8008
-1734
-8006
-1740
-8005
-1746
-8004
-1752
-8002
-1758
-8001
-1764
-8000
-1770
-7998
-1776
-7997
-1782
-7996
-1789
-7994
-1795
-7993
-1801
-7992
-1807
-7990
-1813
-7989
-1819
-7987
-1826
-7986
-1832
-7984
-1838
-7983
-1844
-7982
-1850
-7980
-1856
-7979
-1862
-7978
-1868
-7976
-1874
-7975
-1880
-7973
-1887
-7972
-1893
-7970
-1899
-7969
-1905
-7967
-1911
-7966
-1917
-7964
-1923
-7963
-1929
-7962
-1936
-7960
-1942
-7958
-1948
-7957
-1954
-7956
-1960
-7954
-1966
-7952
-1972
-7951
-1978
-7950
-1984
-7948
-1990
-7946
-1996
-7945
-2003
-7943
-2009
-7942
-2015
-7940
-2021
-7939
-2027
-7937
-2033
-7936
-2039
-7934
-2045
-7932
-2051
-7931
-2057
-7929
-2064
-7928
-2070
-7926
-2076
-7925
-2082
-7923
-2088
-7921
-2094
-7920
-2100
-7918
-2106
-7917
-2112
-7915
-2118
-7913
-2124
-7912
-2130
-7910
-2136
-7908
-2142
-7907
-2148
-7905
-2154
-7904
-2161
-7902
-2167
-7900
-2173
-7898
-2179
-7897
-2185
-7895
-2191
-7894
-2197
-7892
-2203
-7890
-2209
-7888
-2215
-7887
-2221
-7885
-2227
-7883
-2233
-7882
-2239
-7880
-2245
-7878
-2251
-7876
-2257
-7875
-2264
-7873
-2270
-7871
-2276
-7870
-2282
-7868
-2288
-7866
-2294
-7864
-2300
-7862
-2306
-7861
-2312
-7859
-2318
-7857
-2324
-7855
-2330
-7854
-2336
-7852
-2342
-7850
-2348
-7848
-2354
-7846
-2360
-7845
-2366
-7843
-2372
-7841
-2378
-7839
-2384
-7837
-2390
-7836
-2396
-7834
-2402
-7832
-2408
-7830
-2414
-7828
-2420
-7826
-2426
-7824
-2432
-7823
-2438
-7821
-2444
-7819
-2450
-7817
-2456
-7815
-2462
-7813
-2468
-7811
-2474
-7809
-2480
-7808
-2486
-7806
-2492
-7804
-2498
-7802
-2504
-7800
-2510
-7798
-2516
-7796
-2522
-7794
-2528
-7792
-2534
-7790
-2540
-7788
-2546
-7786
-2552
-7784
-2558
-7782
-2564
-7780
-2570
-7778
-2576
-7776
-2582
-7774
-2588
-7772
-2594
-7770
-2599
-7768
-2605
-7767
-2611
-7765
-2617
-7762
-2623
-7760
-2629
-7758
-2635
-7756
-2641
-7754
-2647
-7752
-2653
-7750
-2659
-7748
-2665
-7746
-2671
-7744
-2677
-7742
-2683
-7740
-2689
-7738
-2695
-7736
-2700
-7734
-2706
-7732
-2712
-7730
-2718
-7728
-2724
-7726
-2730
-7724
-2736
-7722
-2742
-7719
-2748
-7717
-2754
-7715
-2760
-7713
-2766
-7711
-2772
-7709
-2778
-7707
-2783
-7705
-2789
-7702
-2795
-7700
-2801
-7698
-2807
-7696
-2813
-7694
-2819
-7692
-2825
-7690
-2831
-7687
-2836
-7685
-2842
-7683
-2848
-7681
-2854
-7679
-2860
-7676
-2866
-7674
-2872
-7672
-2878
-7670
-2884
-7668
-2890
-7665
-2895
-7663
-2901
-7661
-2907
-7659
-2913
-7656
-2919
-7654
-2925
-7652
-2931
-7650
-2936
-7648
-2942
-7645
-2948
-7643
-2954
-7641
-2960
-7638
-2966
-7636
-2972
-7634
-2978
-7632
-2983
-7629
-2989
-7627
-2995
-7625
-3001
-7622
-3007
-7620
-3013
-7618
-3018
-7616
-3024
-7613
-3030
-7611
-3036
-7609
-3042
-7606
-3048
-7604
-3053
-7602
-3059
-7599
-3065
-7597
-3071
-7594
-3077
-7592
-3082
-7590
-3088
-7588
-3094
-7585
-3100
-7583
-3106
-7580
-3112
-7578
-3118
-7576
-3123
-7573
-3129
-7571
-3135
-7568
-3141
-7566
-3146
-7564
-3152
-7561
-3158
-7559
-3164
-7556
-3170
-7554
-3176
-7551
-3181
-7549
-3187
-7546
-3193
-7544
-3199
-7542
-3204
-7539
-3210
-7537
-3216
-7534
-3222
-7532
-3228
-7529
-3233
-7527
-3239
-7524
-3245
-7522
-3251
-7519
-3256
-7517
-3262
-7514
-3268
-7512
-3274
-7509
-3279
-7507
-3285
-7504
-3291
-7502
-3297
-7499
-3302
-7497
-3308
-7494
-3314
-7492
-3320
-7489
-3325
-7487
-3331
-7484
-3337
-7482
-3343
-7479
-3348
-7476
-3354
-7474
-3360
-7471
-3366
-7469
-3371
-7466
-3377
-7464
-3383
-7461
-3388
-7458
-3394
-7456
-3400
-7453
-3406
-7450
-3411
-7448
-3417
-7445
-3423
-7443
-3428
-7440
-3434
-7437
-3440
-7435
-3446
-7432
-3451
-7429
-3457
-7427
-3463
-7424
-3468
-7422
-3474
-7419
-3480
-7416
-3485
-7414
-3491
-7411
-3497
-7408
-3502
-7405
-3508
-7403
-3514
-7400
-3520
-7397
-3525
-7395
-3531
-7392
-3536
-7389
-3542
-7386
-3548
-7384
-3554
-7381
-3559
-7378
-3565
-7376
-3570
-7373
-3576
-7370
-3582
-7367
-3587
-7365
-3593
-7362
-3599
-7359
-3604
-7356
-3610
-7354
-3616
-7351
-3621
-7348
-3627
-7345
-3632
-7342
-3638
-7340
-3644
-7337
-3650
-7334
-3655
-7331
-3661
-7328
-3666
-7326
-3672
-7323
-3678
-7320
-3683
-7317
-3689
-7314
-3694
-7312
-3700
-7309
-3706
-7306
-3711
-7303
-3717
-7300
-3722
-7297
-3728
-7294
-3734
-7292
-3739
-7289
-3745
-7286
-3750
-7283
-3756
-7280
-3762
-7277
-3767
-7274
-3773
-7272
-3778
-7269
-3784
-7266
-3789
-7263
-3795
-7260
-3800
-7257
-3806
-7254
-3812
-7251
-3817
-7248
-3823
-7245
-3828
-7242
-3834
-7239
-3839
-7236
-3845
-7234
-3850
-7230
-3856
-7228
-3862
-7225
-3867
-7222
-3873
-7219
-3878
-7216
-3884
-7213
-3889
-7210
-3895
-7207
-3900
-7204
-3906
-7201
-3911
-7198
-3917
-7195
-3922
-7192
-3928
-7189
-3934
-7186
-3939
-7183
-3944
-7180
-3950
-7177
-3956
-7174
-3961
-7171
-3966
-7168
-3972
-7164
-3978
-7162
-3983
-7158
-3988
-7155
-3994
-7152
-3999
-7149
-4005
-7146
-4010
-7143
-4016
-7140
-4021
-7137
-4027
-7134
-4032
-7131
-4038
-7128
-4043
-7125
-4049
-7122
-4054
-7118
-4060
-7115
-4065
-7112
-4070
-7109
-4076
-7106
-4081
-7103
-4087
-7100
-4092
-7096
-4098
-7093
-4103
-7090
-4109
-7087
-4114
-7084
-4120
-7081
-4125
-7078
-4130
-7074
-4136
-7071
-4141
-7068
-4147
-7065
-4152
-7062
-4158
-7058
-4163
-7055
-4168
-7052
-4174
-7049
-4179
-7046
-4184
-7042
-4190
-7039
-4195
-7036
-4201
-7033
-4206
-7030
-4212
-7026
-4217
-7023
-4222
-7020
-4228
-7017
-4233
-7014
-4238
-7010
-4244
-7007
-4249
-7004
-4254
-7000
-4260
-6997
-4265
-6994
-4271
-6991
-4276
-6987
-4281
-6984
-4287
-6981
-4292
-6978
-4297
-6974
-4303
-6971
-4308
-6968
-4313
-6964
-4319
-6961
-4324
-6958
-4329
-6954
-4335
-6951
-4340
-6948
-4345
-6944
-4351
-6941
-4356
-6938
-4361
-6934
-4367
-6931
-4372
-6928
-4377
-6924
-4383
-6921
-4388
-6918
-4393
-6914
-4398
-6911
-4404
-6908
-4409
-6904
-4414
-6901
-4420
-6897
-4425
-6894
-4430
-6890
-4436
-6887
-4441
-6884
-4446
-6880
-4451
-6877
-4457
-6874
-4462
-6870
-4467
-6867
-4472
-6863
-4478
-6860
-4483
-6856
-4488
-6853
-4494
-6850
-4499
-6846
-4504
-6843
-4509
-6839
-4514
-6836
-4520
-6832
-4525
-6829
-4530
-6825
-4536
-6822
-4541
-6818
-4546
-6815
-4551
-6811
-4556
-6808
-4562
-6804
-4567
-6801
-4572
-6797
-4577
-6794
-4582
-6790
-4588
-6787
-4593
-6783
-4598
-6780
-4603
-6776
-4608
-6773
-4614
-6769
-4619
-6766
-4624
-6762
-4629
-6758
-4634
-6755
-4640
-6751
-4645
-6748
-4650
-6744
-4655
-6741
-4660
-6737
-4666
-6734
-4671
-6730
-4676
-6726
-4681
-6723
-4686
-6719
-4691
-6716
-4696
-6712
-4702
-6708
-4707
-6705
-4712
-6701
-4717
-6698
-4722
-6694
-4727
-6690
-4732
-6687
-4738
-6683
-4743
-6680
-4748
-6676
-4753
-6672
-4758
-6668
-4763
-6665
-4768
-6661
-4773
-6658
-4778
-6654
-4784
-6650
-4789
-6646
-4794
-6643
-4799
-6639
-4804
-6636
-4809
-6632
-4814
-6628
-4819
-6624
-4824
-6621
-4829
-6617
-4834
-6613
-4840
-6610
-4844
-6606
-4850
-6602
-4855
-6598
-4860
-6595
-4865
-6591
-4870
-6587
-4875
-6584
-4880
-6580
-4885
-6576
-4890
-6572
-4895
-6569
-4900
-6565
-4905
-6561
-4910
-6557
-4915
-6554
-4920
-6550
-4925
-6546
-4930
-6542
-4935
-6538
-4940
-6535
-4945
-6531
-4950
-6527
-4955
-6523
-4960
-6519
-4965
-6516
-4970
-6512
-4975
-6508
-4980
-6504
-4985
-6500
-4990
-6496
-4995
-6493
-5000
-6489
-5005
-6485
-5010
-6481
-5015
-6477
-5020
-6474
-5025
-6470
-5030
-6466
-5035
-6462
-5040
-6458
-5045
-6454
-5050
-6450
-5055
-6446
-5060
-6443
-5065
-6439
-5070
-6435
-5074
-6431
-5080
-6427
-5084
-6423
-5089
-6419
-5094
-6415
-5099
-6411
-5104
-6408
-5109
-6404
-5114
-6400
-5119
-6396
-5124
-6392
-5129
-6388
-5134
-6384
-5138
-6380
-5143
-6376
-5148
-6372
-5153
-6368
-5158
-6364
-5163
-6360
-5168
-6356
-5173
-6352
-5177
-6348
-5182
-6344
-5187
-6340
-5192
-6336
-5197
-6332
-5202
-6328
-5207
-6324
-5212
-6320
-5216
-6316
-5221
-6312
-5226
-6308
-5231
-6304
-5236
-6300
-5240
-6296
-5245
-6292
-5250
-6288
-5255
-6284
-5260
-6280
-5265
-6276
-5269
-6272
-5274
-6268
-5279
-6264
-5284
-6260
-5289
-6256
-5293
-6252
-5298
-6248
-5303
-6244
-5308
-6240
-5313
-6236
-5317
-6232
-5322
-6228
-5327
-6224
-5332
-6219
-5336
-6215
-5341
-6211
-5346
-6207
-5351
-6203
-5356
-6199
-5360
-6195
-5365
-6191
-5370
-6186
-5374
-6182
-5379
-6178
-5384
-6174
-5389
-6170
-5393
-6166
-5398
-6162
-5403
-6158
-5408
-6154
-5412
-6149
-5417
-6145
-5422
-6141
-5426
-6137
-5431
-6133
-5436
-6128
-5440
-6124
-5445
-6120
-5450
-6116
-5455
-6112
-5459
-6108
-5464
-6104
-5469
-6099
-5473
-6095
-5478
-6091
-5483
-6087
-5487
-6082
-5492
-6078
-5497
-6074
-5501
-6070
-5506
-6066
-5511
-6061
-5515
-6057
-5520
-6053
-5525
-6049
-5529
-6044
-5534
-6040
-5538
-6036
-5543
-6032
-5548
-6027
-5552
-6023
-5557
-6019
-5562
-6015
-5566
-6010
-5571
-6006
-5575
-6002
-5580
-5998
-5585
-5993
-5589
-5989
-5594
-5985
-5598
-5980
-5603
-5976
-5608
-5972
-5612
-5968
-5617
-5963
-5621
-5959
-5626
-5955
-5630
-5950
-5635
-5946
-5640
-5942
-5644
-5937
-5649
-5933
-5653
-5929
-5658
-5924
-5662
-5920
-5667
-5916
-5671
-5911
-5676
-5907
-5680
-5902
-5685
-5898
-5690
-5894
-5694
-5890
-5698
-5885
-5703
-5881
-5708
-5876
-5712
-5872
-5716
-5868
-5721
-5863
-5726
-5859
-5730
-5854
-5734
-5850
-5739
-5846
-5744
-5841
-5748
-5837
-5752
-5832
-5757
-5828
-5761
-5824
-5766
-5819
-5770
-5815
-5775
-5810
-5779
-5806
-5784
-5801
-5788
-5797
-5792
-5792
-5797
-5788
-5801
-5784
-5806
-5779
-5810
-5775
-5815
-5770
-5819
-5766
-5824
-5761
-5828
-5757
-5832
-5752
-5837
-5748
-5841
-5744
-5846
-5739
-5850
-5734
-5854
-5730
-5859
-5726
-5863
-5721
-5868
-5716
-5872
-5712
-5876
-5708
-5881
-5703
-5885
-5698
-5890
-5694
-5894
-5690
-5898
-5685
-5902
-5680
-5907
-5676
-5911
-5671
-5916
-5667
-5920
-5662
-5924
-5658
-5929
-5653
-5933
-5649
-5937
-5644
-5942
-5640
-5946
-5635
-5950
-5630
-5955
-5626
-5959
-5621
-5963
-5617
-5968
-5612
-5972
-5608
-5976
-5603
-5980
-5598
-5985
-5594
-5989
-5589
-5993
-5585
-5998
-5580
-6002
-5575
-6006
-5571
-6010
-5566
-6015
-5562
-6019
-5557
-6023
-5552
-6027
-5548
-6032
-5543
-6036
-5538
-6040
-5534
-6044
-5529
-6049
-5525
-6053
-5520
-6057
-5515
-6061
-5511
-6066
-5506
-6070
-5501
-6074
-5497
-6078
-5492
-6082
-5487
-6087
-5483
-6091
-5478
-6095
-5473
-6099
-5469
-6104
-5464
-6108
-5459
-6112
-5455
-6116
-5450
-6120
-5445
-6124
-5440
-6128
-5436
-6133
-5431
-6137
-5426
-6141
-5422
-6145
-5417
-6149
-5412
-6154
-5408
-6158
-5403
-6162
-5398
-6166
-5393
-6170
-5389
-6174
-5384
-6178
-5379
-6182
-5374
-6186
-5370
-6191
-5365
-6195
-5360
-6199
-5356
-6203
-5351
-6207
-5346
-6211
-5341
-6215
-5336
-6219
-5332
-6224
-5327
-6228
-5322
-6232
-5317
-6236
-5313
-6240
-5308
-6244
-5303
-6248
-5298
-6252
-5293
-6256
-5289
-6260
-5284
-6264
-5279
-6268
-5274
-6272
-5269
-6276
-5265
-6280
-5260
-6284
-5255
-6288
-5250
-6292
-5245
-6296
-5240
-6300
-5236
-6304
-5231
-6308
-5226
-6312
-5221
-6316
-5216
-6320
-5212
-6324
-5207
-6328
-5202
-6332
-5197
-6336
-5192
-6340
-5187
-6344
-5182
-6348
-5177
-6352
-5173
-6356
-5168
-6360
-5163
-6364
-5158
-6368
-5153
-6372
-5148
-6376
-5143
-6380
-5138
-6384
-5134
-6388
-5129
-6392
-5124
-6396
-5119
-6400
-5114
-6404
-5109
-6408
-5104
-6411
-5099
-6415
-5094
-6419
-5089
-6423
-5084
-6427
-5080
-6431
-5074
-6435
-5070
-6439
-5065
-6443
-5060
-6446
-5055
-6450
-5050
-6454
-5045
-6458
-5040
-6462
-5035
-6466
-5030
-6470
-5025
-6474
-5020
-6477
-5015
-6481
-5010
-6485
-5005
-6489
-5000
-6493
-4995
-6496
-4990
-6500
-4985
-6504
-4980
-6508
-4975
-6512
-4970
-6516
-4965
-6519
-4960
-6523
-4955
-6527
-4950
-6531
-4945
-6535
-4940
-6538
-4935
-6542
-4930
-6546
-4925
-6550
-4920
-6554
-4915
-6557
-4910
-6561
-4905
-6565
-4900
-6569
-4895
-6572
-4890
-6576
-4885
-6580
-4880
-6584
-4875
-6587
-4870
-6591
-4865
-6595
-4860
-6598
-4855
-6602
-4850
-6606
-4844
-6610
-4840
-6613
-4834
-6617
-4829
-6621
-4824
-6624
-4819
-6628
-4814
-6632
-4809
-6636
-4804
-6639
-4799
-6643
-4794
-6646
-4789
-6650
-4784
-6654
-4778
-6658
-4773
-6661
-4768
-6665
-4763
-6668
-4758
-6672
-4753
-6676
-4748
-6680
-4743
-6683
-4738
-6687
-4732
-6690
-4727
-6694
-4722
-6698
-4717
-6701
-4712
-6705
-4707
-6708
-4702
-6712
-4696
-6716
-4691
-6719
-4686
-6723
-4681
-6726
-4676
-6730
-4671
-6734
-4666
-6737
-4660
-6741
-4655
-6744
-4650
-6748
-4645
-6751
-4640
-6755
-4634
-6758
-4629
-6762
-4624
-6766
-4619
-6769
-4614
-6773
-4608
-6776
-4603
-6780
-4598
-6783
-4593
-6787
-4588
-6790
-4582
-6794
-4577
-6797
-4572
-6801
-4567
-6804
-4562
-6808
-4556
-6811
-4551
-6815
-4546
-6818
-4541
-6822
-4536
-6825
-4530
-6829
-4525
-6832
-4520
-6836
-4514
-6839
-4509
-6843
-4504
-6846
-4499
-6850
-4494
-6853
-4488
-6856
-4483
-6860
-4478
-6863
-4472
-6867
-4467
-6870
-4462
-6874
-4457
-6877
-4451
-6880
-4446
-6884
-4441
-6887
-4436
-6890
-4430
-6894
-4425
-6897
-4420
-6901
-4414
-6904
-4409
-6908
-4404
-6911
-4398
-6914
-4393
-6918
-4388
-6921
-4383
-6924
-4377
-6928
-4372
-6931
-4367
-6934
-4361
-6938
-4356
-6941
-4351
-6944
-4345
-6948
-4340
-6951
-4335
-6954
-4329
-6958
-4324
-6961
-4319
-6964
-4313
-6968
-4308
-6971
-4303
-6974
-4297
-6978
-4292
-6981
-4287
-6984
-4281
-6987
-4276
-6991
-4271
-6994
-4265
-6997
-4260
-7000
-4254
-7004
-4249
-7007
-4244
-7010
-4238
-7014
-4233
-7017
-4228
-7020
-4222
-7023
-4217
-7026
-4212
-7030
-4206
-7033
-4201
-7036
-4195
-7039
-4190
-7042
-4184
-7046
-4179
-7049
-4174
-7052
-4168
-7055
-4163
-7058
-4158
-7062
-4152
-7065
-4147
-7068
-4141
-7071
-4136
-7074
-4130
-7078
-4125
-7081
-4120
-7084
-4114
-7087
-4109
-7090
-4103
-7093
-4098
-7096
-4092
-7100
-4087
-7103
-4081
-7106
-4076
-7109
-4070
-7112
-4065
-7115
-4060
-7118
-4054
-7122
-4049
-7125
-4043
-7128
-4038
-7131
-4032
-7134
-4027
-7137
-4021
-7140
-4016
-7143
-4010
-7146
-4005
-7149
-3999
-7152
-3994
-7155
-3988
-7158
-3983
-7162
-3978
-7164
-3972
-7168
-3966
-7171
-3961
-7174
-3956
-7177
-3950
-7180
-3944
-7183
-3939
-7186
-3934
-7189
-3928
-7192
-3922
-7195
-3917
-7198
-3911
-7201
-3906
-7204
-3900
-7207
-3895
-7210
-3889
-7213
-3884
-7216
-3878
-7219
-3873
-7222
-3867
-7225
-3862
-7228
-3856
-7230
-3850
-7234
-3845
-7236
-3839
-7239
-3834
-7242
-3828
-7245
-3823
-7248
-3817
-7251
-3812
-7254
-3806
-7257
-3800
-7260
-3795
-7263
-3789
-7266
-3784
-7269
-3778
-7272
-3773
-7274
-3767
-7277
-3762
-7280
-3756
-7283
-3750
-7286
-3745
-7289
-3739
-7292
-3734
-7294
-3728
-7297
-3722
-7300
-3717
-7303
-3711
-7306
-3706
-7309
-3700
-7312
-3694
-7314
-3689
-7317
-3683
-7320
-3678
-7323
-3672
-7326
-3666
-7328
-3661
-7331
-3655
-7334
-3650
-7337
-3644
-7340
-3638
-7342
-3632
-7345
-3627
-7348
-3621
-7351
-3616
-7354
-3610
-7356
-3604
-7359
-3599
-7362
-3593
-7365
-3587
-7367
-3582
-7370
-3576
-7373
-3570
-7376
-3565
-7378
-3559
-7381
-3554
-7384
-3548
-7386
-3542
-7389
-3536
-7392
-3531
-7395
-3525
-7397
-3520
-7400
-3514
-7403
-3508
-7405
-3502
-7408
-3497
-7411
-3491
-7414
-3485
-7416
-3480
-7419
-3474
-7422
-3468
-7424
-3463
-7427
-3457
-7429
-3451
-7432
-3446
-7435
-3440
-7437
-3434
-7440
-3428
-7443
-3423
-7445
-3417
-7448
-3411
-7450
-3406
-7453
-3400
-7456
-3394
-7458
-3388
-7461
-3383
-7464
-3377
-7466
-3371
-7469
-3366
-7471
-3360
-7474
-3354
-7476
-3348
-7479
-3343
-7482
-3337
-7484
-3331
-7487
-3325
-7489
-3320
-7492
-3314
-7494
-3308
-7497
-3302
-7499
-3297
-7502
-3291
-7504
-3285
-7507
-3279
-7509
-3274
-7512
-3268
-7514
-3262
-7517
-3256
-7519
-3251
-7522
-3245
-7524
-3239
-7527
-3233
-7529
-3228
-7532
-3222
-7534
-3216
-7537
-3210
-7539
-3204
-7542
-3199
-7544
-3193
-7546
-3187
-7549
-3181
-7551
-3176
-7554
-3170
-7556
-3164
-7559
-3158
-7561
-3152
-7564
-3146
-7566
-3141
-7568
-3135
-7571
-3129
-7573
-3123
-7576
-3118
-7578
-3112
-7580
-3106
-7583
-3100
-7585
-3094
-7588
-3088
-7590
-3082
-7592
-3077
-7594
-3071
-7597
-3065
-7599
-3059
-7602
-3053
-7604
-3048
-7606
-3042
-7609
-3036
-7611
-3030
-7613
-3024
-7616
-3018
-7618
-3013
-7620
-3007
-7622
-3001
-7625
-2995
-7627
-2989
-7629
-2983
-7632
-2978
-7634
-2972
-7636
-2966
-7638
-2960
-7641
-2954
-7643
-2948
-7645
-2942
-7648
-2936
-7650
-2931
-7652
-2925
-7654
-2919
-7656
-2913
-7659
-2907
-7661
-2901
-7663
-2895
-7665
-2890
-7668
-2884
-7670
-2878
-7672
-2872
-7674
-2866
-7676
-2860
-7679
-2854
-7681
-2848
-7683
-2842
-7685
-2836
-7687
-2831
-7690
-2825
-7692
-2819
-7694
-2813
-7696
-2807
-7698
-2801
-7700
-2795
-7702
-2789
-7705
-2783
-7707
-2778
-7709
-2772
-7711
-2766
-7713
-2760
-7715
-2754
-7717
-2748
-7719
-2742
-7722
-2736
-7724
-2730
-7726
-2724
-7728
-2718
-7730
-2712
-7732
-2706
-7734
-2700
-7736
-2695
-7738
-2689
-7740
-2683
-7742
-2677
-7744
-2671
-7746
-2665
-7748
-2659
-7750
-2653
-7752
-2647
-7754
-2641
-7756
-2635
-7758
-2629
-7760
-2623
-7762
-2617
-7765
-2611
-7767
-2605
-7768
-2599
-7770
-2594
-7772
-2588
-7774
-2582
-7776
-2576
-7778
-2570
-7780
-2564
-7782
-2558
-7784
-2552
-7786
-2546
-7788
-2540
-7790
-2534
-7792
-2528
-7794
-2522
-7796
-2516
-7798
-2510
-7800
-2504
-7802
-2498
-7804
-2492
-7806
-2486
-7808
-2480
-7809
-2474
-7811
-2468
-7813
-2462
-7815
-2456
-7817
-2450
-7819
-2444
-7821
-2438
-7823
-2432
-7824
-2426
-7826
-2420
-7828
-2414
-7830
-2408
-7832
-2402
-7834
-2396
-7836
-2390
-7837
-2384
-7839
-2378
-7841
-2372
-7843
-2366
-7845
-2360
-7846
-2354
-7848
-2348
-7850
-2342
-7852
-2336
-7854
-2330
-7855
-2324
-7857
-2318
-7859
-2312
-7861
-2306
-7862
-2300
-7864
-2294
-7866
-2288
-7868
-2282
-7870
-2276
-7871
-2270
-7873
-2264
-7875
-2257
-7876
-2251
-7878
-2245
-7880
-2239
-7882
-2233
-7883
-2227
-7885
-2221
-7887
-2215
-7888
-2209
-7890
-2203
-7892
-2197
-7894
-2191
-7895
-2185
-7897
-2179
-7898
-2173
-7900
-2167
-7902
-2161
-7904
-2154
-7905
-2148
-7907
-2142
-7908
-2136
-7910
-2130
-7912
-2124
-7913
-2118
-7915
-2112
-7917
-2106
-7918
-2100
-7920
-2094
-7921
-2088
-7923
-2082
-7925
-2076
-7926
-2070
-7928
-2064
-7929
-2057
-7931
-2051
-7932
-2045
-7934
-2039
-7936
-2033
-7937
-2027
-7939
-2021
-7940
-2015
-7942
-2009
-7943
-2003
-7945
-1996
-7946
-1990
-7948
-1984
-7950
-1978
-7951
-1972
-7952
-1966
-7954
-1960
-7956
-1954
-7957
-1948
-7958
-1942
-7960
-1936
-7962
-1929
-7963
-1923
-7964
-1917
-7966
-1911
-7967
-1905
-7969
-1899
-7970
-1893
-7972
-1887
-7973
-1880
-7975
-1874
-7976
-1868
-7978
-1862
-7979
-1856
-7980
-1850
-7982
-1844
-7983
-1838
-7984
-1832
-7986
-1826
-7987
-1819
-7989
-1813
-7990
-1807
-7992
-1801
-7993
-1795
-7994
-1789
-7996
-1782
-7997
-1776
-7998
-1770
-8000
-1764
-8001
-1758
-8002
-1752
-8004
-1746
-8005
-1740
-8006
-1734
-8008
-1727
-8009
-1721
-8010
-1715
-8012
-1709
-8013
-1703
-8014
-1697
-8016
-1690
-8017
-1684
-8018
-1678
-8020
-1672
-8021
-1666
-8022
-1660
-8023
-1654
-8025
-1647
-8026
-1641
-8027
-1635
-8028
-1629
-8030
-1623
-8031
-1617
-8032
-1610
-8033
-1604
-8034
-1598
-8036
-1592
-8037
-1586
-8038
-1580
-8039
-1574
-8041
-1567
-8042
-1561
-8043
-1555
-8044
-1549
-8045
-1543
-8046
-1536
-8048
-1530
-8049
-1524
-8050
-1518
-8051
-1512
-8052
-1506
-8054
-1499
-8055
-1493
-8056
-1487
-8057
-1481
-8058
-1475
-8059
-1468
-8060
-1462
-8062
-1456
-8063
-1450
-8064
-1444
-8065
-1438
-8066
-1431
-8067
-1425
-8068
-1419
-8069
-1413
-8070
-1407
-8071
-1400
-8072
-1394
-8074
-1388
-8074
-1382
-8076
-1376
-8077
-1370
-8078
-1363
-8079
-1357
-8080
-1351
-8081
-1345
-8082
-1338
-8083
-1332
-8084
-1326
-8085
-1320
-8086
-1314
-8087
-1308
-8088
-1301
-8089
-1295
-8090
-1289
-8091
-1283
-8092
-1276
-8093
-1270
-8094
-1264
-8095
-1258
-8096
-1252
-8097
-1246
-8098
-1239
-8099
-1233
-8100
-1227
-8100
-1221
-8101
-1214
-8102
-1208
-8103
-1202
-8104
-1196
-8105
-1190
-8106
-1183
-8107
-1177
-8108
-1171
-8109
-1165
-8110
-1158
-8110
-1152
-8111
-1146
-8112
-1140
-8113
-1134
-8114
-1127
-8115
-1121
-8116
-1115
-8117
-1109
-8117
-1102
-8118
-1096
-8119
-1090
-8120
-1084
-8121
-1078
-8122
-1071
-8122
-1065
-8123
-1059
-8124
-1053
-8125
-1046
-8126
-1040
-8126
-1034
-8127
-1028
-8128
-1021
-8129
-1015
-8130
-1009
-8130
-1003
-8131
-996
-8132
-990
-8133
-984
-8133
-978
-8134
-972
-8135
-965
-8136
-959
-8136
-953
-8137
-947
-8138
-940
-8138
-934
-8139
-928
-8140
-922
-8141
-915
-8141
-909
-8142
-903
-8143
-897
-8143
-890
-8144
-884
-8145
-878
-8145
-872
-8146
-865
-8147
-859
-8147
-853
-8148
-847
-8149
-840
-8149
-834
-8150
-828
-8151
-822
-8151
-815
-8152
-809
-8152
-803
-8153
-797
-8154
-790
-8154
-784
-8155
-778
-8156
-772
-8156
-765
-8157
-759
-8157
-753
-8158
-747
-8158
-740
-8159
-734
-8160
-728
-8160
-722
-8161
-715
-8161
-709
-8162
-703
-8162
-696
-8163
-690
-8163
-684
-8164
-678
-8164
-672
-8165
-665
-8165
-659
-8166
-653
-8166
-646
-8167
-640
-8167
-634
-8168
-628
-8168
-621
-8169
-615
-8169
-609
-8170
-603
-8170
-596
-8171
-590
-8171
-584
-8172
-578
-8172
-571
-8172
-565
-8173
-559
-8173
-552
-8174
-546
-8174
-540
-8174
-534
-8175
-527
-8175
-521
-8176
-515
-8176
-508
-8176
-502
-8177
-496
-8177
-490
-8178
-484
-8178
-477
-8178
-471
-8179
-465
-8179
-458
-8180
-452
-8180
-446
-8180
-440
-8180
-433
-8181
-427
-8181
-421
-8182
-414
-8182
-408
-8182
-402
-8182
-396
-8183
-389
-8183
-383
-8183
-377
-8184
-370
-8184
-364
-8184
-358
-8184
-352
-8185
-345
-8185
-339
-8185
-333
-8185
-327
-8186
-320
-8186
-314
-8186
-308
-8186
-302
-8187
-295
-8187
-289
-8187
-283
-8187
-276
-8188
-270
-8188
-264
-8188
-258
-8188
-251
-8188
-245
-8188
-239
-8189
-232
-8189
-226
-8189
-220
-8189
-214
-8189
-207
-8190
-201
-8190
-195
-8190
-188
-8190
-182
-8190
-176
-8190
-170
-8190
-163
-8190
-157
-8190
-151
-8191
-144
-8191
-138
-8191
-132
-8191
-126
-8191
-119
-8191
-113
-8191
-107
-8191
-100
-8191
-94
-8192
-88
-8192
-82
-8192
-75
-8192
-69
-8192
-63
-8192
-56
-8192
-50
-8192
-44
-8192
-38
-8192
-31
-8192
-25
-8192
-19
-8192
-12
-8192
-6
