262143
0
262143
-201
262143
-402
262143
-603
262143
-804
262142
-1005
262141
-1206
262140
-1407
262139
-1608
262138
-1810
262136
-2010
262135
-2212
262133
-2413
262131
-2614
262129
-2815
262127
-3016
262124
-3217
262122
-3418
262119
-3619
262116
-3820
262113
-4021
262110
-4222
262107
-4423
262103
-4624
262100
-4825
262096
-5026
262092
-5227
262088
-5428
262084
-5629
262079
-5830
262074
-6031
262070
-6232
262065
-6433
262060
-6634
262055
-6835
262050
-7036
262044
-7237
262038
-7438
262033
-7639
262027
-7840
262021
-8041
262014
-8242
262008
-8443
262001
-8644
261995
-8845
261988
-9046
261981
-9247
261974
-9448
261966
-9649
261959
-9850
261951
-10051
261943
-10252
261936
-10452
261927
-10653
261919
-10854
261911
-11055
261902
-11256
261894
-11457
261885
-11658
261876
-11858
261866
-12059
261857
-12260
261848
-12461
261838
-12662
261828
-12863
261818
-13064
261808
-13264
261798
-13465
261788
-13666
261777
-13867
261766
-14068
261755
-14268
261744
-14469
261733
-14670
261722
-14870
261710
-15071
261699
-15272
261687
-15473
261675
-15673
261663
-15874
261651
-16075
261638
-16276
261626
-16476
261613
-16677
261600
-16878
261587
-17078
261574
-17279
261560
-17479
261547
-17680
261533
-17880
261520
-18081
261506
-18282
261492
-18482
261477
-18683
261463
-18883
261448
-19084
261434
-19284
261419
-19485
261404
-19686
261389
-19886
261373
-20086
261358
-20287
261342
-20487
261326
-20688
261310
-20888
261294
-21089
261278
-21289
261262
-21489
261245
-21690
261228
-21890
261212
-22090
261194
-22291
261177
-22491
261160
-22692
261142
-22892
261125
-23092
261107
-23292
261089
-23493
261071
-23693
261053
-23893
261034
-24093
261016
-24294
260997
-24494
260978
-24694
260959
-24894
260940
-25094
260921
-25294
260901
-25494
260882
-25694
260862
-25895
260842
-26095
260822
-26295
260802
-26495
260781
-26695
260761
-26895
260740
-27095
260719
-27295
260698
-27495
260677
-27695
260656
-27895
260634
-28094
260612
-28294
260591
-28494
260569
-28694
260547
-28894
260524
-29094
260502
-29294
260480
-29494
260457
-29693
260434
-29893
260411
-30093
260388
-30292
260364
-30492
260341
-30692
260317
-30892
260294
-31091
260270
-31291
260246
-31490
260221
-31690
260197
-31890
260172
-32089
260148
-32289
260123
-32488
260098
-32688
260073
-32887
260048
-33087
260022
-33286
259996
-33486
259971
-33685
259945
-33884
259919
-34084
259892
-34283
259866
-34482
259840
-34682
259813
-34881
259786
-35080
259759
-35280
259732
-35479
259705
-35678
259677
-35877
259650
-36076
259622
-36275
259594
-36474
259566
-36674
259538
-36873
259509
-37072
259481
-37271
259452
-37470
259423
-37669
259394
-37868
259365
-38067
259336
-38266
259307
-38464
259277
-38663
259247
-38862
259217
-39061
259187
-39260
259157
-39459
259127
-39657
259096
-39856
259066
-40055
259035
-40254
259004
-40452
258973
-40651
258942
-40849
258910
-41048
258879
-41247
258847
-41445
258815
-41644
258783
-41842
258751
-42041
258719
-42239
258686
-42438
258654
-42636
258621
-42834
258588
-43033
258555
-43231
258522
-43429
258488
-43628
258454
-43826
258421
-44024
258387
-44222
258353
-44420
258319
-44618
258284
-44817
258250
-45015
258216
-45213
258181
-45411
258146
-45609
258111
-45807
258076
-46005
258040
-46203
258005
-46400
257969
-46598
257933
-46796
257897
-46994
257861
-47192
257825
-47390
257788
-47587
257752
-47785
257715
-47983
257678
-48180
257641
-48378
257604
-48576
257567
-48773
257529
-48971
257492
-49168
257454
-49366
257416
-49563
257378
-49761
257340
-49958
257301
-50155
257263
-50353
257224
-50550
257185
-50747
257146
-50944
257107
-51142
257068
-51339
257028
-51536
256988
-51733
256949
-51930
256909
-52127
256869
-52324
256829
-52521
256788
-52718
256748
-52915
256707
-53112
256666
-53309
256625
-53506
256584
-53703
256543
-53900
256502
-54096
256460
-54293
256418
-54490
256376
-54686
256334
-54883
256292
-55080
256250
-55276
256207
-55473
256165
-55669
256122
-55866
256079
-56062
256036
-56258
255993
-56455
255949
-56651
255906
-56847
255862
-57044
255818
-57240
255774
-57436
255730
-57632
255686
-57828
255642
-58024
255597
-58220
255552
-58416
255507
-58612
255462
-58808
255417
-59004
255372
-59200
255326
-59396
255281
-59592
255235
-59788
255189
-59983
255143
-60179
255097
-60375
255050
-60570
255004
-60766
254957
-60962
254910
-61157
254863
-61353
254816
-61548
254769
-61744
254721
-61939
254674
-62134
254626
-62330
254578
-62525
254530
-62720
254482
-62915
254434
-63110
254385
-63306
254337
-63501
254288
-63696
254239
-63891
254190
-64086
254141
-64281
254091
-64476
254042
-64670
253992
-64865
253942
-65060
253892
-65255
253842
-65450
253792
-65644
253741
-65839
253691
-66034
253640
-66228
253589
-66422
253538
-66617
253487
-66812
253436
-67006
253384
-67200
253333
-67394
253281
-67589
253229
-67783
253177
-67977
253125
-68171
253072
-68366
253020
-68560
252967
-68754
252914
-68948
252861
-69142
252808
-69336
252755
-69530
252702
-69723
252648
-69917
252594
-70111
252540
-70304
252486
-70498
252432
-70692
252378
-70886
252324
-71079
252269
-71272
252214
-71466
252159
-71659
252104
-71853
252049
-72046
251994
-72239
251938
-72433
251883
-72626
251827
-72819
251771
-73012
251715
-73205
251659
-73398
251602
-73591
251546
-73784
251489
-73977
251432
-74170
251375
-74363
251318
-74556
251261
-74748
251204
-74941
251146
-75134
251088
-75326
251030
-75519
250972
-75711
250914
-75904
250856
-76096
250798
-76289
250739
-76481
250680
-76673
250622
-76866
250562
-77058
250503
-77250
250444
-77442
250384
-77634
250325
-77826
250265
-78018
250205
-78210
250145
-78402
250085
-78594
250024
-78786
249964
-78977
249903
-79169
249843
-79361
249782
-79552
249721
-79744
249659
-79935
249598
-80127
249536
-80318
249475
-80510
249413
-80701
249351
-80892
249289
-81083
249227
-81274
249164
-81466
249102
-81657
249039
-81848
248976
-82039
248913
-82230
248850
-82421
248787
-82612
248723
-82802
248660
-82993
248596
-83184
248532
-83374
248468
-83565
248404
-83756
248340
-83946
248275
-84136
248210
-84327
248146
-84517
248081
-84708
248016
-84898
247950
-85088
247885
-85278
247820
-85468
247754
-85658
247688
-85848
247622
-86038
247556
-86228
247490
-86418
247424
-86608
247357
-86798
247291
-86987
247224
-87177
247157
-87366
247090
-87556
247023
-87745
246955
-87935
246888
-88124
246820
-88314
246752
-88503
246684
-88692
246616
-88881
246548
-89070
246480
-89260
246411
-89448
246342
-89638
246274
-89826
246205
-90015
246136
-90204
246066
-90393
245997
-90582
245927
-90770
245858
-90959
245788
-91147
245718
-91336
245648
-91524
245577
-91713
245507
-91901
245436
-92089
245366
-92278
245295
-92466
245224
-92654
245153
-92842
245081
-93030
245010
-93218
244938
-93406
244867
-93594
244795
-93781
244723
-93969
244651
-94157
244578
-94344
244506
-94532
244433
-94719
244361
-94907
244288
-95094
244215
-95282
244142
-95469
244068
-95656
243995
-95843
243921
-96030
243848
-96217
243774
-96404
243700
-96591
243626
-96778
243551
-96965
243477
-97152
243402
-97338
243328
-97525
243253
-97712
243178
-97898
243102
-98085
243027
-98271
242952
-98458
242876
-98644
242800
-98830
242724
-99016
242648
-99202
242572
-99389
242496
-99575
242420
-99761
242343
-99946
242266
-100132
242189
-100318
242112
-100504
242035
-100690
241958
-100875
241880
-101061
241803
-101246
241725
-101432
241647
-101617
241569
-101802
241491
-101988
241413
-102173
241334
-102358
241256
-102543
241177
-102728
241098
-102913
241019
-103098
240940
-103283
240861
-103467
240781
-103652
240702
-103837
240622
-104021
240542
-104206
240462
-104390
240382
-104575
240302
-104759
240221
-104943
240141
-105128
240060
-105312
239979
-105496
239898
-105680
239817
-105864
239736
-106048
239654
-106232
239573
-106415
239491
-106599
239410
-106783
239328
-106966
239245
-107150
239163
-107333
239081
-107517
238998
-107700
238916
-107883
238833
-108066
238750
-108250
238667
-108433
238583
-108616
238500
-108799
238416
-108982
238333
-109164
238249
-109347
238165
-109530
238081
-109712
237997
-109895
237912
-110078
237828
-110260
237743
-110442
237658
-110625
237574
-110807
237489
-110989
237403
-111171
237318
-111353
237233
-111535
237147
-111717
237061
-111899
236975
-112081
236889
-112263
236803
-112444
236717
-112626
236630
-112808
236544
-112989
236457
-113170
236370
-113352
236283
-113533
236196
-113714
236109
-113895
236021
-114076
235934
-114257
235846
-114438
235758
-114619
235670
-114800
235582
-114980
235494
-115161
235405
-115342
235317
-115522
235228
-115703
235139
-115883
235050
-116064
234961
-116244
234872
-116424
234783
-116604
234693
-116784
234604
-116964
234514
-117144
234424
-117324
234334
-117504
234244
-117683
234153
-117863
234063
-118042
233972
-118222
233882
-118401
233791
-118581
233700
-118760
233608
-118939
233517
-119118
233426
-119297
233334
-119476
233242
-119655
233151
-119834
233059
-120013
232966
-120192
232874
-120370
232782
-120549
232689
-120727
232597
-120906
232504
-121084
232411
-121262
232318
-121441
232225
-121619
232131
-121797
232038
-121975
231944
-122153
231850
-122331
231756
-122508
231662
-122686
231568
-122864
231474
-123042
231380
-123219
231285
-123396
231190
-123574
231096
-123751
231000
-123928
230905
-124105
230810
-124282
230715
-124460
230619
-124636
230524
-124813
230428
-124990
230332
-125167
230236
-125343
230140
-125520
230043
-125696
229947
-125873
229850
-126049
229753
-126225
229656
-126402
229560
-126578
229462
-126754
229365
-126930
229268
-127106
229170
-127281
229072
-127457
228974
-127633
228876
-127808
228778
-127984
228680
-128159
228582
-128335
228483
-128510
228385
-128685
228286
-128860
228187
-129035
228088
-129210
227989
-129385
227890
-129560
227790
-129735
227690
-129909
227591
-130084
227491
-130258
227391
-130433
227291
-130607
227191
-130782
227090
-130956
226990
-131130
226889
-131304
226788
-131478
226688
-131652
226586
-131826
226485
-132000
226384
-132173
226282
-132347
226181
-132520
226079
-132694
225977
-132867
225875
-133040
225773
-133214
225671
-133387
225569
-133560
225466
-133733
225364
-133906
225261
-134078
225158
-134251
225055
-134424
224952
-134596
224848
-134769
224745
-134941
224641
-135114
224538
-135286
224434
-135458
224330
-135630
224226
-135802
224122
-135974
224017
-136146
223913
-136318
223808
-136490
223703
-136661
223598
-136833
223493
-137004
223388
-137176
223283
-137347
223178
-137518
223072
-137689
222966
-137860
222861
-138031
222755
-138202
222649
-138373
222542
-138544
222436
-138714
222330
-138885
222223
-139055
222116
-139226
222010
-139396
221902
-139566
221795
-139736
221688
-139906
221581
-140076
221473
-140246
221366
-140416
221258
-140586
221150
-140756
221042
-140925
220934
-141095
220826
-141264
220717
-141433
220608
-141603
220500
-141772
220391
-141941
220282
-142110
220173
-142279
220064
-142448
219954
-142616
219845
-142785
219736
-142954
219626
-143122
219516
-143290
219406
-143459
219296
-143627
219186
-143795
219075
-143963
218965
-144131
218854
-144299
218744
-144467
218633
-144635
218522
-144802
218410
-144970
218299
-145137
218188
-145305
218076
-145472
217965
-145639
217853
-145806
217741
-145974
217629
-146140
217517
-146307
217405
-146474
217292
-146641
217180
-146808
217067
-146974
216954
-147140
216841
-147307
216728
-147473
216615
-147639
216502
-147805
216388
-147971
216275
-148137
216161
-148303
216047
-148469
215933
-148634
215819
-148800
215705
-148966
215591
-149131
215476
-149296
215362
-149462
215247
-149627
215132
-149792
215017
-149957
214902
-150122
214787
-150286
214672
-150451
214556
-150616
214441
-150780
214325
-150945
214209
-151109
214093
-151273
213977
-151437
213861
-151601
213744
-151765
213628
-151929
213511
-152093
213395
-152257
213278
-152420
213161
-152584
213044
-152748
212926
-152911
212809
-153074
212692
-153237
212574
-153400
212456
-153563
212339
-153726
212221
-153889
212102
-154052
211984
-154214
211866
-154377
211748
-154539
211629
-154702
211510
-154864
211391
-155026
211272
-155188
211153
-155350
211034
-155512
210915
-155674
210795
-155836
210676
-155997
210556
-156159
210436
-156320
210316
-156482
210196
-156643
210076
-156804
209956
-156965
209835
-157126
209714
-157287
209594
-157448
209473
-157609
209352
-157769
209231
-157930
209110
-158090
208988
-158251
208867
-158411
208746
-158571
208624
-158731
208502
-158891
208380
-159051
208258
-159211
208136
-159370
208014
-159530
207891
-159689
207769
-159849
207646
-160008
207523
-160167
207400
-160326
207277
-160486
207154
-160644
207031
-160803
206907
-160962
206784
-161121
206660
-161279
206536
-161438
206413
-161596
206289
-161754
206164
-161912
206040
-162070
205916
-162228
205791
-162386
205667
-162544
205542
-162702
205417
-162860
205292
-163017
205167
-163174
205042
-163332
204916
-163489
204791
-163646
204666
-163803
204540
-163960
204414
-164117
204288
-164274
204162
-164430
204036
-164587
203910
-164743
203783
-164900
203657
-165056
203530
-165212
203403
-165368
203276
-165524
203149
-165680
203022
-165836
202895
-165991
202768
-166147
202640
-166302
202512
-166458
202385
-166613
202257
-166768
202129
-166923
202001
-167078
201872
-167233
201744
-167388
201616
-167543
201487
-167697
201358
-167852
201230
-168006
201101
-168160
200972
-168314
200843
-168469
200713
-168623
200584
-168776
200454
-168930
200325
-169084
200195
-169238
200065
-169391
199935
-169544
199805
-169698
199675
-169851
199545
-170004
199414
-170157
199284
-170310
199153
-170463
199022
-170616
198891
-170768
198760
-170921
198629
-171073
198498
-171225
198366
-171378
198235
-171530
198103
-171682
197972
-171834
197840
-171985
197708
-172137
197576
-172288
197443
-172440
197311
-172591
197179
-172743
197046
-172894
196913
-173045
196781
-173196
196648
-173347
196515
-173498
196382
-173648
196248
-173799
196115
-173949
195982
-174100
195848
-174250
195714
-174400
195580
-174550
195446
-174700
195312
-174850
195178
-175000
195044
-175149
194910
-175299
194775
-175448
194640
-175598
194506
-175747
194371
-175896
194236
-176045
194101
-176194
193966
-176343
193830
-176492
193695
-176640
193559
-176789
193424
-176937
193288
-177085
193152
-177234
193016
-177382
192880
-177530
192744
-177678
192607
-177825
192471
-177973
192334
-178121
192198
-178268
192061
-178415
191924
-178563
191787
-178710
191650
-178857
191513
-179004
191375
-179151
191238
-179297
191100
-179444
190962
-179590
190825
-179737
190687
-179883
190549
-180029
190411
-180176
190272
-180322
190134
-180467
189996
-180613
189857
-180759
189718
-180904
189580
-181050
189440
-181195
189302
-181340
189162
-181486
189023
-181631
188884
-181776
188744
-181920
188605
-182065
188465
-182210
188325
-182354
188185
-182499
188045
-182643
187905
-182787
187765
-182931
187624
-183075
187484
-183219
187343
-183363
187203
-183506
187062
-183650
186921
-183793
186780
-183937
186639
-184080
186498
-184223
186356
-184366
186215
-184509
186073
-184652
185932
-184794
185790
-184937
185648
-185079
185506
-185222
185364
-185364
185222
-185506
185079
-185648
184937
-185790
184794
-185932
184652
-186073
184509
-186215
184366
-186356
184223
-186498
184080
-186639
183937
-186780
183793
-186921
183650
-187062
183506
-187203
183363
-187343
183219
-187484
183075
-187624
182931
-187765
182787
-187905
182643
-188045
182499
-188185
182354
-188325
182210
-188465
182065
-188605
181920
-188744
181776
-188884
181631
-189023
181486
-189162
181340
-189302
181195
-189440
181050
-189580
180904
-189718
180759
-189857
180613
-189996
180467
-190134
180322
-190272
180176
-190411
180029
-190549
179883
-190687
179737
-190825
179590
-190962
179444
-191100
179297
-191238
179151
-191375
179004
-191513
178857
-191650
178710
-191787
178563
-191924
178415
-192061
178268
-192198
178121
-192334
177973
-192471
177825
-192607
177678
-192744
177530
-192880
177382
-193016
177234
-193152
177085
-193288
176937
-193424
176789
-193559
176640
-193695
176492
-193830
176343
-193966
176194
-194101
176045
-194236
175896
-194371
175747
-194506
175598
-194640
175448
-194775
175299
-194910
175149
-195044
175000
-195178
174850
-195312
174700
-195446
174550
-195580
174400
-195714
174250
-195848
174100
-195982
173949
-196115
173799
-196248
173648
-196382
173498
-196515
173347
-196648
173196
-196781
173045
-196913
172894
-197046
172743
-197179
172591
-197311
172440
-197443
172288
-197576
172137
-197708
171985
-197840
171834
-197972
171682
-198103
171530
-198235
171378
-198366
171225
-198498
171073
-198629
170921
-198760
170768
-198891
170616
-199022
170463
-199153
170310
-199284
170157
-199414
170004
-199545
169851
-199675
169698
-199805
169544
-199935
169391
-200065
169238
-200195
169084
-200325
168930
-200454
168776
-200584
168623
-200713
168469
-200843
168314
-200972
168160
-201101
168006
-201230
167852
-201358
167697
-201487
167543
-201616
167388
-201744
167233
-201872
167078
-202001
166923
-202129
166768
-202257
166613
-202385
166458
-202512
166302
-202640
166147
-202768
165991
-202895
165836
-203022
165680
-203149
165524
-203276
165368
-203403
165212
-203530
165056
-203657
164900
-203783
164743
-203910
164587
-204036
164430
-204162
164274
-204288
164117
-204414
163960
-204540
163803
-204666
163646
-204791
163489
-204916
163332
-205042
163174
-205167
163017
-205292
162860
-205417
162702
-205542
162544
-205667
162386
-205791
162228
-205916
162070
-206040
161912
-206164
161754
-206289
161596
-206413
161438
-206536
161279
-206660
161121
-206784
160962
-206907
160803
-207031
160644
-207154
160486
-207277
160326
-207400
160167
-207523
160008
-207646
159849
-207769
159689
-207891
159530
-208014
159370
-208136
159211
-208258
159051
-208380
158891
-208502
158731
-208624
158571
-208746
158411
-208867
158251
-208988
158090
-209110
157930
-209231
157769
-209352
157609
-209473
157448
-209594
157287
-209714
157126
-209835
156965
-209956
156804
-210076
156643
-210196
156482
-210316
156320
-210436
156159
-210556
155997
-210676
155836
-210795
155674
-210915
155512
-211034
155350
-211153
155188
-211272
155026
-211391
154864
-211510
154702
-211629
154539
-211748
154377
-211866
154214
-211984
154052
-212102
153889
-212221
153726
-212339
153563
-212456
153400
-212574
153237
-212692
153074
-212809
152911
-212926
152748
-213044
152584
-213161
152420
-213278
152257
-213395
152093
-213511
151929
-213628
151765
-213744
151601
-213861
151437
-213977
151273
-214093
151109
-214209
150945
-214325
150780
-214441
150616
-214556
150451
-214672
150286
-214787
150122
-214902
149957
-215017
149792
-215132
149627
-215247
149462
-215362
149296
-215476
149131
-215591
148966
-215705
148800
-215819
148634
-215933
148469
-216047
148303
-216161
148137
-216275
147971
-216388
147805
-216502
147639
-216615
147473
-216728
147307
-216841
147140
-216954
146974
-217067
146808
-217180
146641
-217292
146474
-217405
146307
-217517
146140
-217629
145974
-217741
145806
-217853
145639
-217965
145472
-218076
145305
-218188
145137
-218299
144970
-218410
144802
-218522
144635
-218633
144467
-218744
144299
-218854
144131
-218965
143963
-219075
143795
-219186
143627
-219296
143459
-219406
143290
-219516
143122
-219626
142954
-219736
142785
-219845
142616
-219954
142448
-220064
142279
-220173
142110
-220282
141941
-220391
141772
-220500
141603
-220608
141433
-220717
141264
-220826
141095
-220934
140925
-221042
140756
-221150
140586
-221258
140416
-221366
140246
-221473
140076
-221581
139906
-221688
139736
-221795
139566
-221902
139396
-222010
139226
-222116
139055
-222223
138885
-222330
138714
-222436
138544
-222542
138373
-222649
138202
-222755
138031
-222861
137860
-222966
137689
-223072
137518
-223178
137347
-223283
137176
-223388
137004
-223493
136833
-223598
136661
-223703
136490
-223808
136318
-223913
136146
-224017
135974
-224122
135802
-224226
135630
-224330
135458
-224434
135286
-224538
135114
-224641
134941
-224745
134769
-224848
134596
-224952
134424
-225055
134251
-225158
134078
-225261
133906
-225364
133733
-225466
133560
-225569
133387
-225671
133214
-225773
133040
-225875
132867
-225977
132694
-226079
132520
-226181
132347
-226282
132173
-226384
132000
-226485
131826
-226586
131652
-226688
131478
-226788
131304
-226889
131130
-226990
130956
-227090
130782
-227191
130607
-227291
130433
-227391
130258
-227491
130084
-227591
129909
-227690
129735
-227790
129560
-227890
129385
-227989
129210
-228088
129035
-228187
128860
-228286
128685
-228385
128510
-228483
128335
-228582
128159
-228680
127984
-228778
127808
-228876
127633
-228974
127457
-229072
127281
-229170
127106
-229268
126930
-229365
126754
-229462
126578
-229560
126402
-229656
126225
-229753
126049
-229850
125873
-229947
125696
-230043
125520
-230140
125343
-230236
125167
-230332
124990
-230428
124813
-230524
124636
-230619
124460
-230715
124282
-230810
124105
-230905
123928
-231000
123751
-231096
123574
-231190
123396
-231285
123219
-231380
123042
-231474
122864
-231568
122686
-231662
122508
-231756
122331
-231850
122153
-231944
121975
-232038
121797
-232131
121619
-232225
121441
-232318
121262
-232411
121084
-232504
120906
-232597
120727
-232689
120549
-232782
120370
-232874
120192
-232966
120013
-233059
119834
-233151
119655
-233242
119476
-233334
119297
-233426
119118
-233517
118939
-233608
118760
-233700
118581
-233791
118401
-233882
118222
-233972
118042
-234063
117863
-234153
117683
-234244
117504
-234334
117324
-234424
117144
-234514
116964
-234604
116784
-234693
116604
-234783
116424
-234872
116244
-234961
116064
-235050
115883
-235139
115703
-235228
115522
-235317
115342
-235405
115161
-235494
114980
-235582
114800
-235670
114619
-235758
114438
-235846
114257
-235934
114076
-236021
113895
-236109
113714
-236196
113533
-236283
113352
-236370
113170
-236457
112989
-236544
112808
-236630
112626
-236717
112444
-236803
112263
-236889
112081
-236975
111899
-237061
111717
-237147
111535
-237233
111353
-237318
111171
-237403
110989
-237489
110807
-237574
110625
-237658
110442
-237743
110260
-237828
110078
-237912
109895
-237997
109712
-238081
109530
-238165
109347
-238249
109164
-238333
108982
-238416
108799
-238500
108616
-238583
108433
-238667
108250
-238750
108066
-238833
107883
-238916
107700
-238998
107517
-239081
107333
-239163
107150
-239245
106966
-239328
106783
-239410
106599
-239491
106415
-239573
106232
-239654
106048
-239736
105864
-239817
105680
-239898
105496
-239979
105312
-240060
105128
-240141
104943
-240221
104759
-240302
104575
-240382
104390
-240462
104206
-240542
104021
-240622
103837
-240702
103652
-240781
103467
-240861
103283
-240940
103098
-241019
102913
-241098
102728
-241177
102543
-241256
102358
-241334
102173
-241413
101988
-241491
101802
-241569
101617
-241647
101432
-241725
101246
-241803
101061
-241880
100875
-241958
100690
-242035
100504
-242112
100318
-242189
100132
-242266
99946
-242343
99761
-242420
99575
-242496
99389
-242572
99202
-242648
99016
-242724
98830
-242800
98644
-242876
98458
-242952
98271
-243027
98085
-243102
97898
-243178
97712
-243253
97525
-243328
97338
-243402
97152
-243477
96965
-243551
96778
-243626
96591
-243700
96404
-243774
96217
-243848
96030
-243921
95843
-243995
95656
-244068
95469
-244142
95282
-244215
95094
-244288
94907
-244361
94719
-244433
94532
-244506
94344
-244578
94157
-244651
93969
-244723
93781
-244795
93594
-244867
93406
-244938
93218
-245010
93030
-245081
92842
-245153
92654
-245224
92466
-245295
92278
-245366
92089
-245436
91901
-245507
91713
-245577
91524
-245648
91336
-245718
91147
-245788
90959
-245858
90770
-245927
90582
-245997
90393
-246066
90204
-246136
90015
-246205
89826
-246274
89638
-246342
89448
-246411
89260
-246480
89070
-246548
88881
-246616
88692
-246684
88503
-246752
88314
-246820
88124
-246888
87935
-246955
87745
-247023
87556
-247090
87366
-247157
87177
-247224
86987
-247291
86798
-247357
86608
-247424
86418
-247490
86228
-247556
86038
-247622
85848
-247688
85658
-247754
85468
-247820
85278
-247885
85088
-247950
84898
-248016
84708
-248081
84517
-248146
84327
-248210
84136
-248275
83946
-248340
83756
-248404
83565
-248468
83374
-248532
83184
-248596
82993
-248660
82802
-248723
82612
-248787
82421
-248850
82230
-248913
82039
-248976
81848
-249039
81657
-249102
81466
-249164
81274
-249227
81083
-249289
80892
-249351
80701
-249413
80510
-249475
80318
-249536
80127
-249598
79935
-249659
79744
-249721
79552
-249782
79361
-249843
79169
-249903
78977
-249964
78786
-250024
78594
-250085
78402
-250145
78210
-250205
78018
-250265
77826
-250325
77634
-250384
77442
-250444
77250
-250503
77058
-250562
76866
-250622
76673
-250680
76481
-250739
76289
-250798
76096
-250856
75904
-250914
75711
-250972
75519
-251030
75326
-251088
75134
-251146
74941
-251204
74748
-251261
74556
-251318
74363
-251375
74170
-251432
73977
-251489
73784
-251546
73591
-251602
73398
-251659
73205
-251715
73012
-251771
72819
-251827
72626
-251883
72433
-251938
72239
-251994
72046
-252049
71853
-252104
71659
-252159
71466
-252214
71272
-252269
71079
-252324
70886
-252378
70692
-252432
70498
-252486
70304
-252540
70111
-252594
69917
-252648
69723
-252702
69530
-252755
69336
-252808
69142
-252861
68948
-252914
68754
-252967
68560
-253020
68366
-253072
68171
-253125
67977
-253177
67783
-253229
67589
-253281
67394
-253333
67200
-253384
67006
-253436
66812
-253487
66617
-253538
66422
-253589
66228
-253640
66034
-253691
65839
-253741
65644
-253792
65450
-253842
65255
-253892
65060
-253942
64865
-253992
64670
-254042
64476
-254091
64281
-254141
64086
-254190
63891
-254239
63696
-254288
63501
-254337
63306
-254385
63110
-254434
62915
-254482
62720
-254530
62525
-254578
62330
-254626
62134
-254674
61939
-254721
61744
-254769
61548
-254816
61353
-254863
61157
-254910
60962
-254957
60766
-255004
60570
-255050
60375
-255097
60179
-255143
59983
-255189
59788
-255235
59592
-255281
59396
-255326
59200
-255372
59004
-255417
58808
-255462
58612
-255507
58416
-255552
58220
-255597
58024
-255642
57828
-255686
57632
-255730
57436
-255774
57240
-255818
57044
-255862
56847
-255906
56651
-255949
56455
-255993
56258
-256036
56062
-256079
55866
-256122
55669
-256165
55473
-256207
55276
-256250
55080
-256292
54883
-256334
54686
-256376
54490
-256418
54293
-256460
54096
-256502
53900
-256543
53703
-256584
53506
-256625
53309
-256666
53112
-256707
52915
-256748
52718
-256788
52521
-256829
52324
-256869
52127
-256909
51930
-256949
51733
-256988
51536
-257028
51339
-257068
51142
-257107
50944
-257146
50747
-257185
50550
-257224
50353
-257263
50155
-257301
49958
-257340
49761
-257378
49563
-257416
49366
-257454
49168
-257492
48971
-257529
48773
-257567
48576
-257604
48378
-257641
48180
-257678
47983
-257715
47785
-257752
47587
-257788
47390
-257825
47192
-257861
46994
-257897
46796
-257933
46598
-257969
46400
-258005
46203
-258040
46005
-258076
45807
-258111
45609
-258146
45411
-258181
45213
-258216
45015
-258250
44817
-258284
44618
-258319
44420
-258353
44222
-258387
44024
-258421
43826
-258454
43628
-258488
43429
-258522
43231
-258555
43033
-258588
42834
-258621
42636
-258654
42438
-258686
42239
-258719
42041
-258751
41842
-258783
41644
-258815
41445
-258847
41247
-258879
41048
-258910
40849
-258942
40651
-258973
40452
-259004
40254
-259035
40055
-259066
39856
-259096
39657
-259127
39459
-259157
39260
-259187
39061
-259217
38862
-259247
38663
-259277
38464
-259307
38266
-259336
38067
-259365
37868
-259394
37669
-259423
37470
-259452
37271
-259481
37072
-259509
36873
-259538
36674
-259566
36474
-259594
36275
-259622
36076
-259650
35877
-259677
35678
-259705
35479
-259732
35280
-259759
35080
-259786
34881
-259813
34682
-259840
34482
-259866
34283
-259892
34084
-259919
33884
-259945
33685
-259971
33486
-259996
33286
-260022
33087
-260048
32887
-260073
32688
-260098
32488
-260123
32289
-260148
32089
-260172
31890
-260197
31690
-260221
31490
-260246
31291
-260270
31091
-260294
30892
-260317
30692
-260341
30492
-260364
30292
-260388
30093
-260411
29893
-260434
29693
-260457
29494
-260480
29294
-260502
29094
-260524
28894
-260547
28694
-260569
28494
-260591
28294
-260612
28094
-260634
27895
-260656
27695
-260677
27495
-260698
27295
-260719
27095
-260740
26895
-260761
26695
-260781
26495
-260802
26295
-260822
26095
-260842
25895
-260862
25694
-260882
25494
-260901
25294
-260921
25094
-260940
24894
-260959
24694
-260978
24494
-260997
24294
-261016
24093
-261034
23893
-261053
23693
-261071
23493
-261089
23292
-261107
23092
-261125
22892
-261142
22692
-261160
22491
-261177
22291
-261194
22090
-261212
21890
-261228
21690
-261245
21489
-261262
21289
-261278
21089
-261294
20888
-261310
20688
-261326
20487
-261342
20287
-261358
20086
-261373
19886
-261389
19686
-261404
19485
-261419
19284
-261434
19084
-261448
18883
-261463
18683
-261477
18482
-261492
18282
-261506
18081
-261520
17880
-261533
17680
-261547
17479
-261560
17279
-261574
17078
-261587
16878
-261600
16677
-261613
16476
-261626
16276
-261638
16075
-261651
15874
-261663
15673
-261675
15473
-261687
15272
-261699
15071
-261710
14870
-261722
14670
-261733
14469
-261744
14268
-261755
14068
-261766
13867
-261777
13666
-261788
13465
-261798
13264
-261808
13064
-261818
12863
-261828
12662
-261838
12461
-261848
12260
-261857
12059
-261866
11858
-261876
11658
-261885
11457
-261894
11256
-261902
11055
-261911
10854
-261919
10653
-261927
10452
-261936
10252
-261943
10051
-261951
9850
-261959
9649
-261966
9448
-261974
9247
-261981
9046
-261988
8845
-261995
8644
-262001
8443
-262008
8242
-262014
8041
-262021
7840
-262027
7639
-262033
7438
-262038
7237
-262044
7036
-262050
6835
-262055
6634
-262060
6433
-262065
6232
-262070
6031
-262074
5830
-262079
5629
-262084
5428
-262088
5227
-262092
5026
-262096
4825
-262100
4624
-262103
4423
-262107
4222
-262110
4021
-262113
3820
-262116
3619
-262119
3418
-262122
3217
-262124
3016
-262127
2815
-262129
2614
-262131
2413
-262133
2212
-262135
2010
-262136
1810
-262138
1608
-262139
1407
-262140
1206
-262141
1005
-262142
804
-262143
603
-262143
402
-262144
201
-262144
0
-262144
-201
-262144
-402
-262144
-603
-262143
-804
-262143
-1005
-262142
-1206
-262141
-1407
-262140
-1608
-262139
-1810
-262138
-2010
-262136
-2212
-262135
-2413
-262133
-2614
-262131
-2815
-262129
-3016
-262127
-3217
-262124
-3418
-262122
-3619
-262119
-3820
-262116
-4021
-262113
-4222
-262110
-4423
-262107
-4624
-262103
-4825
-262100
-5026
-262096
-5227
-262092
-5428
-262088
-5629
-262084
-5830
-262079
-6031
-262074
-6232
-262070
-6433
-262065
-6634
-262060
-6835
-262055
-7036
-262050
-7237
-262044
-7438
-262038
-7639
-262033
-7840
-262027
-8041
-262021
-8242
-262014
-8443
-262008
-8644
-262001
-8845
-261995
-9046
-261988
-9247
-261981
-9448
-261974
-9649
-261966
-9850
-261959
-10051
-261951
-10252
-261943
-10452
-261936
-10653
-261927
-10854
-261919
-11055
-261911
-11256
-261902
-11457
-261894
-11658
-261885
-11858
-261876
-12059
-261866
-12260
-261857
-12461
-261848
-12662
-261838
-12863
-261828
-13064
-261818
-13264
-261808
-13465
-261798
-13666
-261788
-13867
-261777
-14068
-261766
-14268
-261755
-14469
-261744
-14670
-261733
-14870
-261722
-15071
-261710
-15272
-261699
-15473
-261687
-15673
-261675
-15874
-261663
-16075
-261651
-16276
-261638
-16476
-261626
-16677
-261613
-16878
-261600
-17078
-261587
-17279
-261574
-17479
-261560
-17680
-261547
-17880
-261533
-18081
-261520
-18282
-261506
-18482
-261492
-18683
-261477
-18883
-261463
-19084
-261448
-19284
-261434
-19485
-261419
-19686
-261404
-19886
-261389
-20086
-261373
-20287
-261358
-20487
-261342
-20688
-261326
-20888
-261310
-21089
-261294
-21289
-261278
-21489
-261262
-21690
-261245
-21890
-261228
-22090
-261212
-22291
-261194
-22491
-261177
-22692
-261160
-22892
-261142
-23092
-261125
-23292
-261107
-23493
-261089
-23693
-261071
-23893
-261053
-24093
-261034
-24294
-261016
-24494
-260997
-24694
-260978
-24894
-260959
-25094
-260940
-25294
-260921
-25494
-260901
-25694
-260882
-25895
-260862
-26095
-260842
-26295
-260822
-26495
-260802
-26695
-260781
-26895
-260761
-27095
-260740
-27295
-260719
-27495
-260698
-27695
-260677
-27895
-260656
-28094
-260634
-28294
-260612
-28494
-260591
-28694
-260569
-28894
-260547
-29094
-260524
-29294
-260502
-29494
-260480
-29693
-260457
-29893
-260434
-30093
-260411
-30292
-260388
-30492
-260364
-30692
-260341
-30892
-260317
-31091
-260294
-31291
-260270
-31490
-260246
-31690
-260221
-31890
-260197
-32089
-260172
-32289
-260148
-32488
-260123
-32688
-260098
-32887
-260073
-33087
-260048
-33286
-260022
-33486
-259996
-33685
-259971
-33884
-259945
-34084
-259919
-34283
-259892
-34482
-259866
-34682
-259840
-34881
-259813
-35080
-259786
-35280
-259759
-35479
-259732
-35678
-259705
-35877
-259677
-36076
-259650
-36275
-259622
-36474
-259594
-36674
-259566
-36873
-259538
-37072
-259509
-37271
-259481
-37470
-259452
-37669
-259423
-37868
-259394
-38067
-259365
-38266
-259336
-38464
-259307
-38663
-259277
-38862
-259247
-39061
-259217
-39260
-259187
-39459
-259157
-39657
-259127
-39856
-259096
-40055
-259066
-40254
-259035
-40452
-259004
-40651
-258973
-40849
-258942
-41048
-258910
-41247
-258879
-41445
-258847
-41644
-258815
-41842
-258783
-42041
-258751
-42239
-258719
-42438
-258686
-42636
-258654
-42834
-258621
-43033
-258588
-43231
-258555
-43429
-258522
-43628
-258488
-43826
-258454
-44024
-258421
-44222
-258387
-44420
-258353
-44618
-258319
-44817
-258284
-45015
-258250
-45213
-258216
-45411
-258181
-45609
-258146
-45807
-258111
-46005
-258076
-46203
-258040
-46400
-258005
-46598
-257969
-46796
-257933
-46994
-257897
-47192
-257861
-47390
-257825
-47587
-257788
-47785
-257752
-47983
-257715
-48180
-257678
-48378
-257641
-48576
-257604
-48773
-257567
-48971
-257529
-49168
-257492
-49366
-257454
-49563
-257416
-49761
-257378
-49958
-257340
-50155
-257301
-50353
-257263
-50550
-257224
-50747
-257185
-50944
-257146
-51142
-257107
-51339
-257068
-51536
-257028
-51733
-256988
-51930
-256949
-52127
-256909
-52324
-256869
-52521
-256829
-52718
-256788
-52915
-256748
-53112
-256707
-53309
-256666
-53506
-256625
-53703
-256584
-53900
-256543
-54096
-256502
-54293
-256460
-54490
-256418
-54686
-256376
-54883
-256334
-55080
-256292
-55276
-256250
-55473
-256207
-55669
-256165
-55866
-256122
-56062
-256079
-56258
-256036
-56455
-255993
-56651
-255949
-56847
-255906
-57044
-255862
-57240
-255818
-57436
-255774
-57632
-255730
-57828
-255686
-58024
-255642
-58220
-255597
-58416
-255552
-58612
-255507
-58808
-255462
-59004
-255417
-59200
-255372
-59396
-255326
-59592
-255281
-59788
-255235
-59983
-255189
-60179
-255143
-60375
-255097
-60570
-255050
-60766
-255004
-60962
-254957
-61157
-254910
-61353
-254863
-61548
-254816
-61744
-254769
-61939
-254721
-62134
-254674
-62330
-254626
-62525
-254578
-62720
-254530
-62915
-254482
-63110
-254434
-63306
-254385
-63501
-254337
-63696
-254288
-63891
-254239
-64086
-254190
-64281
-254141
-64476
-254091
-64670
-254042
-64865
-253992
-65060
-253942
-65255
-253892
-65450
-253842
-65644
-253792
-65839
-253741
-66034
-253691
-66228
-253640
-66422
-253589
-66617
-253538
-66812
-253487
-67006
-253436
-67200
-253384
-67394
-253333
-67589
-253281
-67783
-253229
-67977
-253177
-68171
-253125
-68366
-253072
-68560
-253020
-68754
-252967
-68948
-252914
-69142
-252861
-69336
-252808
-69530
-252755
-69723
-252702
-69917
-252648
-70111
-252594
-70304
-252540
-70498
-252486
-70692
-252432
-70886
-252378
-71079
-252324
-71272
-252269
-71466
-252214
-71659
-252159
-71853
-252104
-72046
-252049
-72239
-251994
-72433
-251938
-72626
-251883
-72819
-251827
-73012
-251771
-73205
-251715
-73398
-251659
-73591
-251602
-73784
-251546
-73977
-251489
-74170
-251432
-74363
-251375
-74556
-251318
-74748
-251261
-74941
-251204
-75134
-251146
-75326
-251088
-75519
-251030
-75711
-250972
-75904
-250914
-76096
-250856
-76289
-250798
-76481
-250739
-76673
-250680
-76866
-250622
-77058
-250562
-77250
-250503
-77442
-250444
-77634
-250384
-77826
-250325
-78018
-250265
-78210
-250205
-78402
-250145
-78594
-250085
-78786
-250024
-78977
-249964
-79169
-249903
-79361
-249843
-79552
-249782
-79744
-249721
-79935
-249659
-80127
-249598
-80318
-249536
-80510
-249475
-80701
-249413
-80892
-249351
-81083
-249289
-81274
-249227
-81466
-249164
-81657
-249102
-81848
-249039
-82039
-248976
-82230
-248913
-82421
-248850
-82612
-248787
-82802
-248723
-82993
-248660
-83184
-248596
-83374
-248532
-83565
-248468
-83756
-248404
-83946
-248340
-84136
-248275
-84327
-248210
-84517
-248146
-84708
-248081
-84898
-248016
-85088
-247950
-85278
-247885
-85468
-247820
-85658
-247754
-85848
-247688
-86038
-247622
-86228
-247556
-86418
-247490
-86608
-247424
-86798
-247357
-86987
-247291
-87177
-247224
-87366
-247157
-87556
-247090
-87745
-247023
-87935
-246955
-88124
-246888
-88314
-246820
-88503
-246752
-88692
-246684
-88881
-246616
-89070
-246548
-89260
-246480
-89448
-246411
-89638
-246342
-89826
-246274
-90015
-246205
-90204
-246136
-90393
-246066
-90582
-245997
-90770
-245927
-90959
-245858
-91147
-245788
-91336
-245718
-91524
-245648
-91713
-245577
-91901
-245507
-92089
-245436
-92278
-245366
-92466
-245295
-92654
-245224
-92842
-245153
-93030
-245081
-93218
-245010
-93406
-244938
-93594
-244867
-93781
-244795
-93969
-244723
-94157
-244651
-94344
-244578
-94532
-244506
-94719
-244433
-94907
-244361
-95094
-244288
-95282
-244215
-95469
-244142
-95656
-244068
-95843
-243995
-96030
-243921
-96217
-243848
-96404
-243774
-96591
-243700
-96778
-243626
-96965
-243551
-97152
-243477
-97338
-243402
-97525
-243328
-97712
-243253
-97898
-243178
-98085
-243102
-98271
-243027
-98458
-242952
-98644
-242876
-98830
-242800
-99016
-242724
-99202
-242648
-99389
-242572
-99575
-242496
-99761
-242420
-99946
-242343
-100132
-242266
-100318
-242189
-100504
-242112
-100690
-242035
-100875
-241958
-101061
-241880
-101246
-241803
-101432
-241725
-101617
-241647
-101802
-241569
-101988
-241491
-102173
-241413
-102358
-241334
-102543
-241256
-102728
-241177
-102913
-241098
-103098
-241019
-103283
-240940
-103467
-240861
-103652
-240781
-103837
-240702
-104021
-240622
-104206
-240542
-104390
-240462
-104575
-240382
-104759
-240302
-104943
-240221
-105128
-240141
-105312
-240060
-105496
-239979
-105680
-239898
-105864
-239817
-106048
-239736
-106232
-239654
-106415
-239573
-106599
-239491
-106783
-239410
-106966
-239328
-107150
-239245
-107333
-239163
-107517
-239081
-107700
-238998
-107883
-238916
-108066
-238833
-108250
-238750
-108433
-238667
-108616
-238583
-108799
-238500
-108982
-238416
-109164
-238333
-109347
-238249
-109530
-238165
-109712
-238081
-109895
-237997
-110078
-237912
-110260
-237828
-110442
-237743
-110625
-237658
-110807
-237574
-110989
-237489
-111171
-237403
-111353
-237318
-111535
-237233
-111717
-237147
-111899
-237061
-112081
-236975
-112263
-236889
-112444
-236803
-112626
-236717
-112808
-236630
-112989
-236544
-113170
-236457
-113352
-236370
-113533
-236283
-113714
-236196
-113895
-236109
-114076
-236021
-114257
-235934
-114438
-235846
-114619
-235758
-114800
-235670
-114980
-235582
-115161
-235494
-115342
-235405
-115522
-235317
-115703
-235228
-115883
-235139
-116064
-235050
-116244
-234961
-116424
-234872
-116604
-234783
-116784
-234693
-116964
-234604
-117144
-234514
-117324
-234424
-117504
-234334
-117683
-234244
-117863
-234153
-118042
-234063
-118222
-233972
-118401
-233882
-118581
-233791
-118760
-233700
-118939
-233608
-119118
-233517
-119297
-233426
-119476
-233334
-119655
-233242
-119834
-233151
-120013
-233059
-120192
-232966
-120370
-232874
-120549
-232782
-120727
-232689
-120906
-232597
-121084
-232504
-121262
-232411
-121441
-232318
-121619
-232225
-121797
-232131
-121975
-232038
-122153
-231944
-122331
-231850
-122508
-231756
-122686
-231662
-122864
-231568
-123042
-231474
-123219
-231380
-123396
-231285
-123574
-231190
-123751
-231096
-123928
-231000
-124105
-230905
-124282
-230810
-124460
-230715
-124636
-230619
-124813
-230524
-124990
-230428
-125167
-230332
-125343
-230236
-125520
-230140
-125696
-230043
-125873
-229947
-126049
-229850
-126225
-229753
-126402
-229656
-126578
-229560
-126754
-229462
-126930
-229365
-127106
-229268
-127281
-229170
-127457
-229072
-127633
-228974
-127808
-228876
-127984
-228778
-128159
-228680
-128335
-228582
-128510
-228483
-128685
-228385
-128860
-228286
-129035
-228187
-129210
-228088
-129385
-227989
-129560
-227890
-129735
-227790
-129909
-227690
-130084
-227591
-130258
-227491
-130433
-227391
-130607
-227291
-130782
-227191
-130956
-227090
-131130
-226990
-131304
-226889
-131478
-226788
-131652
-226688
-131826
-226586
-132000
-226485
-132173
-226384
-132347
-226282
-132520
-226181
-132694
-226079
-132867
-225977
-133040
-225875
-133214
-225773
-133387
-225671
-133560
-225569
-133733
-225466
-133906
-225364
-134078
-225261
-134251
-225158
-134424
-225055
-134596
-224952
-134769
-224848
-134941
-224745
-135114
-224641
-135286
-224538
-135458
-224434
-135630
-224330
-135802
-224226
-135974
-224122
-136146
-224017
-136318
-223913
-136490
-223808
-136661
-223703
-136833
-223598
-137004
-223493
-137176
-223388
-137347
-223283
-137518
-223178
-137689
-223072
-137860
-222966
-138031
-222861
-138202
-222755
-138373
-222649
-138544
-222542
-138714
-222436
-138885
-222330
-139055
-222223
-139226
-222116
-139396
-222010
-139566
-221902
-139736
-221795
-139906
-221688
-140076
-221581
-140246
-221473
-140416
-221366
-140586
-221258
-140756
-221150
-140925
-221042
-141095
-220934
-141264
-220826
-141433
-220717
-141603
-220608
-141772
-220500
-141941
-220391
-142110
-220282
-142279
-220173
-142448
-220064
-142616
-219954
-142785
-219845
-142954
-219736
-143122
-219626
-143290
-219516
-143459
-219406
-143627
-219296
-143795
-219186
-143963
-219075
-144131
-218965
-144299
-218854
-144467
-218744
-144635
-218633
-144802
-218522
-144970
-218410
-145137
-218299
-145305
-218188
-145472
-218076
-145639
-217965
-145806
-217853
-145974
-217741
-146140
-217629
-146307
-217517
-146474
-217405
-146641
-217292
-146808
-217180
-146974
-217067
-147140
-216954
-147307
-216841
-147473
-216728
-147639
-216615
-147805
-216502
-147971
-216388
-148137
-216275
-148303
-216161
-148469
-216047
-148634
-215933
-148800
-215819
-148966
-215705
-149131
-215591
-149296
-215476
-149462
-215362
-149627
-215247
-149792
-215132
-149957
-215017
-150122
-214902
-150286
-214787
-150451
-214672
-150616
-214556
-150780
-214441
-150945
-214325
-151109
-214209
-151273
-214093
-151437
-213977
-151601
-213861
-151765
-213744
-151929
-213628
-152093
-213511
-152257
-213395
-152420
-213278
-152584
-213161
-152748
-213044
-152911
-212926
-153074
-212809
-153237
-212692
-153400
-212574
-153563
-212456
-153726
-212339
-153889
-212221
-154052
-212102
-154214
-211984
-154377
-211866
-154539
-211748
-154702
-211629
-154864
-211510
-155026
-211391
-155188
-211272
-155350
-211153
-155512
-211034
-155674
-210915
-155836
-210795
-155997
-210676
-156159
-210556
-156320
-210436
-156482
-210316
-156643
-210196
-156804
-210076
-156965
-209956
-157126
-209835
-157287
-209714
-157448
-209594
-157609
-209473
-157769
-209352
-157930
-209231
-158090
-209110
-158251
-208988
-158411
-208867
-158571
-208746
-158731
-208624
-158891
-208502
-159051
-208380
-159211
-208258
-159370
-208136
-159530
-208014
-159689
-207891
-159849
-207769
-160008
-207646
-160167
-207523
-160326
-207400
-160486
-207277
-160644
-207154
-160803
-207031
-160962
-206907
-161121
-206784
-161279
-206660
-161438
-206536
-161596
-206413
-161754
-206289
-161912
-206164
-162070
-206040
-162228
-205916
-162386
-205791
-162544
-205667
-162702
-205542
-162860
-205417
-163017
-205292
-163174
-205167
-163332
-205042
-163489
-204916
-163646
-204791
-163803
-204666
-163960
-204540
-164117
-204414
-164274
-204288
-164430
-204162
-164587
-204036
-164743
-203910
-164900
-203783
-165056
-203657
-165212
-203530
-165368
-203403
-165524
-203276
-165680
-203149
-165836
-203022
-165991
-202895
-166147
-202768
-166302
-202640
-166458
-202512
-166613
-202385
-166768
-202257
-166923
-202129
-167078
-202001
-167233
-201872
-167388
-201744
-167543
-201616
-167697
-201487
-167852
-201358
-168006
-201230
-168160
-201101
-168314
-200972
-168469
-200843
-168623
-200713
-168776
-200584
-168930
-200454
-169084
-200325
-169238
-200195
-169391
-200065
-169544
-199935
-169698
-199805
-169851
-199675
-170004
-199545
-170157
-199414
-170310
-199284
-170463
-199153
-170616
-199022
-170768
-198891
-170921
-198760
-171073
-198629
-171225
-198498
-171378
-198366
-171530
-198235
-171682
-198103
-171834
-197972
-171985
-197840
-172137
-197708
-172288
-197576
-172440
-197443
-172591
-197311
-172743
-197179
-172894
-197046
-173045
-196913
-173196
-196781
-173347
-196648
-173498
-196515
-173648
-196382
-173799
-196248
-173949
-196115
-174100
-195982
-174250
-195848
-174400
-195714
-174550
-195580
-174700
-195446
-174850
-195312
-175000
-195178
-175149
-195044
-175299
-194910
-175448
-194775
-175598
-194640
-175747
-194506
-175896
-194371
-176045
-194236
-176194
-194101
-176343
-193966
-176492
-193830
-176640
-193695
-176789
-193559
-176937
-193424
-177085
-193288
-177234
-193152
-177382
-193016
-177530
-192880
-177678
-192744
-177825
-192607
-177973
-192471
-178121
-192334
-178268
-192198
-178415
-192061
-178563
-191924
-178710
-191787
-178857
-191650
-179004
-191513
-179151
-191375
-179297
-191238
-179444
-191100
-179590
-190962
-179737
-190825
-179883
-190687
-180029
-190549
-180176
-190411
-180322
-190272
-180467
-190134
-180613
-189996
-180759
-189857
-180904
-189718
-181050
-189580
-181195
-189440
-181340
-189302
-181486
-189162
-181631
-189023
-181776
-188884
-181920
-188744
-182065
-188605
-182210
-188465
-182354
-188325
-182499
-188185
-182643
-188045
-182787
-187905
-182931
-187765
-183075
-187624
-183219
-187484
-183363
-187343
-183506
-187203
-183650
-187062
-183793
-186921
-183937
-186780
-184080
-186639
-184223
-186498
-184366
-186356
-184509
-186215
-184652
-186073
-184794
-185932
-184937
-185790
-185079
-185648
-185222
-185506
-185364
-185364
-185506
-185222
-185648
-185079
-185790
-184937
-185932
-184794
-186073
-184652
-186215
-184509
-186356
-184366
-186498
-184223
-186639
-184080
-186780
-183937
-186921
-183793
-187062
-183650
-187203
-183506
-187343
-183363
-187484
-183219
-187624
-183075
-187765
-182931
-187905
-182787
-188045
-182643
-188185
-182499
-188325
-182354
-188465
-182210
-188605
-182065
-188744
-181920
-188884
-181776
-189023
-181631
-189162
-181486
-189302
-181340
-189440
-181195
-189580
-181050
-189718
-180904
-189857
-180759
-189996
-180613
-190134
-180467
-190272
-180322
-190411
-180176
-190549
-180029
-190687
-179883
-190825
-179737
-190962
-179590
-191100
-179444
-191238
-179297
-191375
-179151
-191513
-179004
-191650
-178857
-191787
-178710
-191924
-178563
-192061
-178415
-192198
-178268
-192334
-178121
-192471
-177973
-192607
-177825
-192744
-177678
-192880
-177530
-193016
-177382
-193152
-177234
-193288
-177085
-193424
-176937
-193559
-176789
-193695
-176640
-193830
-176492
-193966
-176343
-194101
-176194
-194236
-176045
-194371
-175896
-194506
-175747
-194640
-175598
-194775
-175448
-194910
-175299
-195044
-175149
-195178
-175000
-195312
-174850
-195446
-174700
-195580
-174550
-195714
-174400
-195848
-174250
-195982
-174100
-196115
-173949
-196248
-173799
-196382
-173648
-196515
-173498
-196648
-173347
-196781
-173196
-196913
-173045
-197046
-172894
-197179
-172743
-197311
-172591
-197443
-172440
-197576
-172288
-197708
-172137
-197840
-171985
-197972
-171834
-198103
-171682
-198235
-171530
-198366
-171378
-198498
-171225
-198629
-171073
-198760
-170921
-198891
-170768
-199022
-170616
-199153
-170463
-199284
-170310
-199414
-170157
-199545
-170004
-199675
-169851
-199805
-169698
-199935
-169544
-200065
-169391
-200195
-169238
-200325
-169084
-200454
-168930
-200584
-168776
-200713
-168623
-200843
-168469
-200972
-168314
-201101
-168160
-201230
-168006
-201358
-167852
-201487
-167697
-201616
-167543
-201744
-167388
-201872
-167233
-202001
-167078
-202129
-166923
-202257
-166768
-202385
-166613
-202512
-166458
-202640
-166302
-202768
-166147
-202895
-165991
-203022
-165836
-203149
-165680
-203276
-165524
-203403
-165368
-203530
-165212
-203657
-165056
-203783
-164900
-203910
-164743
-204036
-164587
-204162
-164430
-204288
-164274
-204414
-164117
-204540
-163960
-204666
-163803
-204791
-163646
-204916
-163489
-205042
-163332
-205167
-163174
-205292
-163017
-205417
-162860
-205542
-162702
-205667
-162544
-205791
-162386
-205916
-162228
-206040
-162070
-206164
-161912
-206289
-161754
-206413
-161596
-206536
-161438
-206660
-161279
-206784
-161121
-206907
-160962
-207031
-160803
-207154
-160644
-207277
-160486
-207400
-160326
-207523
-160167
-207646
-160008
-207769
-159849
-207891
-159689
-208014
-159530
-208136
-159370
-208258
-159211
-208380
-159051
-208502
-158891
-208624
-158731
-208746
-158571
-208867
-158411
-208988
-158251
-209110
-158090
-209231
-157930
-209352
-157769
-209473
-157609
-209594
-157448
-209714
-157287
-209835
-157126
-209956
-156965
-210076
-156804
-210196
-156643
-210316
-156482
-210436
-156320
-210556
-156159
-210676
-155997
-210795
-155836
-210915
-155674
-211034
-155512
-211153
-155350
-211272
-155188
-211391
-155026
-211510
-154864
-211629
-154702
-211748
-154539
-211866
-154377
-211984
-154214
-212102
-154052
-212221
-153889
-212339
-153726
-212456
-153563
-212574
-153400
-212692
-153237
-212809
-153074
-212926
-152911
-213044
-152748
-213161
-152584
-213278
-152420
-213395
-152257
-213511
-152093
-213628
-151929
-213744
-151765
-213861
-151601
-213977
-151437
-214093
-151273
-214209
-151109
-214325
-150945
-214441
-150780
-214556
-150616
-214672
-150451
-214787
-150286
-214902
-150122
-215017
-149957
-215132
-149792
-215247
-149627
-215362
-149462
-215476
-149296
-215591
-149131
-215705
-148966
-215819
-148800
-215933
-148634
-216047
-148469
-216161
-148303
-216275
-148137
-216388
-147971
-216502
-147805
-216615
-147639
-216728
-147473
-216841
-147307
-216954
-147140
-217067
-146974
-217180
-146808
-217292
-146641
-217405
-146474
-217517
-146307
-217629
-146140
-217741
-145974
-217853
-145806
-217965
-145639
-218076
-145472
-218188
-145305
-218299
-145137
-218410
-144970
-218522
-144802
-218633
-144635
-218744
-144467
-218854
-144299
-218965
-144131
-219075
-143963
-219186
-143795
-219296
-143627
-219406
-143459
-219516
-143290
-219626
-143122
-219736
-142954
-219845
-142785
-219954
-142616
-220064
-142448
-220173
-142279
-220282
-142110
-220391
-141941
-220500
-141772
-220608
-141603
-220717
-141433
-220826
-141264
-220934
-141095
-221042
-140925
-221150
-140756
-221258
-140586
-221366
-140416
-221473
-140246
-221581
-140076
-221688
-139906
-221795
-139736
-221902
-139566
-222010
-139396
-222116
-139226
-222223
-139055
-222330
-138885
-222436
-138714
-222542
-138544
-222649
-138373
-222755
-138202
-222861
-138031
-222966
-137860
-223072
-137689
-223178
-137518
-223283
-137347
-223388
-137176
-223493
-137004
-223598
-136833
-223703
-136661
-223808
-136490
-223913
-136318
-224017
-136146
-224122
-135974
-224226
-135802
-224330
-135630
-224434
-135458
-224538
-135286
-224641
-135114
-224745
-134941
-224848
-134769
-224952
-134596
-225055
-134424
-225158
-134251
-225261
-134078
-225364
-133906
-225466
-133733
-225569
-133560
-225671
-133387
-225773
-133214
-225875
-133040
-225977
-132867
-226079
-132694
-226181
-132520
-226282
-132347
-226384
-132173
-226485
-132000
-226586
-131826
-226688
-131652
-226788
-131478
-226889
-131304
-226990
-131130
-227090
-130956
-227191
-130782
-227291
-130607
-227391
-130433
-227491
-130258
-227591
-130084
-227690
-129909
-227790
-129735
-227890
-129560
-227989
-129385
-228088
-129210
-228187
-129035
-228286
-128860
-228385
-128685
-228483
-128510
-228582
-128335
-228680
-128159
-228778
-127984
-228876
-127808
-228974
-127633
-229072
-127457
-229170
-127281
-229268
-127106
-229365
-126930
-229462
-126754
-229560
-126578
-229656
-126402
-229753
-126225
-229850
-126049
-229947
-125873
-230043
-125696
-230140
-125520
-230236
-125343
-230332
-125167
-230428
-124990
-230524
-124813
-230619
-124636
-230715
-124460
-230810
-124282
-230905
-124105
-231000
-123928
-231096
-123751
-231190
-123574
-231285
-123396
-231380
-123219
-231474
-123042
-231568
-122864
-231662
-122686
-231756
-122508
-231850
-122331
-231944
-122153
-232038
-121975
-232131
-121797
-232225
-121619
-232318
-121441
-232411
-121262
-232504
-121084
-232597
-120906
-232689
-120727
-232782
-120549
-232874
-120370
-232966
-120192
-233059
-120013
-233151
-119834
-233242
-119655
-233334
-119476
-233426
-119297
-233517
-119118
-233608
-118939
-233700
-118760
-233791
-118581
-233882
-118401
-233972
-118222
-234063
-118042
-234153
-117863
-234244
-117683
-234334
-117504
-234424
-117324
-234514
-117144
-234604
-116964
-234693
-116784
-234783
-116604
-234872
-116424
-234961
-116244
-235050
-116064
-235139
-115883
-235228
-115703
-235317
-115522
-235405
-115342
-235494
-115161
-235582
-114980
-235670
-114800
-235758
-114619
-235846
-114438
-235934
-114257
-236021
-114076
-236109
-113895
-236196
-113714
-236283
-113533
-236370
-113352
-236457
-113170
-236544
-112989
-236630
-112808
-236717
-112626
-236803
-112444
-236889
-112263
-236975
-112081
-237061
-111899
-237147
-111717
-237233
-111535
-237318
-111353
-237403
-111171
-237489
-110989
-237574
-110807
-237658
-110625
-237743
-110442
-237828
-110260
-237912
-110078
-237997
-109895
-238081
-109712
-238165
-109530
-238249
-109347
-238333
-109164
-238416
-108982
-238500
-108799
-238583
-108616
-238667
-108433
-238750
-108250
-238833
-108066
-238916
-107883
-238998
-107700
-239081
-107517
-239163
-107333
-239245
-107150
-239328
-106966
-239410
-106783
-239491
-106599
-239573
-106415
-239654
-106232
-239736
-106048
-239817
-105864
-239898
-105680
-239979
-105496
-240060
-105312
-240141
-105128
-240221
-104943
-240302
-104759
-240382
-104575
-240462
-104390
-240542
-104206
-240622
-104021
-240702
-103837
-240781
-103652
-240861
-103467
-240940
-103283
-241019
-103098
-241098
-102913
-241177
-102728
-241256
-102543
-241334
-102358
-241413
-102173
-241491
-101988
-241569
-101802
-241647
-101617
-241725
-101432
-241803
-101246
-241880
-101061
-241958
-100875
-242035
-100690
-242112
-100504
-242189
-100318
-242266
-100132
-242343
-99946
-242420
-99761
-242496
-99575
-242572
-99389
-242648
-99202
-242724
-99016
-242800
-98830
-242876
-98644
-242952
-98458
-243027
-98271
-243102
-98085
-243178
-97898
-243253
-97712
-243328
-97525
-243402
-97338
-243477
-97152
-243551
-96965
-243626
-96778
-243700
-96591
-243774
-96404
-243848
-96217
-243921
-96030
-243995
-95843
-244068
-95656
-244142
-95469
-244215
-95282
-244288
-95094
-244361
-94907
-244433
-94719
-244506
-94532
-244578
-94344
-244651
-94157
-244723
-93969
-244795
-93781
-244867
-93594
-244938
-93406
-245010
-93218
-245081
-93030
-245153
-92842
-245224
-92654
-245295
-92466
-245366
-92278
-245436
-92089
-245507
-91901
-245577
-91713
-245648
-91524
-245718
-91336
-245788
-91147
-245858
-90959
-245927
-90770
-245997
-90582
-246066
-90393
-246136
-90204
-246205
-90015
-246274
-89826
-246342
-89638
-246411
-89448
-246480
-89260
-246548
-89070
-246616
-88881
-246684
-88692
-246752
-88503
-246820
-88314
-246888
-88124
-246955
-87935
-247023
-87745
-247090
-87556
-247157
-87366
-247224
-87177
-247291
-86987
-247357
-86798
-247424
-86608
-247490
-86418
-247556
-86228
-247622
-86038
-247688
-85848
-247754
-85658
-247820
-85468
-247885
-85278
-247950
-85088
-248016
-84898
-248081
-84708
-248146
-84517
-248210
-84327
-248275
-84136
-248340
-83946
-248404
-83756
-248468
-83565
-248532
-83374
-248596
-83184
-248660
-82993
-248723
-82802
-248787
-82612
-248850
-82421
-248913
-82230
-248976
-82039
-249039
-81848
-249102
-81657
-249164
-81466
-249227
-81274
-249289
-81083
-249351
-80892
-249413
-80701
-249475
-80510
-249536
-80318
-249598
-80127
-249659
-79935
-249721
-79744
-249782
-79552
-249843
-79361
-249903
-79169
-249964
-78977
-250024
-78786
-250085
-78594
-250145
-78402
-250205
-78210
-250265
-78018
-250325
-77826
-250384
-77634
-250444
-77442
-250503
-77250
-250562
-77058
-250622
-76866
-250680
-76673
-250739
-76481
-250798
-76289
-250856
-76096
-250914
-75904
-250972
-75711
-251030
-75519
-251088
-75326
-251146
-75134
-251204
-74941
-251261
-74748
-251318
-74556
-251375
-74363
-251432
-74170
-251489
-73977
-251546
-73784
-251602
-73591
-251659
-73398
-251715
-73205
-251771
-73012
-251827
-72819
-251883
-72626
-251938
-72433
-251994
-72239
-252049
-72046
-252104
-71853
-252159
-71659
-252214
-71466
-252269
-71272
-252324
-71079
-252378
-70886
-252432
-70692
-252486
-70498
-252540
-70304
-252594
-70111
-252648
-69917
-252702
-69723
-252755
-69530
-252808
-69336
-252861
-69142
-252914
-68948
-252967
-68754
-253020
-68560
-253072
-68366
-253125
-68171
-253177
-67977
-253229
-67783
-253281
-67589
-253333
-67394
-253384
-67200
-253436
-67006
-253487
-66812
-253538
-66617
-253589
-66422
-253640
-66228
-253691
-66034
-253741
-65839
-253792
-65644
-253842
-65450
-253892
-65255
-253942
-65060
-253992
-64865
-254042
-64670
-254091
-64476
-254141
-64281
-254190
-64086
-254239
-63891
-254288
-63696
-254337
-63501
-254385
-63306
-254434
-63110
-254482
-62915
-254530
-62720
-254578
-62525
-254626
-62330
-254674
-62134
-254721
-61939
-254769
-61744
-254816
-61548
-254863
-61353
-254910
-61157
-254957
-60962
-255004
-60766
-255050
-60570
-255097
-60375
-255143
-60179
-255189
-59983
-255235
-59788
-255281
-59592
-255326
-59396
-255372
-59200
-255417
-59004
-255462
-58808
-255507
-58612
-255552
-58416
-255597
-58220
-255642
-58024
-255686
-57828
-255730
-57632
-255774
-57436
-255818
-57240
-255862
-57044
-255906
-56847
-255949
-56651
-255993
-56455
-256036
-56258
-256079
-56062
-256122
-55866
-256165
-55669
-256207
-55473
-256250
-55276
-256292
-55080
-256334
-54883
-256376
-54686
-256418
-54490
-256460
-54293
-256502
-54096
-256543
-53900
-256584
-53703
-256625
-53506
-256666
-53309
-256707
-53112
-256748
-52915
-256788
-52718
-256829
-52521
-256869
-52324
-256909
-52127
-256949
-51930
-256988
-51733
-257028
-51536
-257068
-51339
-257107
-51142
-257146
-50944
-257185
-50747
-257224
-50550
-257263
-50353
-257301
-50155
-257340
-49958
-257378
-49761
-257416
-49563
-257454
-49366
-257492
-49168
-257529
-48971
-257567
-48773
-257604
-48576
-257641
-48378
-257678
-48180
-257715
-47983
-257752
-47785
-257788
-47587
-257825
-47390
-257861
-47192
-257897
-46994
-257933
-46796
-257969
-46598
-258005
-46400
-258040
-46203
-258076
-46005
-258111
-45807
-258146
-45609
-258181
-45411
-258216
-45213
-258250
-45015
-258284
-44817
-258319
-44618
-258353
-44420
-258387
-44222
-258421
-44024
-258454
-43826
-258488
-43628
-258522
-43429
-258555
-43231
-258588
-43033
-258621
-42834
-258654
-42636
-258686
-42438
-258719
-42239
-258751
-42041
-258783
-41842
-258815
-41644
-258847
-41445
-258879
-41247
-258910
-41048
-258942
-40849
-258973
-40651
-259004
-40452
-259035
-40254
-259066
-40055
-259096
-39856
-259127
-39657
-259157
-39459
-259187
-39260
-259217
-39061
-259247
-38862
-259277
-38663
-259307
-38464
-259336
-38266
-259365
-38067
-259394
-37868
-259423
-37669
-259452
-37470
-259481
-37271
-259509
-37072
-259538
-36873
-259566
-36674
-259594
-36474
-259622
-36275
-259650
-36076
-259677
-35877
-259705
-35678
-259732
-35479
-259759
-35280
-259786
-35080
-259813
-34881
-259840
-34682
-259866
-34482
-259892
-34283
-259919
-34084
-259945
-33884
-259971
-33685
-259996
-33486
-260022
-33286
-260048
-33087
-260073
-32887
-260098
-32688
-260123
-32488
-260148
-32289
-260172
-32089
-260197
-31890
-260221
-31690
-260246
-31490
-260270
-31291
-260294
-31091
-260317
-30892
-260341
-30692
-260364
-30492
-260388
-30292
-260411
-30093
-260434
-29893
-260457
-29693
-260480
-29494
-260502
-29294
-260524
-29094
-260547
-28894
-260569
-28694
-260591
-28494
-260612
-28294
-260634
-28094
-260656
-27895
-260677
-27695
-260698
-27495
-260719
-27295
-260740
-27095
-260761
-26895
-260781
-26695
-260802
-26495
-260822
-26295
-260842
-26095
-260862
-25895
-260882
-25694
-260901
-25494
-260921
-25294
-260940
-25094
-260959
-24894
-260978
-24694
-260997
-24494
-261016
-24294
-261034
-24093
-261053
-23893
-261071
-23693
-261089
-23493
-261107
-23292
-261125
-23092
-261142
-22892
-261160
-22692
-261177
-22491
-261194
-22291
-261212
-22090
-261228
-21890
-261245
-21690
-261262
-21489
-261278
-21289
-261294
-21089
-261310
-20888
-261326
-20688
-261342
-20487
-261358
-20287
-261373
-20086
-261389
-19886
-261404
-19686
-261419
-19485
-261434
-19284
-261448
-19084
-261463
-18883
-261477
-18683
-261492
-18482
-261506
-18282
-261520
-18081
-261533
-17880
-261547
-17680
-261560
-17479
-261574
-17279
-261587
-17078
-261600
-16878
-261613
-16677
-261626
-16476
-261638
-16276
-261651
-16075
-261663
-15874
-261675
-15673
-261687
-15473
-261699
-15272
-261710
-15071
-261722
-14870
-261733
-14670
-261744
-14469
-261755
-14268
-261766
-14068
-261777
-13867
-261788
-13666
-261798
-13465
-261808
-13264
-261818
-13064
-261828
-12863
-261838
-12662
-261848
-12461
-261857
-12260
-261866
-12059
-261876
-11858
-261885
-11658
-261894
-11457
-261902
-11256
-261911
-11055
-261919
-10854
-261927
-10653
-261936
-10452
-261943
-10252
-261951
-10051
-261959
-9850
-261966
-9649
-261974
-9448
-261981
-9247
-261988
-9046
-261995
-8845
-262001
-8644
-262008
-8443
-262014
-8242
-262021
-8041
-262027
-7840
-262033
-7639
-262038
-7438
-262044
-7237
-262050
-7036
-262055
-6835
-262060
-6634
-262065
-6433
-262070
-6232
-262074
-6031
-262079
-5830
-262084
-5629
-262088
-5428
-262092
-5227
-262096
-5026
-262100
-4825
-262103
-4624
-262107
-4423
-262110
-4222
-262113
-4021
-262116
-3820
-262119
-3619
-262122
-3418
-262124
-3217
-262127
-3016
-262129
-2815
-262131
-2614
-262133
-2413
-262135
-2212
-262136
-2010
-262138
-1810
-262139
-1608
-262140
-1407
-262141
-1206
-262142
-1005
-262143
-804
-262143
-603
-262144
-402
-262144
-201
