16777215
0
16772163
-411733
16757007
-823219
16731757
-1234208
16696429
-1644455
16651044
-2053710
16595628
-2461729
16530216
-2868264
16454846
-3273072
16369565
-3675909
16274424
-4076531
16169479
-4474698
16054795
-4870169
15930439
-5262706
15796488
-5652074
15653022
-6038037
15500126
-6420362
15337894
-6798821
15166424
-7173184
14985817
-7543226
14796184
-7908725
14597637
-8269459
14390298
-8625213
14174291
-8975771
13949745
-9320922
13716797
-9660458
13475586
-9994176
13226258
-10321873
12968963
-10643353
12703856
-10958422
12431097
-11266890
12150850
-11568571
11863283
-11863283
11568571
-12150850
11266890
-12431097
10958422
-12703856
10643353
-12968963
10321873
-13226258
9994176
-13475586
9660458
-13716797
9320922
-13949745
8975771
-14174291
8625213
-14390298
8269459
-14597637
7908725
-14796184
7543226
-14985817
7173184
-15166424
6798821
-15337894
6420362
-15500126
6038037
-15653022
5652074
-15796488
5262706
-15930439
4870169
-16054795
4474698
-16169479
4076531
-16274424
3675909
-16369565
3273072
-16454846
2868264
-16530216
2461729
-16595628
2053710
-16651044
1644455
-16696429
1234208
-16731757
823219
-16757007
411733
-16772163
0
-16777216
-411733
-16772163
-823219
-16757007
-1234208
-16731757
-1644455
-16696429
-2053710
-16651044
-2461729
-16595628
-2868264
-16530216
-3273072
-16454846
-3675909
-16369565
-4076531
-16274424
-4474698
-16169479
-4870169
-16054795
-5262706
-15930439
-5652074
-15796488
-6038037
-15653022
-6420362
-15500126
-6798821
-15337894
-7173184
-15166424
-7543226
-14985817
-7908725
-14796184
-8269459
-14597637
-8625213
-14390298
-8975771
-14174291
-9320922
-13949745
-9660458
-13716797
-9994176
-13475586
-10321873
-13226258
-10643353
-12968963
-10958422
-12703856
-11266890
-12431097
-11568571
-12150850
-11863283
-11863283
-12150850
-11568571
-12431097
-11266890
-12703856
-10958422
-12968963
-10643353
-13226258
-10321873
-13475586
-9994176
-13716797
-9660458
-13949745
-9320922
-14174291
-8975771
-14390298
-8625213
-14597637
-8269459
-14796184
-7908725
-14985817
-7543226
-15166424
-7173184
-15337894
-6798821
-15500126
-6420362
-15653022
-6038037
-15796488
-5652074
-15930439
-5262706
-16054795
-4870169
-16169479
-4474698
-16274424
-4076531
-16369565
-3675909
-16454846
-3273072
-16530216
-2868264
-16595628
-2461729
-16651044
-2053710
-16696429
-1644455
-16731757
-1234208
-16757007
-823219
-16772163
-411733
