2047
0
2046
-100
2038
-201
2026
-300
2009
-400
1986
-498
1960
-594
1928
-690
1892
-784
1851
-876
1806
-965
1757
-1053
1703
-1138
1645
-1220
1583
-1299
1517
-1375
1448
-1448
1375
-1517
1299
-1583
1220
-1645
1138
-1703
1053
-1757
965
-1806
876
-1851
784
-1892
690
-1928
594
-1960
498
-1986
400
-2009
300
-2026
201
-2038
100
-2046
0
-2048
-100
-2046
-201
-2038
-300
-2026
-400
-2009
-498
-1986
-594
-1960
-690
-1928
-784
-1892
-876
-1851
-965
-1806
-1053
-1757
-1138
-1703
-1220
-1645
-1299
-1583
-1375
-1517
-1448
-1448
-1517
-1375
-1583
-1299
-1645
-1220
-1703
-1138
-1757
-1053
-1806
-965
-1851
-876
-1892
-784
-1928
-690
-1960
-594
-1986
-498
-2009
-400
-2026
-300
-2038
-201
-2046
-100
