65535
0
65535
-100
65535
-201
65535
-302
65535
-402
65534
-503
65533
-603
65532
-704
65531
-804
65530
-905
65528
-1005
65527
-1106
65525
-1206
65523
-1307
65521
-1407
65519
-1508
65516
-1608
65514
-1709
65511
-1809
65508
-1910
65505
-2010
65502
-2111
65499
-2211
65495
-2312
65492
-2412
65488
-2513
65484
-2613
65480
-2714
65476
-2814
65471
-2914
65466
-3015
65462
-3115
65457
-3216
65452
-3316
65447
-3416
65442
-3517
65436
-3617
65430
-3718
65425
-3818
65419
-3918
65413
-4019
65406
-4119
65400
-4219
65393
-4320
65387
-4420
65380
-4520
65373
-4620
65366
-4721
65358
-4821
65351
-4921
65343
-5022
65336
-5122
65328
-5222
65320
-5322
65311
-5422
65303
-5523
65294
-5623
65286
-5723
65277
-5823
65268
-5923
65258
-6023
65249
-6123
65240
-6224
65230
-6324
65220
-6424
65210
-6524
65200
-6624
65190
-6724
65180
-6824
65169
-6924
65158
-7024
65148
-7124
65137
-7224
65126
-7323
65114
-7423
65103
-7523
65091
-7623
65079
-7723
65067
-7823
65055
-7922
65043
-8022
65031
-8122
65018
-8222
65006
-8322
64993
-8421
64980
-8521
64966
-8620
64953
-8720
64940
-8820
64926
-8919
64912
-9019
64898
-9119
64884
-9218
64870
-9318
64856
-9417
64841
-9517
64827
-9616
64812
-9716
64797
-9815
64782
-9914
64766
-10014
64751
-10113
64735
-10212
64720
-10312
64704
-10411
64688
-10510
64672
-10609
64655
-10708
64639
-10808
64622
-10907
64605
-11006
64588
-11105
64571
-11204
64554
-11303
64536
-11402
64519
-11501
64501
-11600
64483
-11699
64465
-11798
64447
-11897
64429
-11996
64410
-12094
64392
-12193
64373
-12292
64354
-12391
64335
-12490
64316
-12588
64296
-12687
64277
-12785
64257
-12884
64237
-12982
64217
-13081
64197
-13180
64177
-13278
64156
-13376
64136
-13475
64115
-13573
64094
-13672
64073
-13770
64052
-13868
64030
-13966
64009
-14064
63987
-14163
63966
-14261
63944
-14359
63922
-14457
63899
-14555
63877
-14653
63854
-14751
63832
-14849
63809
-14947
63786
-15045
63762
-15142
63739
-15240
63716
-15338
63692
-15436
63668
-15534
63644
-15631
63620
-15729
63596
-15826
63572
-15924
63547
-16021
63523
-16119
63498
-16216
63473
-16314
63448
-16411
63423
-16508
63397
-16606
63372
-16703
63346
-16800
63320
-16897
63294
-16994
63268
-17091
63242
-17188
63215
-17285
63189
-17382
63162
-17479
63135
-17576
63108
-17673
63081
-17770
63054
-17866
63026
-17963
62998
-18060
62971
-18156
62943
-18253
62915
-18350
62886
-18446
62858
-18542
62830
-18639
62801
-18735
62772
-18832
62743
-18928
62714
-19024
62685
-19120
62655
-19216
62626
-19312
62596
-19408
62566
-19504
62536
-19600
62506
-19696
62476
-19792
62445
-19888
62415
-19984
62384
-20080
62353
-20175
62322
-20271
62291
-20366
62260
-20462
62228
-20557
62197
-20653
62165
-20748
62133
-20844
62101
-20939
62069
-21034
62036
-21129
62004
-21224
61971
-21320
61938
-21414
61906
-21510
61872
-21604
61839
-21699
61806
-21794
61772
-21889
61739
-21984
61705
-22078
61671
-22173
61637
-22268
61603
-22362
61568
-22456
61534
-22551
61499
-22645
61464
-22740
61429
-22834
61394
-22928
61359
-23022
61324
-23116
61288
-23210
61252
-23304
61217
-23398
61181
-23492
61144
-23586
61108
-23680
61072
-23774
61035
-23867
60999
-23961
60962
-24054
60925
-24148
60888
-24241
60850
-24335
60813
-24428
60776
-24521
60738
-24614
60700
-24708
60662
-24801
60624
-24894
60586
-24987
60547
-25080
60509
-25172
60470
-25265
60431
-25358
60392
-25450
60353
-25543
60314
-25636
60274
-25728
60235
-25821
60195
-25913
60156
-26005
60116
-26098
60075
-26190
60035
-26282
59995
-26374
59954
-26466
59914
-26558
59873
-26650
59832
-26742
59791
-26833
59750
-26925
59708
-27017
59667
-27108
59625
-27200
59583
-27291
59541
-27382
59499
-27474
59457
-27565
59415
-27656
59372
-27747
59330
-27838
59287
-27929
59244
-28020
59201
-28111
59158
-28202
59114
-28292
59071
-28383
59027
-28474
58983
-28564
58940
-28655
58896
-28745
58851
-28835
58807
-28926
58762
-29016
58718
-29106
58673
-29196
58628
-29286
58583
-29376
58538
-29466
58493
-29555
58448
-29645
58402
-29735
58356
-29824
58311
-29914
58265
-30003
58218
-30092
58172
-30182
58126
-30271
58079
-30360
58033
-30449
57986
-30538
57939
-30627
57892
-30716
57845
-30805
57798
-30893
57750
-30982
57702
-31071
57655
-31159
57607
-31248
57559
-31336
57511
-31424
57462
-31512
57414
-31600
57366
-31688
57317
-31776
57268
-31864
57219
-31952
57170
-32040
57121
-32127
57072
-32215
57022
-32302
56972
-32390
56923
-32477
56873
-32565
56823
-32652
56772
-32739
56722
-32826
56672
-32913
56621
-33000
56571
-33087
56520
-33173
56469
-33260
56418
-33347
56366
-33433
56315
-33520
56264
-33606
56212
-33692
56160
-33778
56108
-33864
56056
-33950
56004
-34036
55952
-34122
55900
-34208
55847
-34294
55794
-34380
55742
-34465
55689
-34550
55636
-34636
55582
-34721
55529
-34806
55476
-34892
55422
-34977
55368
-35062
55314
-35146
55260
-35231
55206
-35316
55152
-35401
55098
-35485
55043
-35570
54989
-35654
54934
-35738
54879
-35823
54824
-35907
54769
-35991
54714
-36075
54658
-36159
54603
-36242
54547
-36326
54491
-36410
54435
-36493
54379
-36577
54323
-36660
54267
-36744
54210
-36827
54154
-36910
54097
-36993
54040
-37076
53983
-37159
53926
-37241
53869
-37324
53812
-37407
53754
-37489
53697
-37572
53639
-37654
53581
-37736
53523
-37818
53465
-37900
53407
-37982
53349
-38064
53290
-38146
53232
-38228
53173
-38309
53114
-38391
53055
-38472
52996
-38554
52937
-38635
52878
-38716
52818
-38797
52758
-38878
52699
-38959
52639
-39040
52579
-39120
52519
-39201
52459
-39282
52398
-39362
52338
-39442
52277
-39522
52217
-39603
52156
-39683
52095
-39763
52034
-39842
51973
-39922
51911
-40002
51850
-40082
51788
-40161
51727
-40240
51665
-40320
51603
-40399
51541
-40478
51479
-40557
51417
-40636
51354
-40715
51292
-40794
51229
-40872
51166
-40951
51104
-41029
51040
-41108
50977
-41186
50914
-41264
50851
-41342
50787
-41420
50724
-41498
50660
-41576
50596
-41653
50532
-41731
50468
-41808
50404
-41886
50340
-41963
50275
-42040
50211
-42117
50146
-42194
50081
-42271
50016
-42348
49951
-42424
49886
-42501
49821
-42578
49756
-42654
49690
-42730
49624
-42806
49559
-42882
49493
-42958
49427
-43034
49361
-43110
49295
-43186
49228
-43261
49162
-43337
49095
-43412
49029
-43487
48962
-43562
48895
-43638
48828
-43712
48761
-43787
48694
-43862
48626
-43937
48559
-44011
48491
-44086
48424
-44160
48356
-44234
48288
-44308
48220
-44382
48152
-44456
48084
-44530
48015
-44604
47947
-44677
47878
-44751
47809
-44824
47741
-44898
47672
-44971
47603
-45044
47534
-45117
47464
-45190
47395
-45262
47325
-45335
47256
-45408
47186
-45480
47116
-45552
47046
-45625
46976
-45697
46906
-45769
46836
-45841
46765
-45912
46695
-45984
46624
-46056
46554
-46127
46483
-46198
46412
-46270
46341
-46341
46270
-46412
46198
-46483
46127
-46554
46056
-46624
45984
-46695
45912
-46765
45841
-46836
45769
-46906
45697
-46976
45625
-47046
45552
-47116
45480
-47186
45408
-47256
45335
-47325
45262
-47395
45190
-47464
45117
-47534
45044
-47603
44971
-47672
44898
-47741
44824
-47809
44751
-47878
44677
-47947
44604
-48015
44530
-48084
44456
-48152
44382
-48220
44308
-48288
44234
-48356
44160
-48424
44086
-48491
44011
-48559
43937
-48626
43862
-48694
43787
-48761
43712
-48828
43638
-48895
43562
-48962
43487
-49029
43412
-49095
43337
-49162
43261
-49228
43186
-49295
43110
-49361
43034
-49427
42958
-49493
42882
-49559
42806
-49624
42730
-49690
42654
-49756
42578
-49821
42501
-49886
42424
-49951
42348
-50016
42271
-50081
42194
-50146
42117
-50211
42040
-50275
41963
-50340
41886
-50404
41808
-50468
41731
-50532
41653
-50596
41576
-50660
41498
-50724
41420
-50787
41342
-50851
41264
-50914
41186
-50977
41108
-51040
41029
-51104
40951
-51166
40872
-51229
40794
-51292
40715
-51354
40636
-51417
40557
-51479
40478
-51541
40399
-51603
40320
-51665
40240
-51727
40161
-51788
40082
-51850
40002
-51911
39922
-51973
39842
-52034
39763
-52095
39683
-52156
39603
-52217
39522
-52277
39442
-52338
39362
-52398
39282
-52459
39201
-52519
39120
-52579
39040
-52639
38959
-52699
38878
-52758
38797
-52818
38716
-52878
38635
-52937
38554
-52996
38472
-53055
38391
-53114
38309
-53173
38228
-53232
38146
-53290
38064
-53349
37982
-53407
37900
-53465
37818
-53523
37736
-53581
37654
-53639
37572
-53697
37489
-53754
37407
-53812
37324
-53869
37241
-53926
37159
-53983
37076
-54040
36993
-54097
36910
-54154
36827
-54210
36744
-54267
36660
-54323
36577
-54379
36493
-54435
36410
-54491
36326
-54547
36242
-54603
36159
-54658
36075
-54714
35991
-54769
35907
-54824
35823
-54879
35738
-54934
35654
-54989
35570
-55043
35485
-55098
35401
-55152
35316
-55206
35231
-55260
35146
-55314
35062
-55368
34977
-55422
34892
-55476
34806
-55529
34721
-55582
34636
-55636
34550
-55689
34465
-55742
34380
-55794
34294
-55847
34208
-55900
34122
-55952
34036
-56004
33950
-56056
33864
-56108
33778
-56160
33692
-56212
33606
-56264
33520
-56315
33433
-56366
33347
-56418
33260
-56469
33173
-56520
33087
-56571
33000
-56621
32913
-56672
32826
-56722
32739
-56772
32652
-56823
32565
-56873
32477
-56923
32390
-56972
32302
-57022
32215
-57072
32127
-57121
32040
-57170
31952
-57219
31864
-57268
31776
-57317
31688
-57366
31600
-57414
31512
-57462
31424
-57511
31336
-57559
31248
-57607
31159
-57655
31071
-57702
30982
-57750
30893
-57798
30805
-57845
30716
-57892
30627
-57939
30538
-57986
30449
-58033
30360
-58079
30271
-58126
30182
-58172
30092
-58218
30003
-58265
29914
-58311
29824
-58356
29735
-58402
29645
-58448
29555
-58493
29466
-58538
29376
-58583
29286
-58628
29196
-58673
29106
-58718
29016
-58762
28926
-58807
28835
-58851
28745
-58896
28655
-58940
28564
-58983
28474
-59027
28383
-59071
28292
-59114
28202
-59158
28111
-59201
28020
-59244
27929
-59287
27838
-59330
27747
-59372
27656
-59415
27565
-59457
27474
-59499
27382
-59541
27291
-59583
27200
-59625
27108
-59667
27017
-59708
26925
-59750
26833
-59791
26742
-59832
26650
-59873
26558
-59914
26466
-59954
26374
-59995
26282
-60035
26190
-60075
26098
-60116
26005
-60156
25913
-60195
25821
-60235
25728
-60274
25636
-60314
25543
-60353
25450
-60392
25358
-60431
25265
-60470
25172
-60509
25080
-60547
24987
-60586
24894
-60624
24801
-60662
24708
-60700
24614
-60738
24521
-60776
24428
-60813
24335
-60850
24241
-60888
24148
-60925
24054
-60962
23961
-60999
23867
-61035
23774
-61072
23680
-61108
23586
-61144
23492
-61181
23398
-61217
23304
-61252
23210
-61288
23116
-61324
23022
-61359
22928
-61394
22834
-61429
22740
-61464
22645
-61499
22551
-61534
22456
-61568
22362
-61603
22268
-61637
22173
-61671
22078
-61705
21984
-61739
21889
-61772
21794
-61806
21699
-61839
21604
-61872
21510
-61906
21414
-61938
21320
-61971
21224
-62004
21129
-62036
21034
-62069
20939
-62101
20844
-62133
20748
-62165
20653
-62197
20557
-62228
20462
-62260
20366
-62291
20271
-62322
20175
-62353
20080
-62384
19984
-62415
19888
-62445
19792
-62476
19696
-62506
19600
-62536
19504
-62566
19408
-62596
19312
-62626
19216
-62655
19120
-62685
19024
-62714
18928
-62743
18832
-62772
18735
-62801
18639
-62830
18542
-62858
18446
-62886
18350
-62915
18253
-62943
18156
-62971
18060
-62998
17963
-63026
17866
-63054
17770
-63081
17673
-63108
17576
-63135
17479
-63162
17382
-63189
17285
-63215
17188
-63242
17091
-63268
16994
-63294
16897
-63320
16800
-63346
16703
-63372
16606
-63397
16508
-63423
16411
-63448
16314
-63473
16216
-63498
16119
-63523
16021
-63547
15924
-63572
15826
-63596
15729
-63620
15631
-63644
15534
-63668
15436
-63692
15338
-63716
15240
-63739
15142
-63762
15045
-63786
14947
-63809
14849
-63832
14751
-63854
14653
-63877
14555
-63899
14457
-63922
14359
-63944
14261
-63966
14163
-63987
14064
-64009
13966
-64030
13868
-64052
13770
-64073
13672
-64094
13573
-64115
13475
-64136
13376
-64156
13278
-64177
13180
-64197
13081
-64217
12982
-64237
12884
-64257
12785
-64277
12687
-64296
12588
-64316
12490
-64335
12391
-64354
12292
-64373
12193
-64392
12094
-64410
11996
-64429
11897
-64447
11798
-64465
11699
-64483
11600
-64501
11501
-64519
11402
-64536
11303
-64554
11204
-64571
11105
-64588
11006
-64605
10907
-64622
10808
-64639
10708
-64655
10609
-64672
10510
-64688
10411
-64704
10312
-64720
10212
-64735
10113
-64751
10014
-64766
9914
-64782
9815
-64797
9716
-64812
9616
-64827
9517
-64841
9417
-64856
9318
-64870
9218
-64884
9119
-64898
9019
-64912
8919
-64926
8820
-64940
8720
-64953
8620
-64966
8521
-64980
8421
-64993
8322
-65006
8222
-65018
8122
-65031
8022
-65043
7922
-65055
7823
-65067
7723
-65079
7623
-65091
7523
-65103
7423
-65114
7323
-65126
7224
-65137
7124
-65148
7024
-65158
6924
-65169
6824
-65180
6724
-65190
6624
-65200
6524
-65210
6424
-65220
6324
-65230
6224
-65240
6123
-65249
6023
-65258
5923
-65268
5823
-65277
5723
-65286
5623
-65294
5523
-65303
5422
-65311
5322
-65320
5222
-65328
5122
-65336
5022
-65343
4921
-65351
4821
-65358
4721
-65366
4620
-65373
4520
-65380
4420
-65387
4320
-65393
4219
-65400
4119
-65406
4019
-65413
3918
-65419
3818
-65425
3718
-65430
3617
-65436
3517
-65442
3416
-65447
3316
-65452
3216
-65457
3115
-65462
3015
-65466
2914
-65471
2814
-65476
2714
-65480
2613
-65484
2513
-65488
2412
-65492
2312
-65495
2211
-65499
2111
-65502
2010
-65505
1910
-65508
1809
-65511
1709
-65514
1608
-65516
1508
-65519
1407
-65521
1307
-65523
1206
-65525
1106
-65527
1005
-65528
905
-65530
804
-65531
704
-65532
603
-65533
503
-65534
402
-65535
302
-65535
201
-65536
100
-65536
0
-65536
-100
-65536
-201
-65536
-302
-65535
-402
-65535
-503
-65534
-603
-65533
-704
-65532
-804
-65531
-905
-65530
-1005
-65528
-1106
-65527
-1206
-65525
-1307
-65523
-1407
-65521
-1508
-65519
-1608
-65516
-1709
-65514
-1809
-65511
-1910
-65508
-2010
-65505
-2111
-65502
-2211
-65499
-2312
-65495
-2412
-65492
-2513
-65488
-2613
-65484
-2714
-65480
-2814
-65476
-2914
-65471
-3015
-65466
-3115
-65462
-3216
-65457
-3316
-65452
-3416
-65447
-3517
-65442
-3617
-65436
-3718
-65430
-3818
-65425
-3918
-65419
-4019
-65413
-4119
-65406
-4219
-65400
-4320
-65393
-4420
-65387
-4520
-65380
-4620
-65373
-4721
-65366
-4821
-65358
-4921
-65351
-5022
-65343
-5122
-65336
-5222
-65328
-5322
-65320
-5422
-65311
-5523
-65303
-5623
-65294
-5723
-65286
-5823
-65277
-5923
-65268
-6023
-65258
-6123
-65249
-6224
-65240
-6324
-65230
-6424
-65220
-6524
-65210
-6624
-65200
-6724
-65190
-6824
-65180
-6924
-65169
-7024
-65158
-7124
-65148
-7224
-65137
-7323
-65126
-7423
-65114
-7523
-65103
-7623
-65091
-7723
-65079
-7823
-65067
-7922
-65055
-8022
-65043
-8122
-65031
-8222
-65018
-8322
-65006
-8421
-64993
-8521
-64980
-8620
-64966
-8720
-64953
-8820
-64940
-8919
-64926
-9019
-64912
-9119
-64898
-9218
-64884
-9318
-64870
-9417
-64856
-9517
-64841
-9616
-64827
-9716
-64812
-9815
-64797
-9914
-64782
-10014
-64766
-10113
-64751
-10212
-64735
-10312
-64720
-10411
-64704
-10510
-64688
-10609
-64672
-10708
-64655
-10808
-64639
-10907
-64622
-11006
-64605
-11105
-64588
-11204
-64571
-11303
-64554
-11402
-64536
-11501
-64519
-11600
-64501
-11699
-64483
-11798
-64465
-11897
-64447
-11996
-64429
-12094
-64410
-12193
-64392
-12292
-64373
-12391
-64354
-12490
-64335
-12588
-64316
-12687
-64296
-12785
-64277
-12884
-64257
-12982
-64237
-13081
-64217
-13180
-64197
-13278
-64177
-13376
-64156
-13475
-64136
-13573
-64115
-13672
-64094
-13770
-64073
-13868
-64052
-13966
-64030
-14064
-64009
-14163
-63987
-14261
-63966
-14359
-63944
-14457
-63922
-14555
-63899
-14653
-63877
-14751
-63854
-14849
-63832
-14947
-63809
-15045
-63786
-15142
-63762
-15240
-63739
-15338
-63716
-15436
-63692
-15534
-63668
-15631
-63644
-15729
-63620
-15826
-63596
-15924
-63572
-16021
-63547
-16119
-63523
-16216
-63498
-16314
-63473
-16411
-63448
-16508
-63423
-16606
-63397
-16703
-63372
-16800
-63346
-16897
-63320
-16994
-63294
-17091
-63268
-17188
-63242
-17285
-63215
-17382
-63189
-17479
-63162
-17576
-63135
-17673
-63108
-17770
-63081
-17866
-63054
-17963
-63026
-18060
-62998
-18156
-62971
-18253
-62943
-18350
-62915
-18446
-62886
-18542
-62858
-18639
-62830
-18735
-62801
-18832
-62772
-18928
-62743
-19024
-62714
-19120
-62685
-19216
-62655
-19312
-62626
-19408
-62596
-19504
-62566
-19600
-62536
-19696
-62506
-19792
-62476
-19888
-62445
-19984
-62415
-20080
-62384
-20175
-62353
-20271
-62322
-20366
-62291
-20462
-62260
-20557
-62228
-20653
-62197
-20748
-62165
-20844
-62133
-20939
-62101
-21034
-62069
-21129
-62036
-21224
-62004
-21320
-61971
-21414
-61938
-21510
-61906
-21604
-61872
-21699
-61839
-21794
-61806
-21889
-61772
-21984
-61739
-22078
-61705
-22173
-61671
-22268
-61637
-22362
-61603
-22456
-61568
-22551
-61534
-22645
-61499
-22740
-61464
-22834
-61429
-22928
-61394
-23022
-61359
-23116
-61324
-23210
-61288
-23304
-61252
-23398
-61217
-23492
-61181
-23586
-61144
-23680
-61108
-23774
-61072
-23867
-61035
-23961
-60999
-24054
-60962
-24148
-60925
-24241
-60888
-24335
-60850
-24428
-60813
-24521
-60776
-24614
-60738
-24708
-60700
-24801
-60662
-24894
-60624
-24987
-60586
-25080
-60547
-25172
-60509
-25265
-60470
-25358
-60431
-25450
-60392
-25543
-60353
-25636
-60314
-25728
-60274
-25821
-60235
-25913
-60195
-26005
-60156
-26098
-60116
-26190
-60075
-26282
-60035
-26374
-59995
-26466
-59954
-26558
-59914
-26650
-59873
-26742
-59832
-26833
-59791
-26925
-59750
-27017
-59708
-27108
-59667
-27200
-59625
-27291
-59583
-27382
-59541
-27474
-59499
-27565
-59457
-27656
-59415
-27747
-59372
-27838
-59330
-27929
-59287
-28020
-59244
-28111
-59201
-28202
-59158
-28292
-59114
-28383
-59071
-28474
-59027
-28564
-58983
-28655
-58940
-28745
-58896
-28835
-58851
-28926
-58807
-29016
-58762
-29106
-58718
-29196
-58673
-29286
-58628
-29376
-58583
-29466
-58538
-29555
-58493
-29645
-58448
-29735
-58402
-29824
-58356
-29914
-58311
-30003
-58265
-30092
-58218
-30182
-58172
-30271
-58126
-30360
-58079
-30449
-58033
-30538
-57986
-30627
-57939
-30716
-57892
-30805
-57845
-30893
-57798
-30982
-57750
-31071
-57702
-31159
-57655
-31248
-57607
-31336
-57559
-31424
-57511
-31512
-57462
-31600
-57414
-31688
-57366
-31776
-57317
-31864
-57268
-31952
-57219
-32040
-57170
-32127
-57121
-32215
-57072
-32302
-57022
-32390
-56972
-32477
-56923
-32565
-56873
-32652
-56823
-32739
-56772
-32826
-56722
-32913
-56672
-33000
-56621
-33087
-56571
-33173
-56520
-33260
-56469
-33347
-56418
-33433
-56366
-33520
-56315
-33606
-56264
-33692
-56212
-33778
-56160
-33864
-56108
-33950
-56056
-34036
-56004
-34122
-55952
-34208
-55900
-34294
-55847
-34380
-55794
-34465
-55742
-34550
-55689
-34636
-55636
-34721
-55582
-34806
-55529
-34892
-55476
-34977
-55422
-35062
-55368
-35146
-55314
-35231
-55260
-35316
-55206
-35401
-55152
-35485
-55098
-35570
-55043
-35654
-54989
-35738
-54934
-35823
-54879
-35907
-54824
-35991
-54769
-36075
-54714
-36159
-54658
-36242
-54603
-36326
-54547
-36410
-54491
-36493
-54435
-36577
-54379
-36660
-54323
-36744
-54267
-36827
-54210
-36910
-54154
-36993
-54097
-37076
-54040
-37159
-53983
-37241
-53926
-37324
-53869
-37407
-53812
-37489
-53754
-37572
-53697
-37654
-53639
-37736
-53581
-37818
-53523
-37900
-53465
-37982
-53407
-38064
-53349
-38146
-53290
-38228
-53232
-38309
-53173
-38391
-53114
-38472
-53055
-38554
-52996
-38635
-52937
-38716
-52878
-38797
-52818
-38878
-52758
-38959
-52699
-39040
-52639
-39120
-52579
-39201
-52519
-39282
-52459
-39362
-52398
-39442
-52338
-39522
-52277
-39603
-52217
-39683
-52156
-39763
-52095
-39842
-52034
-39922
-51973
-40002
-51911
-40082
-51850
-40161
-51788
-40240
-51727
-40320
-51665
-40399
-51603
-40478
-51541
-40557
-51479
-40636
-51417
-40715
-51354
-40794
-51292
-40872
-51229
-40951
-51166
-41029
-51104
-41108
-51040
-41186
-50977
-41264
-50914
-41342
-50851
-41420
-50787
-41498
-50724
-41576
-50660
-41653
-50596
-41731
-50532
-41808
-50468
-41886
-50404
-41963
-50340
-42040
-50275
-42117
-50211
-42194
-50146
-42271
-50081
-42348
-50016
-42424
-49951
-42501
-49886
-42578
-49821
-42654
-49756
-42730
-49690
-42806
-49624
-42882
-49559
-42958
-49493
-43034
-49427
-43110
-49361
-43186
-49295
-43261
-49228
-43337
-49162
-43412
-49095
-43487
-49029
-43562
-48962
-43638
-48895
-43712
-48828
-43787
-48761
-43862
-48694
-43937
-48626
-44011
-48559
-44086
-48491
-44160
-48424
-44234
-48356
-44308
-48288
-44382
-48220
-44456
-48152
-44530
-48084
-44604
-48015
-44677
-47947
-44751
-47878
-44824
-47809
-44898
-47741
-44971
-47672
-45044
-47603
-45117
-47534
-45190
-47464
-45262
-47395
-45335
-47325
-45408
-47256
-45480
-47186
-45552
-47116
-45625
-47046
-45697
-46976
-45769
-46906
-45841
-46836
-45912
-46765
-45984
-46695
-46056
-46624
-46127
-46554
-46198
-46483
-46270
-46412
-46341
-46341
-46412
-46270
-46483
-46198
-46554
-46127
-46624
-46056
-46695
-45984
-46765
-45912
-46836
-45841
-46906
-45769
-46976
-45697
-47046
-45625
-47116
-45552
-47186
-45480
-47256
-45408
-47325
-45335
-47395
-45262
-47464
-45190
-47534
-45117
-47603
-45044
-47672
-44971
-47741
-44898
-47809
-44824
-47878
-44751
-47947
-44677
-48015
-44604
-48084
-44530
-48152
-44456
-48220
-44382
-48288
-44308
-48356
-44234
-48424
-44160
-48491
-44086
-48559
-44011
-48626
-43937
-48694
-43862
-48761
-43787
-48828
-43712
-48895
-43638
-48962
-43562
-49029
-43487
-49095
-43412
-49162
-43337
-49228
-43261
-49295
-43186
-49361
-43110
-49427
-43034
-49493
-42958
-49559
-42882
-49624
-42806
-49690
-42730
-49756
-42654
-49821
-42578
-49886
-42501
-49951
-42424
-50016
-42348
-50081
-42271
-50146
-42194
-50211
-42117
-50275
-42040
-50340
-41963
-50404
-41886
-50468
-41808
-50532
-41731
-50596
-41653
-50660
-41576
-50724
-41498
-50787
-41420
-50851
-41342
-50914
-41264
-50977
-41186
-51040
-41108
-51104
-41029
-51166
-40951
-51229
-40872
-51292
-40794
-51354
-40715
-51417
-40636
-51479
-40557
-51541
-40478
-51603
-40399
-51665
-40320
-51727
-40240
-51788
-40161
-51850
-40082
-51911
-40002
-51973
-39922
-52034
-39842
-52095
-39763
-52156
-39683
-52217
-39603
-52277
-39522
-52338
-39442
-52398
-39362
-52459
-39282
-52519
-39201
-52579
-39120
-52639
-39040
-52699
-38959
-52758
-38878
-52818
-38797
-52878
-38716
-52937
-38635
-52996
-38554
-53055
-38472
-53114
-38391
-53173
-38309
-53232
-38228
-53290
-38146
-53349
-38064
-53407
-37982
-53465
-37900
-53523
-37818
-53581
-37736
-53639
-37654
-53697
-37572
-53754
-37489
-53812
-37407
-53869
-37324
-53926
-37241
-53983
-37159
-54040
-37076
-54097
-36993
-54154
-36910
-54210
-36827
-54267
-36744
-54323
-36660
-54379
-36577
-54435
-36493
-54491
-36410
-54547
-36326
-54603
-36242
-54658
-36159
-54714
-36075
-54769
-35991
-54824
-35907
-54879
-35823
-54934
-35738
-54989
-35654
-55043
-35570
-55098
-35485
-55152
-35401
-55206
-35316
-55260
-35231
-55314
-35146
-55368
-35062
-55422
-34977
-55476
-34892
-55529
-34806
-55582
-34721
-55636
-34636
-55689
-34550
-55742
-34465
-55794
-34380
-55847
-34294
-55900
-34208
-55952
-34122
-56004
-34036
-56056
-33950
-56108
-33864
-56160
-33778
-56212
-33692
-56264
-33606
-56315
-33520
-56366
-33433
-56418
-33347
-56469
-33260
-56520
-33173
-56571
-33087
-56621
-33000
-56672
-32913
-56722
-32826
-56772
-32739
-56823
-32652
-56873
-32565
-56923
-32477
-56972
-32390
-57022
-32302
-57072
-32215
-57121
-32127
-57170
-32040
-57219
-31952
-57268
-31864
-57317
-31776
-57366
-31688
-57414
-31600
-57462
-31512
-57511
-31424
-57559
-31336
-57607
-31248
-57655
-31159
-57702
-31071
-57750
-30982
-57798
-30893
-57845
-30805
-57892
-30716
-57939
-30627
-57986
-30538
-58033
-30449
-58079
-30360
-58126
-30271
-58172
-30182
-58218
-30092
-58265
-30003
-58311
-29914
-58356
-29824
-58402
-29735
-58448
-29645
-58493
-29555
-58538
-29466
-58583
-29376
-58628
-29286
-58673
-29196
-58718
-29106
-58762
-29016
-58807
-28926
-58851
-28835
-58896
-28745
-58940
-28655
-58983
-28564
-59027
-28474
-59071
-28383
-59114
-28292
-59158
-28202
-59201
-28111
-59244
-28020
-59287
-27929
-59330
-27838
-59372
-27747
-59415
-27656
-59457
-27565
-59499
-27474
-59541
-27382
-59583
-27291
-59625
-27200
-59667
-27108
-59708
-27017
-59750
-26925
-59791
-26833
-59832
-26742
-59873
-26650
-59914
-26558
-59954
-26466
-59995
-26374
-60035
-26282
-60075
-26190
-60116
-26098
-60156
-26005
-60195
-25913
-60235
-25821
-60274
-25728
-60314
-25636
-60353
-25543
-60392
-25450
-60431
-25358
-60470
-25265
-60509
-25172
-60547
-25080
-60586
-24987
-60624
-24894
-60662
-24801
-60700
-24708
-60738
-24614
-60776
-24521
-60813
-24428
-60850
-24335
-60888
-24241
-60925
-24148
-60962
-24054
-60999
-23961
-61035
-23867
-61072
-23774
-61108
-23680
-61144
-23586
-61181
-23492
-61217
-23398
-61252
-23304
-61288
-23210
-61324
-23116
-61359
-23022
-61394
-22928
-61429
-22834
-61464
-22740
-61499
-22645
-61534
-22551
-61568
-22456
-61603
-22362
-61637
-22268
-61671
-22173
-61705
-22078
-61739
-21984
-61772
-21889
-61806
-21794
-61839
-21699
-61872
-21604
-61906
-21510
-61938
-21414
-61971
-21320
-62004
-21224
-62036
-21129
-62069
-21034
-62101
-20939
-62133
-20844
-62165
-20748
-62197
-20653
-62228
-20557
-62260
-20462
-62291
-20366
-62322
-20271
-62353
-20175
-62384
-20080
-62415
-19984
-62445
-19888
-62476
-19792
-62506
-19696
-62536
-19600
-62566
-19504
-62596
-19408
-62626
-19312
-62655
-19216
-62685
-19120
-62714
-19024
-62743
-18928
-62772
-18832
-62801
-18735
-62830
-18639
-62858
-18542
-62886
-18446
-62915
-18350
-62943
-18253
-62971
-18156
-62998
-18060
-63026
-17963
-63054
-17866
-63081
-17770
-63108
-17673
-63135
-17576
-63162
-17479
-63189
-17382
-63215
-17285
-63242
-17188
-63268
-17091
-63294
-16994
-63320
-16897
-63346
-16800
-63372
-16703
-63397
-16606
-63423
-16508
-63448
-16411
-63473
-16314
-63498
-16216
-63523
-16119
-63547
-16021
-63572
-15924
-63596
-15826
-63620
-15729
-63644
-15631
-63668
-15534
-63692
-15436
-63716
-15338
-63739
-15240
-63762
-15142
-63786
-15045
-63809
-14947
-63832
-14849
-63854
-14751
-63877
-14653
-63899
-14555
-63922
-14457
-63944
-14359
-63966
-14261
-63987
-14163
-64009
-14064
-64030
-13966
-64052
-13868
-64073
-13770
-64094
-13672
-64115
-13573
-64136
-13475
-64156
-13376
-64177
-13278
-64197
-13180
-64217
-13081
-64237
-12982
-64257
-12884
-64277
-12785
-64296
-12687
-64316
-12588
-64335
-12490
-64354
-12391
-64373
-12292
-64392
-12193
-64410
-12094
-64429
-11996
-64447
-11897
-64465
-11798
-64483
-11699
-64501
-11600
-64519
-11501
-64536
-11402
-64554
-11303
-64571
-11204
-64588
-11105
-64605
-11006
-64622
-10907
-64639
-10808
-64655
-10708
-64672
-10609
-64688
-10510
-64704
-10411
-64720
-10312
-64735
-10212
-64751
-10113
-64766
-10014
-64782
-9914
-64797
-9815
-64812
-9716
-64827
-9616
-64841
-9517
-64856
-9417
-64870
-9318
-64884
-9218
-64898
-9119
-64912
-9019
-64926
-8919
-64940
-8820
-64953
-8720
-64966
-8620
-64980
-8521
-64993
-8421
-65006
-8322
-65018
-8222
-65031
-8122
-65043
-8022
-65055
-7922
-65067
-7823
-65079
-7723
-65091
-7623
-65103
-7523
-65114
-7423
-65126
-7323
-65137
-7224
-65148
-7124
-65158
-7024
-65169
-6924
-65180
-6824
-65190
-6724
-65200
-6624
-65210
-6524
-65220
-6424
-65230
-6324
-65240
-6224
-65249
-6123
-65258
-6023
-65268
-5923
-65277
-5823
-65286
-5723
-65294
-5623
-65303
-5523
-65311
-5422
-65320
-5322
-65328
-5222
-65336
-5122
-65343
-5022
-65351
-4921
-65358
-4821
-65366
-4721
-65373
-4620
-65380
-4520
-65387
-4420
-65393
-4320
-65400
-4219
-65406
-4119
-65413
-4019
-65419
-3918
-65425
-3818
-65430
-3718
-65436
-3617
-65442
-3517
-65447
-3416
-65452
-3316
-65457
-3216
-65462
-3115
-65466
-3015
-65471
-2914
-65476
-2814
-65480
-2714
-65484
-2613
-65488
-2513
-65492
-2412
-65495
-2312
-65499
-2211
-65502
-2111
-65505
-2010
-65508
-1910
-65511
-1809
-65514
-1709
-65516
-1608
-65519
-1508
-65521
-1407
-65523
-1307
-65525
-1206
-65527
-1106
-65528
-1005
-65530
-905
-65531
-804
-65532
-704
-65533
-603
-65534
-503
-65535
-402
-65535
-302
-65536
-201
-65536
-100
