524287
0
524287
-402
524287
-804
524286
-1206
524286
-1608
524284
-2010
524282
-2413
524280
-2815
524278
-3217
524276
-3619
524272
-4021
524269
-4423
524266
-4825
524262
-5228
524258
-5630
524253
-6032
524248
-6434
524243
-6836
524238
-7238
524232
-7640
524226
-8042
524220
-8444
524213
-8846
524206
-9248
524199
-9650
524192
-10052
524184
-10454
524176
-10856
524167
-11258
524158
-11661
524149
-12063
524140
-12465
524130
-12867
524120
-13269
524110
-13671
524099
-14073
524088
-14474
524077
-14876
524065
-15278
524053
-15680
524041
-16082
524029
-16484
524016
-16886
524003
-17288
523989
-17690
523976
-18092
523962
-18494
523947
-18896
523933
-19298
523918
-19699
523902
-20101
523887
-20503
523871
-20905
523855
-21307
523838
-21708
523822
-22110
523804
-22512
523787
-22914
523769
-23315
523751
-23717
523733
-24119
523714
-24520
523695
-24922
523676
-25324
523656
-25726
523636
-26127
523616
-26529
523596
-26930
523575
-27332
523554
-27734
523532
-28135
523511
-28537
523489
-28938
523466
-29340
523444
-29741
523421
-30143
523398
-30544
523374
-30946
523350
-31347
523326
-31748
523301
-32150
523276
-32551
523251
-32952
523226
-33354
523200
-33755
523174
-34156
523148
-34558
523121
-34959
523094
-35360
523067
-35761
523039
-36162
523011
-36564
522983
-36965
522955
-37366
522926
-37767
522897
-38168
522867
-38569
522838
-38970
522808
-39371
522777
-39772
522747
-40173
522716
-40574
522684
-40975
522653
-41376
522621
-41776
522589
-42177
522556
-42578
522523
-42979
522490
-43380
522457
-43780
522423
-44181
522389
-44582
522355
-44982
522320
-45383
522285
-45784
522250
-46184
522214
-46585
522178
-46985
522142
-47386
522106
-47786
522069
-48187
522032
-48587
521994
-48988
521957
-49388
521918
-49788
521880
-50188
521842
-50589
521803
-50989
521763
-51389
521724
-51789
521684
-52190
521644
-52590
521603
-52990
521562
-53390
521521
-53790
521480
-54190
521438
-54590
521396
-54990
521354
-55390
521311
-55789
521268
-56189
521225
-56589
521182
-56989
521138
-57388
521093
-57788
521049
-58188
521004
-58587
520959
-58987
520914
-59386
520868
-59786
520822
-60186
520776
-60585
520729
-60984
520682
-61384
520635
-61783
520587
-62182
520540
-62582
520491
-62981
520443
-63380
520394
-63779
520345
-64178
520296
-64578
520246
-64976
520196
-65376
520146
-65774
520095
-66173
520044
-66572
519993
-66971
519942
-67370
519890
-67769
519838
-68168
519785
-68566
519732
-68965
519679
-69363
519626
-69762
519572
-70160
519518
-70559
519464
-70957
519410
-71356
519355
-71754
519299
-72152
519244
-72551
519188
-72949
519132
-73347
519076
-73745
519019
-74144
518962
-74542
518904
-74940
518847
-75338
518789
-75736
518731
-76133
518672
-76531
518613
-76929
518554
-77327
518495
-77724
518435
-78122
518375
-78520
518314
-78917
518254
-79315
518193
-79712
518132
-80110
518070
-80507
518008
-80904
517946
-81302
517883
-81699
517820
-82096
517757
-82493
517694
-82890
517630
-83287
517566
-83684
517502
-84081
517437
-84478
517372
-84875
517307
-85272
517242
-85669
517176
-86065
517109
-86462
517043
-86858
516976
-87255
516909
-87652
516842
-88048
516774
-88444
516706
-88841
516638
-89237
516569
-89633
516500
-90029
516431
-90426
516362
-90822
516292
-91218
516222
-91614
516151
-92010
516080
-92405
516010
-92801
515938
-93197
515866
-93593
515795
-93988
515722
-94384
515650
-94779
515577
-95175
515504
-95570
515430
-95966
515357
-96361
515282
-96756
515208
-97151
515134
-97546
515058
-97942
514983
-98336
514908
-98732
514832
-99126
514756
-99521
514679
-99916
514602
-100311
514525
-100705
514448
-101100
514370
-101494
514292
-101889
514214
-102284
514135
-102678
514056
-103072
513977
-103466
513898
-103860
513818
-104255
513738
-104649
513657
-105043
513577
-105437
513496
-105830
513414
-106224
513333
-106618
513251
-107012
513168
-107406
513086
-107799
513003
-108192
512920
-108586
512836
-108979
512753
-109373
512669
-109766
512584
-110159
512500
-110552
512415
-110945
512330
-111338
512244
-111731
512158
-112124
512072
-112517
511986
-112910
511899
-113302
511812
-113695
511724
-114087
511637
-114480
511549
-114872
511461
-115264
511372
-115657
511283
-116049
511194
-116441
511105
-116833
511015
-117225
510925
-117617
510834
-118009
510744
-118400
510653
-118792
510562
-119184
510470
-119575
510378
-119967
510286
-120358
510194
-120750
510101
-121141
510008
-121532
509914
-121923
509821
-122314
509727
-122705
509632
-123096
509538
-123487
509443
-123878
509348
-124269
509252
-124659
509156
-125050
509060
-125440
508964
-125831
508868
-126221
508770
-126611
508673
-127001
508576
-127392
508478
-127782
508380
-128172
508281
-128561
508182
-128951
508083
-129341
507984
-129731
507884
-130120
507784
-130510
507684
-130899
507584
-131288
507483
-131678
507382
-132067
507280
-132456
507178
-132845
507076
-133234
506974
-133623
506872
-134012
506768
-134400
506665
-134789
506562
-135178
506458
-135566
506354
-135955
506249
-136343
506145
-136731
506040
-137119
505934
-137507
505829
-137895
505723
-138283
505617
-138671
505510
-139059
505403
-139447
505296
-139834
505189
-140222
505081
-140609
504973
-140996
504865
-141384
504756
-141771
504647
-142158
504538
-142545
504429
-142932
504319
-143319
504209
-143706
504098
-144092
503988
-144479
503877
-144866
503766
-145252
503654
-145638
503542
-146024
503430
-146411
503318
-146797
503205
-147183
503092
-147569
502978
-147954
502865
-148340
502751
-148726
502637
-149111
502522
-149497
502407
-149882
502292
-150268
502177
-150653
502061
-151038
501945
-151423
501829
-151808
501712
-152193
501595
-152578
501478
-152962
501361
-153347
501243
-153731
501125
-154116
501007
-154500
500888
-154884
500769
-155268
500650
-155652
500530
-156036
500410
-156420
500290
-156804
500170
-157188
500049
-157571
499928
-157955
499807
-158338
499685
-158721
499563
-159104
499441
-159488
499319
-159871
499196
-160254
499073
-160636
498950
-161019
498826
-161402
498702
-161784
498578
-162167
498453
-162549
498328
-162931
498203
-163314
498078
-163696
497952
-164078
497826
-164460
497700
-164841
497573
-165223
497446
-165604
497319
-165986
497192
-166367
497064
-166749
496936
-167130
496808
-167511
496679
-167892
496550
-168273
496421
-168654
496291
-169034
496162
-169415
496032
-169796
495901
-170176
495770
-170556
495640
-170936
495508
-171316
495377
-171696
495245
-172076
495113
-172456
494980
-172836
494848
-173216
494715
-173595
494581
-173974
494448
-174354
494314
-174733
494180
-175112
494045
-175491
493910
-175870
493776
-176249
493640
-176627
493505
-177006
493369
-177384
493232
-177763
493096
-178141
492959
-178519
492822
-178897
492685
-179275
492547
-179653
492409
-180031
492271
-180408
492132
-180786
491994
-181163
491854
-181540
491715
-181918
491576
-182295
491436
-182672
491295
-183048
491155
-183425
491014
-183802
490873
-184178
490731
-184555
490590
-184931
490448
-185308
490305
-185684
490163
-186060
490020
-186436
489877
-186811
489734
-187187
489590
-187562
489446
-187938
489302
-188313
489157
-188689
489012
-189064
488867
-189439
488721
-189814
488576
-190188
488430
-190563
488283
-190938
488137
-191312
487990
-191686
487843
-192061
487695
-192435
487548
-192809
487400
-193183
487251
-193556
487103
-193930
486954
-194304
486804
-194677
486655
-195050
486505
-195424
486355
-195797
486205
-196170
486054
-196542
485904
-196915
485752
-197288
485601
-197660
485449
-198033
485297
-198405
485145
-198777
484992
-199149
484839
-199521
484686
-199893
484533
-200265
484379
-200636
484225
-201008
484070
-201379
483916
-201750
483761
-202121
483606
-202492
483450
-202863
483295
-203234
483139
-203605
482982
-203975
482826
-204346
482669
-204716
482512
-205086
482354
-205456
482197
-205826
482039
-206196
481880
-206565
481722
-206935
481563
-207304
481404
-207674
481244
-208043
481085
-208412
480925
-208781
480764
-209149
480604
-209518
480443
-209887
480282
-210255
480120
-210623
479959
-210992
479797
-211360
479634
-211728
479472
-212095
479309
-212463
479146
-212831
478983
-213198
478819
-213565
478655
-213933
478491
-214300
478326
-214667
478162
-215033
477996
-215400
477831
-215767
477666
-216133
477500
-216499
477333
-216866
477167
-217232
477000
-217598
476833
-217963
476666
-218329
476498
-218694
476330
-219060
476162
-219425
475994
-219790
475825
-220155
475656
-220520
475487
-220885
475317
-221250
475147
-221614
474977
-221978
474807
-222343
474636
-222707
474465
-223071
474294
-223435
474122
-223798
473951
-224162
473779
-224525
473606
-224889
473434
-225252
473261
-225615
473088
-225978
472914
-226341
472740
-226703
472566
-227066
472392
-227428
472218
-227790
472043
-228153
471868
-228515
471692
-228876
471516
-229238
471340
-229600
471164
-229961
470988
-230322
470811
-230684
470634
-231045
470456
-231406
470279
-231766
470101
-232127
469923
-232488
469744
-232848
469566
-233208
469386
-233568
469207
-233928
469028
-234288
468848
-234648
468668
-235007
468487
-235366
468307
-235726
468126
-236085
467945
-236444
467763
-236803
467581
-237161
467399
-237520
467217
-237878
467034
-238237
466852
-238595
466668
-238953
466485
-239311
466301
-239668
466117
-240026
465933
-240383
465749
-240741
465564
-241098
465379
-241455
465193
-241812
465008
-242168
464822
-242525
464636
-242882
464449
-243238
464263
-243594
464076
-243950
463888
-244306
463701
-244662
463513
-245017
463325
-245373
463137
-245728
462948
-246083
462759
-246438
462570
-246793
462381
-247148
462191
-247502
462001
-247857
461811
-248211
461620
-248565
461430
-248919
461238
-249273
461047
-249626
460856
-249980
460664
-250334
460472
-250687
460279
-251040
460086
-251393
459894
-251746
459700
-252098
459507
-252451
459313
-252803
459119
-253155
458925
-253507
458730
-253859
458535
-254211
458340
-254563
458145
-254914
457949
-255266
457753
-255617
457557
-255968
457360
-256318
457164
-256669
456967
-257020
456770
-257370
456572
-257720
456374
-258071
456176
-258420
455978
-258770
455779
-259120
455580
-259470
455381
-259819
455182
-260168
454982
-260517
454782
-260866
454582
-261215
454381
-261563
454181
-261912
453980
-262260
453778
-262608
453577
-262956
453375
-263304
453173
-263652
452970
-263999
452768
-264346
452565
-264694
452362
-265041
452158
-265388
451955
-265734
451751
-266081
451547
-266427
451342
-266774
451137
-267120
450932
-267466
450727
-267811
450522
-268157
450316
-268502
450110
-268848
449903
-269193
449697
-269538
449490
-269883
449283
-270227
449075
-270572
448868
-270916
448660
-271260
448452
-271604
448243
-271948
448034
-272292
447826
-272636
447616
-272979
447407
-273322
447197
-273665
446987
-274008
446777
-274351
446566
-274694
446355
-275036
446144
-275378
445933
-275720
445721
-276062
445509
-276404
445297
-276746
445085
-277087
444872
-277428
444659
-277770
444446
-278111
444233
-278451
444019
-278792
443805
-279132
443591
-279473
443376
-279813
443162
-280153
442946
-280493
442731
-280832
442516
-281172
442300
-281511
442084
-281850
441868
-282189
441651
-282528
441434
-282867
441217
-283205
441000
-283544
440782
-283882
440564
-284220
440346
-284558
440128
-284895
439909
-285233
439690
-285570
439471
-285907
439252
-286244
439032
-286581
438812
-286918
438592
-287254
438371
-287590
438151
-287927
437930
-288263
437708
-288598
437487
-288934
437265
-289270
437043
-289605
436821
-289940
436598
-290275
436376
-290610
436153
-290944
435930
-291279
435706
-291613
435482
-291947
435258
-292281
435034
-292615
434809
-292948
434584
-293282
434359
-293615
434134
-293948
433908
-294281
433683
-294614
433456
-294946
433230
-295279
433004
-295611
432777
-295943
432550
-296275
432322
-296606
432095
-296938
431867
-297269
431639
-297600
431410
-297931
431182
-298262
430953
-298593
430724
-298923
430494
-299253
430264
-299584
430035
-299914
429804
-300243
429574
-300573
429343
-300902
429112
-301231
428881
-301560
428650
-301889
428418
-302218
428186
-302546
427954
-302875
427722
-303203
427489
-303531
427256
-303859
427023
-304186
426789
-304514
426556
-304841
426322
-305168
426088
-305495
425853
-305822
425618
-306148
425384
-306474
425148
-306801
424913
-307127
424677
-307452
424441
-307778
424205
-308104
423969
-308429
423732
-308754
423495
-309079
423258
-309404
423020
-309728
422783
-310052
422545
-310377
422307
-310701
422068
-311024
421830
-311348
421591
-311672
421351
-311995
421112
-312318
420872
-312641
420632
-312964
420392
-313286
420152
-313608
419911
-313931
419670
-314252
419429
-314574
419188
-314896
418946
-315217
418704
-315539
418462
-315860
418220
-316180
417977
-316501
417734
-316822
417491
-317142
417248
-317462
417004
-317782
416760
-318102
416516
-318421
416272
-318741
416027
-319060
415782
-319379
415537
-319698
415292
-320016
415046
-320335
414800
-320653
414554
-320971
414308
-321289
414062
-321607
413815
-321924
413568
-322241
413320
-322558
413073
-322875
412825
-323192
412577
-323509
412329
-323825
412080
-324141
411832
-324457
411583
-324773
411334
-325088
411084
-325404
410834
-325719
410584
-326034
410334
-326349
410084
-326664
409833
-326978
409582
-327292
409331
-327606
409080
-327920
408828
-328234
408576
-328547
408324
-328860
408072
-329174
407819
-329486
407566
-329799
407313
-330112
407060
-330424
406806
-330736
406553
-331048
406298
-331360
406044
-331671
405790
-331983
405535
-332294
405280
-332605
405025
-332916
404769
-333226
404514
-333536
404258
-333846
404002
-334156
403745
-334466
403488
-334776
403232
-335085
402974
-335394
402717
-335703
402460
-336012
402202
-336321
401944
-336629
401685
-336937
401427
-337245
401168
-337553
400909
-337861
400650
-338168
400390
-338475
400130
-338782
399870
-339089
399610
-339396
399350
-339702
399089
-340008
398828
-340314
398567
-340620
398306
-340926
398044
-341231
397782
-341536
397520
-341841
397258
-342146
396996
-342451
396733
-342755
396470
-343059
396206
-343363
395943
-343667
395679
-343970
395415
-344274
395151
-344577
394887
-344880
394622
-345183
394357
-345485
394092
-345788
393827
-346090
393561
-346392
393296
-346694
393029
-346995
392763
-347297
392497
-347598
392230
-347899
391963
-348199
391696
-348500
391428
-348800
391161
-349100
390893
-349400
390625
-349700
390356
-350000
390088
-350299
389819
-350598
389550
-350897
389281
-351196
389011
-351494
388742
-351792
388472
-352090
388202
-352388
387931
-352686
387660
-352983
387390
-353280
387119
-353577
386847
-353874
386576
-354171
386304
-354467
386032
-354763
385760
-355059
385487
-355355
385215
-355651
384942
-355946
384669
-356241
384395
-356536
384122
-356831
383848
-357125
383574
-357420
383300
-357714
383025
-358008
382750
-358301
382476
-358595
382200
-358888
381925
-359181
381650
-359474
381374
-359766
381098
-360059
380821
-360351
380545
-360643
380268
-360935
379991
-361226
379714
-361518
379437
-361809
379159
-362100
378881
-362390
378603
-362681
378325
-362971
378046
-363261
377768
-363551
377489
-363841
377210
-364130
376930
-364420
376650
-364708
376371
-364997
376090
-365286
375810
-365574
375530
-365862
375249
-366150
374968
-366438
374687
-366725
374406
-367013
374124
-367300
373842
-367587
373560
-367873
373278
-368160
372995
-368446
372713
-368732
372430
-369018
372146
-369303
371863
-369588
371580
-369874
371296
-370158
371012
-370443
370728
-370728
370443
-371012
370158
-371296
369874
-371580
369588
-371863
369303
-372146
369018
-372430
368732
-372713
368446
-372995
368160
-373278
367873
-373560
367587
-373842
367300
-374124
367013
-374406
366725
-374687
366438
-374968
366150
-375249
365862
-375530
365574
-375810
365286
-376090
364997
-376371
364708
-376650
364420
-376930
364130
-377210
363841
-377489
363551
-377768
363261
-378046
362971
-378325
362681
-378603
362390
-378881
362100
-379159
361809
-379437
361518
-379714
361226
-379991
360935
-380268
360643
-380545
360351
-380821
360059
-381098
359766
-381374
359474
-381650
359181
-381925
358888
-382200
358595
-382476
358301
-382750
358008
-383025
357714
-383300
357420
-383574
357125
-383848
356831
-384122
356536
-384395
356241
-384669
355946
-384942
355651
-385215
355355
-385487
355059
-385760
354763
-386032
354467
-386304
354171
-386576
353874
-386847
353577
-387119
353280
-387390
352983
-387660
352686
-387931
352388
-388202
352090
-388472
351792
-388742
351494
-389011
351196
-389281
350897
-389550
350598
-389819
350299
-390088
350000
-390356
349700
-390625
349400
-390893
349100
-391161
348800
-391428
348500
-391696
348199
-391963
347899
-392230
347598
-392497
347297
-392763
346995
-393029
346694
-393296
346392
-393561
346090
-393827
345788
-394092
345485
-394357
345183
-394622
344880
-394887
344577
-395151
344274
-395415
343970
-395679
343667
-395943
343363
-396206
343059
-396470
342755
-396733
342451
-396996
342146
-397258
341841
-397520
341536
-397782
341231
-398044
340926
-398306
340620
-398567
340314
-398828
340008
-399089
339702
-399350
339396
-399610
339089
-399870
338782
-400130
338475
-400390
338168
-400650
337861
-400909
337553
-401168
337245
-401427
336937
-401685
336629
-401944
336321
-402202
336012
-402460
335703
-402717
335394
-402974
335085
-403232
334776
-403488
334466
-403745
334156
-404002
333846
-404258
333536
-404514
333226
-404769
332916
-405025
332605
-405280
332294
-405535
331983
-405790
331671
-406044
331360
-406298
331048
-406553
330736
-406806
330424
-407060
330112
-407313
329799
-407566
329486
-407819
329174
-408072
328860
-408324
328547
-408576
328234
-408828
327920
-409080
327606
-409331
327292
-409582
326978
-409833
326664
-410084
326349
-410334
326034
-410584
325719
-410834
325404
-411084
325088
-411334
324773
-411583
324457
-411832
324141
-412080
323825
-412329
323509
-412577
323192
-412825
322875
-413073
322558
-413320
322241
-413568
321924
-413815
321607
-414062
321289
-414308
320971
-414554
320653
-414800
320335
-415046
320016
-415292
319698
-415537
319379
-415782
319060
-416027
318741
-416272
318421
-416516
318102
-416760
317782
-417004
317462
-417248
317142
-417491
316822
-417734
316501
-417977
316180
-418220
315860
-418462
315539
-418704
315217
-418946
314896
-419188
314574
-419429
314252
-419670
313931
-419911
313608
-420152
313286
-420392
312964
-420632
312641
-420872
312318
-421112
311995
-421351
311672
-421591
311348
-421830
311024
-422068
310701
-422307
310377
-422545
310052
-422783
309728
-423020
309404
-423258
309079
-423495
308754
-423732
308429
-423969
308104
-424205
307778
-424441
307452
-424677
307127
-424913
306801
-425148
306474
-425384
306148
-425618
305822
-425853
305495
-426088
305168
-426322
304841
-426556
304514
-426789
304186
-427023
303859
-427256
303531
-427489
303203
-427722
302875
-427954
302546
-428186
302218
-428418
301889
-428650
301560
-428881
301231
-429112
300902
-429343
300573
-429574
300243
-429804
299914
-430035
299584
-430264
299253
-430494
298923
-430724
298593
-430953
298262
-431182
297931
-431410
297600
-431639
297269
-431867
296938
-432095
296606
-432322
296275
-432550
295943
-432777
295611
-433004
295279
-433230
294946
-433456
294614
-433683
294281
-433908
293948
-434134
293615
-434359
293282
-434584
292948
-434809
292615
-435034
292281
-435258
291947
-435482
291613
-435706
291279
-435930
290944
-436153
290610
-436376
290275
-436598
289940
-436821
289605
-437043
289270
-437265
288934
-437487
288598
-437708
288263
-437930
287927
-438151
287590
-438371
287254
-438592
286918
-438812
286581
-439032
286244
-439252
285907
-439471
285570
-439690
285233
-439909
284895
-440128
284558
-440346
284220
-440564
283882
-440782
283544
-441000
283205
-441217
282867
-441434
282528
-441651
282189
-441868
281850
-442084
281511
-442300
281172
-442516
280832
-442731
280493
-442946
280153
-443162
279813
-443376
279473
-443591
279132
-443805
278792
-444019
278451
-444233
278111
-444446
277770
-444659
277428
-444872
277087
-445085
276746
-445297
276404
-445509
276062
-445721
275720
-445933
275378
-446144
275036
-446355
274694
-446566
274351
-446777
274008
-446987
273665
-447197
273322
-447407
272979
-447616
272636
-447826
272292
-448034
271948
-448243
271604
-448452
271260
-448660
270916
-448868
270572
-449075
270227
-449283
269883
-449490
269538
-449697
269193
-449903
268848
-450110
268502
-450316
268157
-450522
267811
-450727
267466
-450932
267120
-451137
266774
-451342
266427
-451547
266081
-451751
265734
-451955
265388
-452158
265041
-452362
264694
-452565
264346
-452768
263999
-452970
263652
-453173
263304
-453375
262956
-453577
262608
-453778
262260
-453980
261912
-454181
261563
-454381
261215
-454582
260866
-454782
260517
-454982
260168
-455182
259819
-455381
259470
-455580
259120
-455779
258770
-455978
258420
-456176
258071
-456374
257720
-456572
257370
-456770
257020
-456967
256669
-457164
256318
-457360
255968
-457557
255617
-457753
255266
-457949
254914
-458145
254563
-458340
254211
-458535
253859
-458730
253507
-458925
253155
-459119
252803
-459313
252451
-459507
252098
-459700
251746
-459894
251393
-460086
251040
-460279
250687
-460472
250334
-460664
249980
-460856
249626
-461047
249273
-461238
248919
-461430
248565
-461620
248211
-461811
247857
-462001
247502
-462191
247148
-462381
246793
-462570
246438
-462759
246083
-462948
245728
-463137
245373
-463325
245017
-463513
244662
-463701
244306
-463888
243950
-464076
243594
-464263
243238
-464449
242882
-464636
242525
-464822
242168
-465008
241812
-465193
241455
-465379
241098
-465564
240741
-465749
240383
-465933
240026
-466117
239668
-466301
239311
-466485
238953
-466668
238595
-466852
238237
-467034
237878
-467217
237520
-467399
237161
-467581
236803
-467763
236444
-467945
236085
-468126
235726
-468307
235366
-468487
235007
-468668
234648
-468848
234288
-469028
233928
-469207
233568
-469386
233208
-469566
232848
-469744
232488
-469923
232127
-470101
231766
-470279
231406
-470456
231045
-470634
230684
-470811
230322
-470988
229961
-471164
229600
-471340
229238
-471516
228876
-471692
228515
-471868
228153
-472043
227790
-472218
227428
-472392
227066
-472566
226703
-472740
226341
-472914
225978
-473088
225615
-473261
225252
-473434
224889
-473606
224525
-473779
224162
-473951
223798
-474122
223435
-474294
223071
-474465
222707
-474636
222343
-474807
221978
-474977
221614
-475147
221250
-475317
220885
-475487
220520
-475656
220155
-475825
219790
-475994
219425
-476162
219060
-476330
218694
-476498
218329
-476666
217963
-476833
217598
-477000
217232
-477167
216866
-477333
216499
-477500
216133
-477666
215767
-477831
215400
-477996
215033
-478162
214667
-478326
214300
-478491
213933
-478655
213565
-478819
213198
-478983
212831
-479146
212463
-479309
212095
-479472
211728
-479634
211360
-479797
210992
-479959
210623
-480120
210255
-480282
209887
-480443
209518
-480604
209149
-480764
208781
-480925
208412
-481085
208043
-481244
207674
-481404
207304
-481563
206935
-481722
206565
-481880
206196
-482039
205826
-482197
205456
-482354
205086
-482512
204716
-482669
204346
-482826
203975
-482982
203605
-483139
203234
-483295
202863
-483450
202492
-483606
202121
-483761
201750
-483916
201379
-484070
201008
-484225
200636
-484379
200265
-484533
199893
-484686
199521
-484839
199149
-484992
198777
-485145
198405
-485297
198033
-485449
197660
-485601
197288
-485752
196915
-485904
196542
-486054
196170
-486205
195797
-486355
195424
-486505
195050
-486655
194677
-486804
194304
-486954
193930
-487103
193556
-487251
193183
-487400
192809
-487548
192435
-487695
192061
-487843
191686
-487990
191312
-488137
190938
-488283
190563
-488430
190188
-488576
189814
-488721
189439
-488867
189064
-489012
188689
-489157
188313
-489302
187938
-489446
187562
-489590
187187
-489734
186811
-489877
186436
-490020
186060
-490163
185684
-490305
185308
-490448
184931
-490590
184555
-490731
184178
-490873
183802
-491014
183425
-491155
183048
-491295
182672
-491436
182295
-491576
181918
-491715
181540
-491854
181163
-491994
180786
-492132
180408
-492271
180031
-492409
179653
-492547
179275
-492685
178897
-492822
178519
-492959
178141
-493096
177763
-493232
177384
-493369
177006
-493505
176627
-493640
176249
-493776
175870
-493910
175491
-494045
175112
-494180
174733
-494314
174354
-494448
173974
-494581
173595
-494715
173216
-494848
172836
-494980
172456
-495113
172076
-495245
171696
-495377
171316
-495508
170936
-495640
170556
-495770
170176
-495901
169796
-496032
169415
-496162
169034
-496291
168654
-496421
168273
-496550
167892
-496679
167511
-496808
167130
-496936
166749
-497064
166367
-497192
165986
-497319
165604
-497446
165223
-497573
164841
-497700
164460
-497826
164078
-497952
163696
-498078
163314
-498203
162931
-498328
162549
-498453
162167
-498578
161784
-498702
161402
-498826
161019
-498950
160636
-499073
160254
-499196
159871
-499319
159488
-499441
159104
-499563
158721
-499685
158338
-499807
157955
-499928
157571
-500049
157188
-500170
156804
-500290
156420
-500410
156036
-500530
155652
-500650
155268
-500769
154884
-500888
154500
-501007
154116
-501125
153731
-501243
153347
-501361
152962
-501478
152578
-501595
152193
-501712
151808
-501829
151423
-501945
151038
-502061
150653
-502177
150268
-502292
149882
-502407
149497
-502522
149111
-502637
148726
-502751
148340
-502865
147954
-502978
147569
-503092
147183
-503205
146797
-503318
146411
-503430
146024
-503542
145638
-503654
145252
-503766
144866
-503877
144479
-503988
144092
-504098
143706
-504209
143319
-504319
142932
-504429
142545
-504538
142158
-504647
141771
-504756
141384
-504865
140996
-504973
140609
-505081
140222
-505189
139834
-505296
139447
-505403
139059
-505510
138671
-505617
138283
-505723
137895
-505829
137507
-505934
137119
-506040
136731
-506145
136343
-506249
135955
-506354
135566
-506458
135178
-506562
134789
-506665
134400
-506768
134012
-506872
133623
-506974
133234
-507076
132845
-507178
132456
-507280
132067
-507382
131678
-507483
131288
-507584
130899
-507684
130510
-507784
130120
-507884
129731
-507984
129341
-508083
128951
-508182
128561
-508281
128172
-508380
127782
-508478
127392
-508576
127001
-508673
126611
-508770
126221
-508868
125831
-508964
125440
-509060
125050
-509156
124659
-509252
124269
-509348
123878
-509443
123487
-509538
123096
-509632
122705
-509727
122314
-509821
121923
-509914
121532
-510008
121141
-510101
120750
-510194
120358
-510286
119967
-510378
119575
-510470
119184
-510562
118792
-510653
118400
-510744
118009
-510834
117617
-510925
117225
-511015
116833
-511105
116441
-511194
116049
-511283
115657
-511372
115264
-511461
114872
-511549
114480
-511637
114087
-511724
113695
-511812
113302
-511899
112910
-511986
112517
-512072
112124
-512158
111731
-512244
111338
-512330
110945
-512415
110552
-512500
110159
-512584
109766
-512669
109373
-512753
108979
-512836
108586
-512920
108192
-513003
107799
-513086
107406
-513168
107012
-513251
106618
-513333
106224
-513414
105830
-513496
105437
-513577
105043
-513657
104649
-513738
104255
-513818
103860
-513898
103466
-513977
103072
-514056
102678
-514135
102284
-514214
101889
-514292
101494
-514370
101100
-514448
100705
-514525
100311
-514602
99916
-514679
99521
-514756
99126
-514832
98732
-514908
98336
-514983
97942
-515058
97546
-515134
97151
-515208
96756
-515282
96361
-515357
95966
-515430
95570
-515504
95175
-515577
94779
-515650
94384
-515722
93988
-515795
93593
-515866
93197
-515938
92801
-516010
92405
-516080
92010
-516151
91614
-516222
91218
-516292
90822
-516362
90426
-516431
90029
-516500
89633
-516569
89237
-516638
88841
-516706
88444
-516774
88048
-516842
87652
-516909
87255
-516976
86858
-517043
86462
-517109
86065
-517176
85669
-517242
85272
-517307
84875
-517372
84478
-517437
84081
-517502
83684
-517566
83287
-517630
82890
-517694
82493
-517757
82096
-517820
81699
-517883
81302
-517946
80904
-518008
80507
-518070
80110
-518132
79712
-518193
79315
-518254
78917
-518314
78520
-518375
78122
-518435
77724
-518495
77327
-518554
76929
-518613
76531
-518672
76133
-518731
75736
-518789
75338
-518847
74940
-518904
74542
-518962
74144
-519019
73745
-519076
73347
-519132
72949
-519188
72551
-519244
72152
-519299
71754
-519355
71356
-519410
70957
-519464
70559
-519518
70160
-519572
69762
-519626
69363
-519679
68965
-519732
68566
-519785
68168
-519838
67769
-519890
67370
-519942
66971
-519993
66572
-520044
66173
-520095
65774
-520146
65376
-520196
64976
-520246
64578
-520296
64178
-520345
63779
-520394
63380
-520443
62981
-520491
62582
-520540
62182
-520587
61783
-520635
61384
-520682
60984
-520729
60585
-520776
60186
-520822
59786
-520868
59386
-520914
58987
-520959
58587
-521004
58188
-521049
57788
-521093
57388
-521138
56989
-521182
56589
-521225
56189
-521268
55789
-521311
55390
-521354
54990
-521396
54590
-521438
54190
-521480
53790
-521521
53390
-521562
52990
-521603
52590
-521644
52190
-521684
51789
-521724
51389
-521763
50989
-521803
50589
-521842
50188
-521880
49788
-521918
49388
-521957
48988
-521994
48587
-522032
48187
-522069
47786
-522106
47386
-522142
46985
-522178
46585
-522214
46184
-522250
45784
-522285
45383
-522320
44982
-522355
44582
-522389
44181
-522423
43780
-522457
43380
-522490
42979
-522523
42578
-522556
42177
-522589
41776
-522621
41376
-522653
40975
-522684
40574
-522716
40173
-522747
39772
-522777
39371
-522808
38970
-522838
38569
-522867
38168
-522897
37767
-522926
37366
-522955
36965
-522983
36564
-523011
36162
-523039
35761
-523067
35360
-523094
34959
-523121
34558
-523148
34156
-523174
33755
-523200
33354
-523226
32952
-523251
32551
-523276
32150
-523301
31748
-523326
31347
-523350
30946
-523374
30544
-523398
30143
-523421
29741
-523444
29340
-523466
28938
-523489
28537
-523511
28135
-523532
27734
-523554
27332
-523575
26930
-523596
26529
-523616
26127
-523636
25726
-523656
25324
-523676
24922
-523695
24520
-523714
24119
-523733
23717
-523751
23315
-523769
22914
-523787
22512
-523804
22110
-523822
21708
-523838
21307
-523855
20905
-523871
20503
-523887
20101
-523902
19699
-523918
19298
-523933
18896
-523947
18494
-523962
18092
-523976
17690
-523989
17288
-524003
16886
-524016
16484
-524029
16082
-524041
15680
-524053
15278
-524065
14876
-524077
14474
-524088
14073
-524099
13671
-524110
13269
-524120
12867
-524130
12465
-524140
12063
-524149
11661
-524158
11258
-524167
10856
-524176
10454
-524184
10052
-524192
9650
-524199
9248
-524206
8846
-524213
8444
-524220
8042
-524226
7640
-524232
7238
-524238
6836
-524243
6434
-524248
6032
-524253
5630
-524258
5228
-524262
4825
-524266
4423
-524269
4021
-524272
3619
-524276
3217
-524278
2815
-524280
2413
-524282
2010
-524284
1608
-524286
1206
-524286
804
-524287
402
-524288
0
-524288
-402
-524288
-804
-524287
-1206
-524286
-1608
-524286
-2010
-524284
-2413
-524282
-2815
-524280
-3217
-524278
-3619
-524276
-4021
-524272
-4423
-524269
-4825
-524266
-5228
-524262
-5630
-524258
-6032
-524253
-6434
-524248
-6836
-524243
-7238
-524238
-7640
-524232
-8042
-524226
-8444
-524220
-8846
-524213
-9248
-524206
-9650
-524199
-10052
-524192
-10454
-524184
-10856
-524176
-11258
-524167
-11661
-524158
-12063
-524149
-12465
-524140
-12867
-524130
-13269
-524120
-13671
-524110
-14073
-524099
-14474
-524088
-14876
-524077
-15278
-524065
-15680
-524053
-16082
-524041
-16484
-524029
-16886
-524016
-17288
-524003
-17690
-523989
-18092
-523976
-18494
-523962
-18896
-523947
-19298
-523933
-19699
-523918
-20101
-523902
-20503
-523887
-20905
-523871
-21307
-523855
-21708
-523838
-22110
-523822
-22512
-523804
-22914
-523787
-23315
-523769
-23717
-523751
-24119
-523733
-24520
-523714
-24922
-523695
-25324
-523676
-25726
-523656
-26127
-523636
-26529
-523616
-26930
-523596
-27332
-523575
-27734
-523554
-28135
-523532
-28537
-523511
-28938
-523489
-29340
-523466
-29741
-523444
-30143
-523421
-30544
-523398
-30946
-523374
-31347
-523350
-31748
-523326
-32150
-523301
-32551
-523276
-32952
-523251
-33354
-523226
-33755
-523200
-34156
-523174
-34558
-523148
-34959
-523121
-35360
-523094
-35761
-523067
-36162
-523039
-36564
-523011
-36965
-522983
-37366
-522955
-37767
-522926
-38168
-522897
-38569
-522867
-38970
-522838
-39371
-522808
-39772
-522777
-40173
-522747
-40574
-522716
-40975
-522684
-41376
-522653
-41776
-522621
-42177
-522589
-42578
-522556
-42979
-522523
-43380
-522490
-43780
-522457
-44181
-522423
-44582
-522389
-44982
-522355
-45383
-522320
-45784
-522285
-46184
-522250
-46585
-522214
-46985
-522178
-47386
-522142
-47786
-522106
-48187
-522069
-48587
-522032
-48988
-521994
-49388
-521957
-49788
-521918
-50188
-521880
-50589
-521842
-50989
-521803
-51389
-521763
-51789
-521724
-52190
-521684
-52590
-521644
-52990
-521603
-53390
-521562
-53790
-521521
-54190
-521480
-54590
-521438
-54990
-521396
-55390
-521354
-55789
-521311
-56189
-521268
-56589
-521225
-56989
-521182
-57388
-521138
-57788
-521093
-58188
-521049
-58587
-521004
-58987
-520959
-59386
-520914
-59786
-520868
-60186
-520822
-60585
-520776
-60984
-520729
-61384
-520682
-61783
-520635
-62182
-520587
-62582
-520540
-62981
-520491
-63380
-520443
-63779
-520394
-64178
-520345
-64578
-520296
-64976
-520246
-65376
-520196
-65774
-520146
-66173
-520095
-66572
-520044
-66971
-519993
-67370
-519942
-67769
-519890
-68168
-519838
-68566
-519785
-68965
-519732
-69363
-519679
-69762
-519626
-70160
-519572
-70559
-519518
-70957
-519464
-71356
-519410
-71754
-519355
-72152
-519299
-72551
-519244
-72949
-519188
-73347
-519132
-73745
-519076
-74144
-519019
-74542
-518962
-74940
-518904
-75338
-518847
-75736
-518789
-76133
-518731
-76531
-518672
-76929
-518613
-77327
-518554
-77724
-518495
-78122
-518435
-78520
-518375
-78917
-518314
-79315
-518254
-79712
-518193
-80110
-518132
-80507
-518070
-80904
-518008
-81302
-517946
-81699
-517883
-82096
-517820
-82493
-517757
-82890
-517694
-83287
-517630
-83684
-517566
-84081
-517502
-84478
-517437
-84875
-517372
-85272
-517307
-85669
-517242
-86065
-517176
-86462
-517109
-86858
-517043
-87255
-516976
-87652
-516909
-88048
-516842
-88444
-516774
-88841
-516706
-89237
-516638
-89633
-516569
-90029
-516500
-90426
-516431
-90822
-516362
-91218
-516292
-91614
-516222
-92010
-516151
-92405
-516080
-92801
-516010
-93197
-515938
-93593
-515866
-93988
-515795
-94384
-515722
-94779
-515650
-95175
-515577
-95570
-515504
-95966
-515430
-96361
-515357
-96756
-515282
-97151
-515208
-97546
-515134
-97942
-515058
-98336
-514983
-98732
-514908
-99126
-514832
-99521
-514756
-99916
-514679
-100311
-514602
-100705
-514525
-101100
-514448
-101494
-514370
-101889
-514292
-102284
-514214
-102678
-514135
-103072
-514056
-103466
-513977
-103860
-513898
-104255
-513818
-104649
-513738
-105043
-513657
-105437
-513577
-105830
-513496
-106224
-513414
-106618
-513333
-107012
-513251
-107406
-513168
-107799
-513086
-108192
-513003
-108586
-512920
-108979
-512836
-109373
-512753
-109766
-512669
-110159
-512584
-110552
-512500
-110945
-512415
-111338
-512330
-111731
-512244
-112124
-512158
-112517
-512072
-112910
-511986
-113302
-511899
-113695
-511812
-114087
-511724
-114480
-511637
-114872
-511549
-115264
-511461
-115657
-511372
-116049
-511283
-116441
-511194
-116833
-511105
-117225
-511015
-117617
-510925
-118009
-510834
-118400
-510744
-118792
-510653
-119184
-510562
-119575
-510470
-119967
-510378
-120358
-510286
-120750
-510194
-121141
-510101
-121532
-510008
-121923
-509914
-122314
-509821
-122705
-509727
-123096
-509632
-123487
-509538
-123878
-509443
-124269
-509348
-124659
-509252
-125050
-509156
-125440
-509060
-125831
-508964
-126221
-508868
-126611
-508770
-127001
-508673
-127392
-508576
-127782
-508478
-128172
-508380
-128561
-508281
-128951
-508182
-129341
-508083
-129731
-507984
-130120
-507884
-130510
-507784
-130899
-507684
-131288
-507584
-131678
-507483
-132067
-507382
-132456
-507280
-132845
-507178
-133234
-507076
-133623
-506974
-134012
-506872
-134400
-506768
-134789
-506665
-135178
-506562
-135566
-506458
-135955
-506354
-136343
-506249
-136731
-506145
-137119
-506040
-137507
-505934
-137895
-505829
-138283
-505723
-138671
-505617
-139059
-505510
-139447
-505403
-139834
-505296
-140222
-505189
-140609
-505081
-140996
-504973
-141384
-504865
-141771
-504756
-142158
-504647
-142545
-504538
-142932
-504429
-143319
-504319
-143706
-504209
-144092
-504098
-144479
-503988
-144866
-503877
-145252
-503766
-145638
-503654
-146024
-503542
-146411
-503430
-146797
-503318
-147183
-503205
-147569
-503092
-147954
-502978
-148340
-502865
-148726
-502751
-149111
-502637
-149497
-502522
-149882
-502407
-150268
-502292
-150653
-502177
-151038
-502061
-151423
-501945
-151808
-501829
-152193
-501712
-152578
-501595
-152962
-501478
-153347
-501361
-153731
-501243
-154116
-501125
-154500
-501007
-154884
-500888
-155268
-500769
-155652
-500650
-156036
-500530
-156420
-500410
-156804
-500290
-157188
-500170
-157571
-500049
-157955
-499928
-158338
-499807
-158721
-499685
-159104
-499563
-159488
-499441
-159871
-499319
-160254
-499196
-160636
-499073
-161019
-498950
-161402
-498826
-161784
-498702
-162167
-498578
-162549
-498453
-162931
-498328
-163314
-498203
-163696
-498078
-164078
-497952
-164460
-497826
-164841
-497700
-165223
-497573
-165604
-497446
-165986
-497319
-166367
-497192
-166749
-497064
-167130
-496936
-167511
-496808
-167892
-496679
-168273
-496550
-168654
-496421
-169034
-496291
-169415
-496162
-169796
-496032
-170176
-495901
-170556
-495770
-170936
-495640
-171316
-495508
-171696
-495377
-172076
-495245
-172456
-495113
-172836
-494980
-173216
-494848
-173595
-494715
-173974
-494581
-174354
-494448
-174733
-494314
-175112
-494180
-175491
-494045
-175870
-493910
-176249
-493776
-176627
-493640
-177006
-493505
-177384
-493369
-177763
-493232
-178141
-493096
-178519
-492959
-178897
-492822
-179275
-492685
-179653
-492547
-180031
-492409
-180408
-492271
-180786
-492132
-181163
-491994
-181540
-491854
-181918
-491715
-182295
-491576
-182672
-491436
-183048
-491295
-183425
-491155
-183802
-491014
-184178
-490873
-184555
-490731
-184931
-490590
-185308
-490448
-185684
-490305
-186060
-490163
-186436
-490020
-186811
-489877
-187187
-489734
-187562
-489590
-187938
-489446
-188313
-489302
-188689
-489157
-189064
-489012
-189439
-488867
-189814
-488721
-190188
-488576
-190563
-488430
-190938
-488283
-191312
-488137
-191686
-487990
-192061
-487843
-192435
-487695
-192809
-487548
-193183
-487400
-193556
-487251
-193930
-487103
-194304
-486954
-194677
-486804
-195050
-486655
-195424
-486505
-195797
-486355
-196170
-486205
-196542
-486054
-196915
-485904
-197288
-485752
-197660
-485601
-198033
-485449
-198405
-485297
-198777
-485145
-199149
-484992
-199521
-484839
-199893
-484686
-200265
-484533
-200636
-484379
-201008
-484225
-201379
-484070
-201750
-483916
-202121
-483761
-202492
-483606
-202863
-483450
-203234
-483295
-203605
-483139
-203975
-482982
-204346
-482826
-204716
-482669
-205086
-482512
-205456
-482354
-205826
-482197
-206196
-482039
-206565
-481880
-206935
-481722
-207304
-481563
-207674
-481404
-208043
-481244
-208412
-481085
-208781
-480925
-209149
-480764
-209518
-480604
-209887
-480443
-210255
-480282
-210623
-480120
-210992
-479959
-211360
-479797
-211728
-479634
-212095
-479472
-212463
-479309
-212831
-479146
-213198
-478983
-213565
-478819
-213933
-478655
-214300
-478491
-214667
-478326
-215033
-478162
-215400
-477996
-215767
-477831
-216133
-477666
-216499
-477500
-216866
-477333
-217232
-477167
-217598
-477000
-217963
-476833
-218329
-476666
-218694
-476498
-219060
-476330
-219425
-476162
-219790
-475994
-220155
-475825
-220520
-475656
-220885
-475487
-221250
-475317
-221614
-475147
-221978
-474977
-222343
-474807
-222707
-474636
-223071
-474465
-223435
-474294
-223798
-474122
-224162
-473951
-224525
-473779
-224889
-473606
-225252
-473434
-225615
-473261
-225978
-473088
-226341
-472914
-226703
-472740
-227066
-472566
-227428
-472392
-227790
-472218
-228153
-472043
-228515
-471868
-228876
-471692
-229238
-471516
-229600
-471340
-229961
-471164
-230322
-470988
-230684
-470811
-231045
-470634
-231406
-470456
-231766
-470279
-232127
-470101
-232488
-469923
-232848
-469744
-233208
-469566
-233568
-469386
-233928
-469207
-234288
-469028
-234648
-468848
-235007
-468668
-235366
-468487
-235726
-468307
-236085
-468126
-236444
-467945
-236803
-467763
-237161
-467581
-237520
-467399
-237878
-467217
-238237
-467034
-238595
-466852
-238953
-466668
-239311
-466485
-239668
-466301
-240026
-466117
-240383
-465933
-240741
-465749
-241098
-465564
-241455
-465379
-241812
-465193
-242168
-465008
-242525
-464822
-242882
-464636
-243238
-464449
-243594
-464263
-243950
-464076
-244306
-463888
-244662
-463701
-245017
-463513
-245373
-463325
-245728
-463137
-246083
-462948
-246438
-462759
-246793
-462570
-247148
-462381
-247502
-462191
-247857
-462001
-248211
-461811
-248565
-461620
-248919
-461430
-249273
-461238
-249626
-461047
-249980
-460856
-250334
-460664
-250687
-460472
-251040
-460279
-251393
-460086
-251746
-459894
-252098
-459700
-252451
-459507
-252803
-459313
-253155
-459119
-253507
-458925
-253859
-458730
-254211
-458535
-254563
-458340
-254914
-458145
-255266
-457949
-255617
-457753
-255968
-457557
-256318
-457360
-256669
-457164
-257020
-456967
-257370
-456770
-257720
-456572
-258071
-456374
-258420
-456176
-258770
-455978
-259120
-455779
-259470
-455580
-259819
-455381
-260168
-455182
-260517
-454982
-260866
-454782
-261215
-454582
-261563
-454381
-261912
-454181
-262260
-453980
-262608
-453778
-262956
-453577
-263304
-453375
-263652
-453173
-263999
-452970
-264346
-452768
-264694
-452565
-265041
-452362
-265388
-452158
-265734
-451955
-266081
-451751
-266427
-451547
-266774
-451342
-267120
-451137
-267466
-450932
-267811
-450727
-268157
-450522
-268502
-450316
-268848
-450110
-269193
-449903
-269538
-449697
-269883
-449490
-270227
-449283
-270572
-449075
-270916
-448868
-271260
-448660
-271604
-448452
-271948
-448243
-272292
-448034
-272636
-447826
-272979
-447616
-273322
-447407
-273665
-447197
-274008
-446987
-274351
-446777
-274694
-446566
-275036
-446355
-275378
-446144
-275720
-445933
-276062
-445721
-276404
-445509
-276746
-445297
-277087
-445085
-277428
-444872
-277770
-444659
-278111
-444446
-278451
-444233
-278792
-444019
-279132
-443805
-279473
-443591
-279813
-443376
-280153
-443162
-280493
-442946
-280832
-442731
-281172
-442516
-281511
-442300
-281850
-442084
-282189
-441868
-282528
-441651
-282867
-441434
-283205
-441217
-283544
-441000
-283882
-440782
-284220
-440564
-284558
-440346
-284895
-440128
-285233
-439909
-285570
-439690
-285907
-439471
-286244
-439252
-286581
-439032
-286918
-438812
-287254
-438592
-287590
-438371
-287927
-438151
-288263
-437930
-288598
-437708
-288934
-437487
-289270
-437265
-289605
-437043
-289940
-436821
-290275
-436598
-290610
-436376
-290944
-436153
-291279
-435930
-291613
-435706
-291947
-435482
-292281
-435258
-292615
-435034
-292948
-434809
-293282
-434584
-293615
-434359
-293948
-434134
-294281
-433908
-294614
-433683
-294946
-433456
-295279
-433230
-295611
-433004
-295943
-432777
-296275
-432550
-296606
-432322
-296938
-432095
-297269
-431867
-297600
-431639
-297931
-431410
-298262
-431182
-298593
-430953
-298923
-430724
-299253
-430494
-299584
-430264
-299914
-430035
-300243
-429804
-300573
-429574
-300902
-429343
-301231
-429112
-301560
-428881
-301889
-428650
-302218
-428418
-302546
-428186
-302875
-427954
-303203
-427722
-303531
-427489
-303859
-427256
-304186
-427023
-304514
-426789
-304841
-426556
-305168
-426322
-305495
-426088
-305822
-425853
-306148
-425618
-306474
-425384
-306801
-425148
-307127
-424913
-307452
-424677
-307778
-424441
-308104
-424205
-308429
-423969
-308754
-423732
-309079
-423495
-309404
-423258
-309728
-423020
-310052
-422783
-310377
-422545
-310701
-422307
-311024
-422068
-311348
-421830
-311672
-421591
-311995
-421351
-312318
-421112
-312641
-420872
-312964
-420632
-313286
-420392
-313608
-420152
-313931
-419911
-314252
-419670
-314574
-419429
-314896
-419188
-315217
-418946
-315539
-418704
-315860
-418462
-316180
-418220
-316501
-417977
-316822
-417734
-317142
-417491
-317462
-417248
-317782
-417004
-318102
-416760
-318421
-416516
-318741
-416272
-319060
-416027
-319379
-415782
-319698
-415537
-320016
-415292
-320335
-415046
-320653
-414800
-320971
-414554
-321289
-414308
-321607
-414062
-321924
-413815
-322241
-413568
-322558
-413320
-322875
-413073
-323192
-412825
-323509
-412577
-323825
-412329
-324141
-412080
-324457
-411832
-324773
-411583
-325088
-411334
-325404
-411084
-325719
-410834
-326034
-410584
-326349
-410334
-326664
-410084
-326978
-409833
-327292
-409582
-327606
-409331
-327920
-409080
-328234
-408828
-328547
-408576
-328860
-408324
-329174
-408072
-329486
-407819
-329799
-407566
-330112
-407313
-330424
-407060
-330736
-406806
-331048
-406553
-331360
-406298
-331671
-406044
-331983
-405790
-332294
-405535
-332605
-405280
-332916
-405025
-333226
-404769
-333536
-404514
-333846
-404258
-334156
-404002
-334466
-403745
-334776
-403488
-335085
-403232
-335394
-402974
-335703
-402717
-336012
-402460
-336321
-402202
-336629
-401944
-336937
-401685
-337245
-401427
-337553
-401168
-337861
-400909
-338168
-400650
-338475
-400390
-338782
-400130
-339089
-399870
-339396
-399610
-339702
-399350
-340008
-399089
-340314
-398828
-340620
-398567
-340926
-398306
-341231
-398044
-341536
-397782
-341841
-397520
-342146
-397258
-342451
-396996
-342755
-396733
-343059
-396470
-343363
-396206
-343667
-395943
-343970
-395679
-344274
-395415
-344577
-395151
-344880
-394887
-345183
-394622
-345485
-394357
-345788
-394092
-346090
-393827
-346392
-393561
-346694
-393296
-346995
-393029
-347297
-392763
-347598
-392497
-347899
-392230
-348199
-391963
-348500
-391696
-348800
-391428
-349100
-391161
-349400
-390893
-349700
-390625
-350000
-390356
-350299
-390088
-350598
-389819
-350897
-389550
-351196
-389281
-351494
-389011
-351792
-388742
-352090
-388472
-352388
-388202
-352686
-387931
-352983
-387660
-353280
-387390
-353577
-387119
-353874
-386847
-354171
-386576
-354467
-386304
-354763
-386032
-355059
-385760
-355355
-385487
-355651
-385215
-355946
-384942
-356241
-384669
-356536
-384395
-356831
-384122
-357125
-383848
-357420
-383574
-357714
-383300
-358008
-383025
-358301
-382750
-358595
-382476
-358888
-382200
-359181
-381925
-359474
-381650
-359766
-381374
-360059
-381098
-360351
-380821
-360643
-380545
-360935
-380268
-361226
-379991
-361518
-379714
-361809
-379437
-362100
-379159
-362390
-378881
-362681
-378603
-362971
-378325
-363261
-378046
-363551
-377768
-363841
-377489
-364130
-377210
-364420
-376930
-364708
-376650
-364997
-376371
-365286
-376090
-365574
-375810
-365862
-375530
-366150
-375249
-366438
-374968
-366725
-374687
-367013
-374406
-367300
-374124
-367587
-373842
-367873
-373560
-368160
-373278
-368446
-372995
-368732
-372713
-369018
-372430
-369303
-372146
-369588
-371863
-369874
-371580
-370158
-371296
-370443
-371012
-370728
-370728
-371012
-370443
-371296
-370158
-371580
-369874
-371863
-369588
-372146
-369303
-372430
-369018
-372713
-368732
-372995
-368446
-373278
-368160
-373560
-367873
-373842
-367587
-374124
-367300
-374406
-367013
-374687
-366725
-374968
-366438
-375249
-366150
-375530
-365862
-375810
-365574
-376090
-365286
-376371
-364997
-376650
-364708
-376930
-364420
-377210
-364130
-377489
-363841
-377768
-363551
-378046
-363261
-378325
-362971
-378603
-362681
-378881
-362390
-379159
-362100
-379437
-361809
-379714
-361518
-379991
-361226
-380268
-360935
-380545
-360643
-380821
-360351
-381098
-360059
-381374
-359766
-381650
-359474
-381925
-359181
-382200
-358888
-382476
-358595
-382750
-358301
-383025
-358008
-383300
-357714
-383574
-357420
-383848
-357125
-384122
-356831
-384395
-356536
-384669
-356241
-384942
-355946
-385215
-355651
-385487
-355355
-385760
-355059
-386032
-354763
-386304
-354467
-386576
-354171
-386847
-353874
-387119
-353577
-387390
-353280
-387660
-352983
-387931
-352686
-388202
-352388
-388472
-352090
-388742
-351792
-389011
-351494
-389281
-351196
-389550
-350897
-389819
-350598
-390088
-350299
-390356
-350000
-390625
-349700
-390893
-349400
-391161
-349100
-391428
-348800
-391696
-348500
-391963
-348199
-392230
-347899
-392497
-347598
-392763
-347297
-393029
-346995
-393296
-346694
-393561
-346392
-393827
-346090
-394092
-345788
-394357
-345485
-394622
-345183
-394887
-344880
-395151
-344577
-395415
-344274
-395679
-343970
-395943
-343667
-396206
-343363
-396470
-343059
-396733
-342755
-396996
-342451
-397258
-342146
-397520
-341841
-397782
-341536
-398044
-341231
-398306
-340926
-398567
-340620
-398828
-340314
-399089
-340008
-399350
-339702
-399610
-339396
-399870
-339089
-400130
-338782
-400390
-338475
-400650
-338168
-400909
-337861
-401168
-337553
-401427
-337245
-401685
-336937
-401944
-336629
-402202
-336321
-402460
-336012
-402717
-335703
-402974
-335394
-403232
-335085
-403488
-334776
-403745
-334466
-404002
-334156
-404258
-333846
-404514
-333536
-404769
-333226
-405025
-332916
-405280
-332605
-405535
-332294
-405790
-331983
-406044
-331671
-406298
-331360
-406553
-331048
-406806
-330736
-407060
-330424
-407313
-330112
-407566
-329799
-407819
-329486
-408072
-329174
-408324
-328860
-408576
-328547
-408828
-328234
-409080
-327920
-409331
-327606
-409582
-327292
-409833
-326978
-410084
-326664
-410334
-326349
-410584
-326034
-410834
-325719
-411084
-325404
-411334
-325088
-411583
-324773
-411832
-324457
-412080
-324141
-412329
-323825
-412577
-323509
-412825
-323192
-413073
-322875
-413320
-322558
-413568
-322241
-413815
-321924
-414062
-321607
-414308
-321289
-414554
-320971
-414800
-320653
-415046
-320335
-415292
-320016
-415537
-319698
-415782
-319379
-416027
-319060
-416272
-318741
-416516
-318421
-416760
-318102
-417004
-317782
-417248
-317462
-417491
-317142
-417734
-316822
-417977
-316501
-418220
-316180
-418462
-315860
-418704
-315539
-418946
-315217
-419188
-314896
-419429
-314574
-419670
-314252
-419911
-313931
-420152
-313608
-420392
-313286
-420632
-312964
-420872
-312641
-421112
-312318
-421351
-311995
-421591
-311672
-421830
-311348
-422068
-311024
-422307
-310701
-422545
-310377
-422783
-310052
-423020
-309728
-423258
-309404
-423495
-309079
-423732
-308754
-423969
-308429
-424205
-308104
-424441
-307778
-424677
-307452
-424913
-307127
-425148
-306801
-425384
-306474
-425618
-306148
-425853
-305822
-426088
-305495
-426322
-305168
-426556
-304841
-426789
-304514
-427023
-304186
-427256
-303859
-427489
-303531
-427722
-303203
-427954
-302875
-428186
-302546
-428418
-302218
-428650
-301889
-428881
-301560
-429112
-301231
-429343
-300902
-429574
-300573
-429804
-300243
-430035
-299914
-430264
-299584
-430494
-299253
-430724
-298923
-430953
-298593
-431182
-298262
-431410
-297931
-431639
-297600
-431867
-297269
-432095
-296938
-432322
-296606
-432550
-296275
-432777
-295943
-433004
-295611
-433230
-295279
-433456
-294946
-433683
-294614
-433908
-294281
-434134
-293948
-434359
-293615
-434584
-293282
-434809
-292948
-435034
-292615
-435258
-292281
-435482
-291947
-435706
-291613
-435930
-291279
-436153
-290944
-436376
-290610
-436598
-290275
-436821
-289940
-437043
-289605
-437265
-289270
-437487
-288934
-437708
-288598
-437930
-288263
-438151
-287927
-438371
-287590
-438592
-287254
-438812
-286918
-439032
-286581
-439252
-286244
-439471
-285907
-439690
-285570
-439909
-285233
-440128
-284895
-440346
-284558
-440564
-284220
-440782
-283882
-441000
-283544
-441217
-283205
-441434
-282867
-441651
-282528
-441868
-282189
-442084
-281850
-442300
-281511
-442516
-281172
-442731
-280832
-442946
-280493
-443162
-280153
-443376
-279813
-443591
-279473
-443805
-279132
-444019
-278792
-444233
-278451
-444446
-278111
-444659
-277770
-444872
-277428
-445085
-277087
-445297
-276746
-445509
-276404
-445721
-276062
-445933
-275720
-446144
-275378
-446355
-275036
-446566
-274694
-446777
-274351
-446987
-274008
-447197
-273665
-447407
-273322
-447616
-272979
-447826
-272636
-448034
-272292
-448243
-271948
-448452
-271604
-448660
-271260
-448868
-270916
-449075
-270572
-449283
-270227
-449490
-269883
-449697
-269538
-449903
-269193
-450110
-268848
-450316
-268502
-450522
-268157
-450727
-267811
-450932
-267466
-451137
-267120
-451342
-266774
-451547
-266427
-451751
-266081
-451955
-265734
-452158
-265388
-452362
-265041
-452565
-264694
-452768
-264346
-452970
-263999
-453173
-263652
-453375
-263304
-453577
-262956
-453778
-262608
-453980
-262260
-454181
-261912
-454381
-261563
-454582
-261215
-454782
-260866
-454982
-260517
-455182
-260168
-455381
-259819
-455580
-259470
-455779
-259120
-455978
-258770
-456176
-258420
-456374
-258071
-456572
-257720
-456770
-257370
-456967
-257020
-457164
-256669
-457360
-256318
-457557
-255968
-457753
-255617
-457949
-255266
-458145
-254914
-458340
-254563
-458535
-254211
-458730
-253859
-458925
-253507
-459119
-253155
-459313
-252803
-459507
-252451
-459700
-252098
-459894
-251746
-460086
-251393
-460279
-251040
-460472
-250687
-460664
-250334
-460856
-249980
-461047
-249626
-461238
-249273
-461430
-248919
-461620
-248565
-461811
-248211
-462001
-247857
-462191
-247502
-462381
-247148
-462570
-246793
-462759
-246438
-462948
-246083
-463137
-245728
-463325
-245373
-463513
-245017
-463701
-244662
-463888
-244306
-464076
-243950
-464263
-243594
-464449
-243238
-464636
-242882
-464822
-242525
-465008
-242168
-465193
-241812
-465379
-241455
-465564
-241098
-465749
-240741
-465933
-240383
-466117
-240026
-466301
-239668
-466485
-239311
-466668
-238953
-466852
-238595
-467034
-238237
-467217
-237878
-467399
-237520
-467581
-237161
-467763
-236803
-467945
-236444
-468126
-236085
-468307
-235726
-468487
-235366
-468668
-235007
-468848
-234648
-469028
-234288
-469207
-233928
-469386
-233568
-469566
-233208
-469744
-232848
-469923
-232488
-470101
-232127
-470279
-231766
-470456
-231406
-470634
-231045
-470811
-230684
-470988
-230322
-471164
-229961
-471340
-229600
-471516
-229238
-471692
-228876
-471868
-228515
-472043
-228153
-472218
-227790
-472392
-227428
-472566
-227066
-472740
-226703
-472914
-226341
-473088
-225978
-473261
-225615
-473434
-225252
-473606
-224889
-473779
-224525
-473951
-224162
-474122
-223798
-474294
-223435
-474465
-223071
-474636
-222707
-474807
-222343
-474977
-221978
-475147
-221614
-475317
-221250
-475487
-220885
-475656
-220520
-475825
-220155
-475994
-219790
-476162
-219425
-476330
-219060
-476498
-218694
-476666
-218329
-476833
-217963
-477000
-217598
-477167
-217232
-477333
-216866
-477500
-216499
-477666
-216133
-477831
-215767
-477996
-215400
-478162
-215033
-478326
-214667
-478491
-214300
-478655
-213933
-478819
-213565
-478983
-213198
-479146
-212831
-479309
-212463
-479472
-212095
-479634
-211728
-479797
-211360
-479959
-210992
-480120
-210623
-480282
-210255
-480443
-209887
-480604
-209518
-480764
-209149
-480925
-208781
-481085
-208412
-481244
-208043
-481404
-207674
-481563
-207304
-481722
-206935
-481880
-206565
-482039
-206196
-482197
-205826
-482354
-205456
-482512
-205086
-482669
-204716
-482826
-204346
-482982
-203975
-483139
-203605
-483295
-203234
-483450
-202863
-483606
-202492
-483761
-202121
-483916
-201750
-484070
-201379
-484225
-201008
-484379
-200636
-484533
-200265
-484686
-199893
-484839
-199521
-484992
-199149
-485145
-198777
-485297
-198405
-485449
-198033
-485601
-197660
-485752
-197288
-485904
-196915
-486054
-196542
-486205
-196170
-486355
-195797
-486505
-195424
-486655
-195050
-486804
-194677
-486954
-194304
-487103
-193930
-487251
-193556
-487400
-193183
-487548
-192809
-487695
-192435
-487843
-192061
-487990
-191686
-488137
-191312
-488283
-190938
-488430
-190563
-488576
-190188
-488721
-189814
-488867
-189439
-489012
-189064
-489157
-188689
-489302
-188313
-489446
-187938
-489590
-187562
-489734
-187187
-489877
-186811
-490020
-186436
-490163
-186060
-490305
-185684
-490448
-185308
-490590
-184931
-490731
-184555
-490873
-184178
-491014
-183802
-491155
-183425
-491295
-183048
-491436
-182672
-491576
-182295
-491715
-181918
-491854
-181540
-491994
-181163
-492132
-180786
-492271
-180408
-492409
-180031
-492547
-179653
-492685
-179275
-492822
-178897
-492959
-178519
-493096
-178141
-493232
-177763
-493369
-177384
-493505
-177006
-493640
-176627
-493776
-176249
-493910
-175870
-494045
-175491
-494180
-175112
-494314
-174733
-494448
-174354
-494581
-173974
-494715
-173595
-494848
-173216
-494980
-172836
-495113
-172456
-495245
-172076
-495377
-171696
-495508
-171316
-495640
-170936
-495770
-170556
-495901
-170176
-496032
-169796
-496162
-169415
-496291
-169034
-496421
-168654
-496550
-168273
-496679
-167892
-496808
-167511
-496936
-167130
-497064
-166749
-497192
-166367
-497319
-165986
-497446
-165604
-497573
-165223
-497700
-164841
-497826
-164460
-497952
-164078
-498078
-163696
-498203
-163314
-498328
-162931
-498453
-162549
-498578
-162167
-498702
-161784
-498826
-161402
-498950
-161019
-499073
-160636
-499196
-160254
-499319
-159871
-499441
-159488
-499563
-159104
-499685
-158721
-499807
-158338
-499928
-157955
-500049
-157571
-500170
-157188
-500290
-156804
-500410
-156420
-500530
-156036
-500650
-155652
-500769
-155268
-500888
-154884
-501007
-154500
-501125
-154116
-501243
-153731
-501361
-153347
-501478
-152962
-501595
-152578
-501712
-152193
-501829
-151808
-501945
-151423
-502061
-151038
-502177
-150653
-502292
-150268
-502407
-149882
-502522
-149497
-502637
-149111
-502751
-148726
-502865
-148340
-502978
-147954
-503092
-147569
-503205
-147183
-503318
-146797
-503430
-146411
-503542
-146024
-503654
-145638
-503766
-145252
-503877
-144866
-503988
-144479
-504098
-144092
-504209
-143706
-504319
-143319
-504429
-142932
-504538
-142545
-504647
-142158
-504756
-141771
-504865
-141384
-504973
-140996
-505081
-140609
-505189
-140222
-505296
-139834
-505403
-139447
-505510
-139059
-505617
-138671
-505723
-138283
-505829
-137895
-505934
-137507
-506040
-137119
-506145
-136731
-506249
-136343
-506354
-135955
-506458
-135566
-506562
-135178
-506665
-134789
-506768
-134400
-506872
-134012
-506974
-133623
-507076
-133234
-507178
-132845
-507280
-132456
-507382
-132067
-507483
-131678
-507584
-131288
-507684
-130899
-507784
-130510
-507884
-130120
-507984
-129731
-508083
-129341
-508182
-128951
-508281
-128561
-508380
-128172
-508478
-127782
-508576
-127392
-508673
-127001
-508770
-126611
-508868
-126221
-508964
-125831
-509060
-125440
-509156
-125050
-509252
-124659
-509348
-124269
-509443
-123878
-509538
-123487
-509632
-123096
-509727
-122705
-509821
-122314
-509914
-121923
-510008
-121532
-510101
-121141
-510194
-120750
-510286
-120358
-510378
-119967
-510470
-119575
-510562
-119184
-510653
-118792
-510744
-118400
-510834
-118009
-510925
-117617
-511015
-117225
-511105
-116833
-511194
-116441
-511283
-116049
-511372
-115657
-511461
-115264
-511549
-114872
-511637
-114480
-511724
-114087
-511812
-113695
-511899
-113302
-511986
-112910
-512072
-112517
-512158
-112124
-512244
-111731
-512330
-111338
-512415
-110945
-512500
-110552
-512584
-110159
-512669
-109766
-512753
-109373
-512836
-108979
-512920
-108586
-513003
-108192
-513086
-107799
-513168
-107406
-513251
-107012
-513333
-106618
-513414
-106224
-513496
-105830
-513577
-105437
-513657
-105043
-513738
-104649
-513818
-104255
-513898
-103860
-513977
-103466
-514056
-103072
-514135
-102678
-514214
-102284
-514292
-101889
-514370
-101494
-514448
-101100
-514525
-100705
-514602
-100311
-514679
-99916
-514756
-99521
-514832
-99126
-514908
-98732
-514983
-98336
-515058
-97942
-515134
-97546
-515208
-97151
-515282
-96756
-515357
-96361
-515430
-95966
-515504
-95570
-515577
-95175
-515650
-94779
-515722
-94384
-515795
-93988
-515866
-93593
-515938
-93197
-516010
-92801
-516080
-92405
-516151
-92010
-516222
-91614
-516292
-91218
-516362
-90822
-516431
-90426
-516500
-90029
-516569
-89633
-516638
-89237
-516706
-88841
-516774
-88444
-516842
-88048
-516909
-87652
-516976
-87255
-517043
-86858
-517109
-86462
-517176
-86065
-517242
-85669
-517307
-85272
-517372
-84875
-517437
-84478
-517502
-84081
-517566
-83684
-517630
-83287
-517694
-82890
-517757
-82493
-517820
-82096
-517883
-81699
-517946
-81302
-518008
-80904
-518070
-80507
-518132
-80110
-518193
-79712
-518254
-79315
-518314
-78917
-518375
-78520
-518435
-78122
-518495
-77724
-518554
-77327
-518613
-76929
-518672
-76531
-518731
-76133
-518789
-75736
-518847
-75338
-518904
-74940
-518962
-74542
-519019
-74144
-519076
-73745
-519132
-73347
-519188
-72949
-519244
-72551
-519299
-72152
-519355
-71754
-519410
-71356
-519464
-70957
-519518
-70559
-519572
-70160
-519626
-69762
-519679
-69363
-519732
-68965
-519785
-68566
-519838
-68168
-519890
-67769
-519942
-67370
-519993
-66971
-520044
-66572
-520095
-66173
-520146
-65774
-520196
-65376
-520246
-64976
-520296
-64578
-520345
-64178
-520394
-63779
-520443
-63380
-520491
-62981
-520540
-62582
-520587
-62182
-520635
-61783
-520682
-61384
-520729
-60984
-520776
-60585
-520822
-60186
-520868
-59786
-520914
-59386
-520959
-58987
-521004
-58587
-521049
-58188
-521093
-57788
-521138
-57388
-521182
-56989
-521225
-56589
-521268
-56189
-521311
-55789
-521354
-55390
-521396
-54990
-521438
-54590
-521480
-54190
-521521
-53790
-521562
-53390
-521603
-52990
-521644
-52590
-521684
-52190
-521724
-51789
-521763
-51389
-521803
-50989
-521842
-50589
-521880
-50188
-521918
-49788
-521957
-49388
-521994
-48988
-522032
-48587
-522069
-48187
-522106
-47786
-522142
-47386
-522178
-46985
-522214
-46585
-522250
-46184
-522285
-45784
-522320
-45383
-522355
-44982
-522389
-44582
-522423
-44181
-522457
-43780
-522490
-43380
-522523
-42979
-522556
-42578
-522589
-42177
-522621
-41776
-522653
-41376
-522684
-40975
-522716
-40574
-522747
-40173
-522777
-39772
-522808
-39371
-522838
-38970
-522867
-38569
-522897
-38168
-522926
-37767
-522955
-37366
-522983
-36965
-523011
-36564
-523039
-36162
-523067
-35761
-523094
-35360
-523121
-34959
-523148
-34558
-523174
-34156
-523200
-33755
-523226
-33354
-523251
-32952
-523276
-32551
-523301
-32150
-523326
-31748
-523350
-31347
-523374
-30946
-523398
-30544
-523421
-30143
-523444
-29741
-523466
-29340
-523489
-28938
-523511
-28537
-523532
-28135
-523554
-27734
-523575
-27332
-523596
-26930
-523616
-26529
-523636
-26127
-523656
-25726
-523676
-25324
-523695
-24922
-523714
-24520
-523733
-24119
-523751
-23717
-523769
-23315
-523787
-22914
-523804
-22512
-523822
-22110
-523838
-21708
-523855
-21307
-523871
-20905
-523887
-20503
-523902
-20101
-523918
-19699
-523933
-19298
-523947
-18896
-523962
-18494
-523976
-18092
-523989
-17690
-524003
-17288
-524016
-16886
-524029
-16484
-524041
-16082
-524053
-15680
-524065
-15278
-524077
-14876
-524088
-14474
-524099
-14073
-524110
-13671
-524120
-13269
-524130
-12867
-524140
-12465
-524149
-12063
-524158
-11661
-524167
-11258
-524176
-10856
-524184
-10454
-524192
-10052
-524199
-9650
-524206
-9248
-524213
-8846
-524220
-8444
-524226
-8042
-524232
-7640
-524238
-7238
-524243
-6836
-524248
-6434
-524253
-6032
-524258
-5630
-524262
-5228
-524266
-4825
-524269
-4423
-524272
-4021
-524276
-3619
-524278
-3217
-524280
-2815
-524282
-2413
-524284
-2010
-524286
-1608
-524286
-1206
-524287
-804
-524288
-402
