8191
0
8191
-25
8191
-50
8191
-75
8191
-100
8191
-126
8190
-151
8190
-176
8190
-201
8189
-226
8188
-251
8187
-276
8186
-302
8185
-327
8184
-352
8183
-377
8182
-402
8181
-427
8180
-452
8178
-477
8176
-502
8175
-527
8173
-552
8172
-578
8170
-603
8168
-628
8166
-653
8164
-678
8162
-703
8160
-728
8157
-753
8155
-778
8152
-803
8150
-828
8147
-853
8145
-878
8142
-903
8139
-928
8136
-953
8133
-978
8130
-1003
8127
-1028
8124
-1053
8121
-1078
8117
-1102
8114
-1127
8110
-1152
8107
-1177
8103
-1202
8100
-1227
8096
-1252
8092
-1276
8088
-1301
8084
-1326
8080
-1351
8076
-1376
8071
-1400
8067
-1425
8063
-1450
8058
-1475
8054
-1499
8049
-1524
8044
-1549
8039
-1574
8034
-1598
8030
-1623
8025
-1647
8020
-1672
8014
-1697
8009
-1721
8004
-1746
7998
-1770
7993
-1795
7987
-1819
7982
-1844
7976
-1868
7970
-1893
7964
-1917
7958
-1942
7952
-1966
7946
-1990
7940
-2015
7934
-2039
7928
-2064
7921
-2088
7915
-2112
7908
-2136
7902
-2161
7895
-2185
7888
-2209
7882
-2233
7875
-2257
7868
-2282
7861
-2306
7854
-2330
7846
-2354
7839
-2378
7832
-2402
7824
-2426
7817
-2450
7809
-2474
7802
-2498
7794
-2522
7786
-2546
7778
-2570
7770
-2594
7762
-2617
7754
-2641
7746
-2665
7738
-2689
7730
-2712
7722
-2736
7713
-2760
7705
-2783
7696
-2807
7687
-2831
7679
-2854
7670
-2878
7661
-2901
7652
-2925
7643
-2948
7634
-2972
7625
-2995
7616
-3018
7606
-3042
7597
-3065
7588
-3088
7578
-3112
7568
-3135
7559
-3158
7549
-3181
7539
-3204
7529
-3228
7519
-3251
7509
-3274
7499
-3297
7489
-3320
7479
-3343
7469
-3366
7458
-3388
7448
-3411
7437
-3434
7427
-3457
7416
-3480
7405
-3502
7395
-3525
7384
-3548
7373
-3570
7362
-3593
7351
-3616
7340
-3638
7328
-3661
7317
-3683
7306
-3706
7294
-3728
7283
-3750
7272
-3773
7260
-3795
7248
-3817
7236
-3839
7225
-3862
7213
-3884
7201
-3906
7189
-3928
7177
-3950
7164
-3972
7152
-3994
7140
-4016
7128
-4038
7115
-4060
7103
-4081
7090
-4103
7078
-4125
7065
-4147
7052
-4168
7039
-4190
7026
-4212
7014
-4233
7000
-4254
6987
-4276
6974
-4297
6961
-4319
6948
-4340
6934
-4361
6921
-4383
6908
-4404
6894
-4425
6880
-4446
6867
-4467
6853
-4488
6839
-4509
6825
-4530
6811
-4551
6797
-4572
6783
-4593
6769
-4614
6755
-4634
6741
-4655
6726
-4676
6712
-4696
6698
-4717
6683
-4738
6668
-4758
6654
-4778
6639
-4799
6624
-4819
6610
-4840
6595
-4860
6580
-4880
6565
-4900
6550
-4920
6535
-4940
6519
-4960
6504
-4980
6489
-5000
6474
-5020
6458
-5040
6443
-5060
6427
-5080
6411
-5099
6396
-5119
6380
-5138
6364
-5158
6348
-5177
6332
-5197
6316
-5216
6300
-5236
6284
-5255
6268
-5274
6252
-5293
6236
-5313
6219
-5332
6203
-5351
6186
-5370
6170
-5389
6154
-5408
6137
-5426
6120
-5445
6104
-5464
6087
-5483
6070
-5501
6053
-5520
6036
-5538
6019
-5557
6002
-5575
5985
-5594
5968
-5612
5950
-5630
5933
-5649
5916
-5667
5898
-5685
5881
-5703
5863
-5721
5846
-5739
5828
-5757
5810
-5775
5792
-5792
5775
-5810
5757
-5828
5739
-5846
5721
-5863
5703
-5881
5685
-5898
5667
-5916
5649
-5933
5630
-5950
5612
-5968
5594
-5985
5575
-6002
5557
-6019
5538
-6036
5520
-6053
5501
-6070
5483
-6087
5464
-6104
5445
-6120
5426
-6137
5408
-6154
5389
-6170
5370
-6186
5351
-6203
5332
-6219
5313
-6236
5293
-6252
5274
-6268
5255
-6284
5236
-6300
5216
-6316
5197
-6332
5177
-6348
5158
-6364
5138
-6380
5119
-6396
5099
-6411
5080
-6427
5060
-6443
5040
-6458
5020
-6474
5000
-6489
4980
-6504
4960
-6519
4940
-6535
4920
-6550
4900
-6565
4880
-6580
4860
-6595
4840
-6610
4819
-6624
4799
-6639
4778
-6654
4758
-6668
4738
-6683
4717
-6698
4696
-6712
4676
-6726
4655
-6741
4634
-6755
4614
-6769
4593
-6783
4572
-6797
4551
-6811
4530
-6825
4509
-6839
4488
-6853
4467
-6867
4446
-6880
4425
-6894
4404
-6908
4383
-6921
4361
-6934
4340
-6948
4319
-6961
4297
-6974
4276
-6987
4254
-7000
4233
-7014
4212
-7026
4190
-7039
4168
-7052
4147
-7065
4125
-7078
4103
-7090
4081
-7103
4060
-7115
4038
-7128
4016
-7140
3994
-7152
3972
-7164
3950
-7177
3928
-7189
3906
-7201
3884
-7213
3862
-7225
3839
-7236
3817
-7248
3795
-7260
3773
-7272
3750
-7283
3728
-7294
3706
-7306
3683
-7317
3661
-7328
3638
-7340
3616
-7351
3593
-7362
3570
-7373
3548
-7384
3525
-7395
3502
-7405
3480
-7416
3457
-7427
3434
-7437
3411
-7448
3388
-7458
3366
-7469
3343
-7479
3320
-7489
3297
-7499
3274
-7509
3251
-7519
3228
-7529
3204
-7539
3181
-7549
3158
-7559
3135
-7568
3112
-7578
3088
-7588
3065
-7597
3042
-7606
3018
-7616
2995
-7625
2972
-7634
2948
-7643
2925
-7652
2901
-7661
2878
-7670
2854
-7679
2831
-7687
2807
-7696
2783
-7705
2760
-7713
2736
-7722
2712
-7730
2689
-7738
2665
-7746
2641
-7754
2617
-7762
2594
-7770
2570
-7778
2546
-7786
2522
-7794
2498
-7802
2474
-7809
2450
-7817
2426
-7824
2402
-7832
2378
-7839
2354
-7846
2330
-7854
2306
-7861
2282
-7868
2257
-7875
2233
-7882
2209
-7888
2185
-7895
2161
-7902
2136
-7908
2112
-7915
2088
-7921
2064
-7928
2039
-7934
2015
-7940
1990
-7946
1966
-7952
1942
-7958
1917
-7964
1893
-7970
1868
-7976
1844
-7982
1819
-7987
1795
-7993
1770
-7998
1746
-8004
1721
-8009
1697
-8014
1672
-8020
1647
-8025
1623
-8030
1598
-8034
1574
-8039
1549
-8044
1524
-8049
1499
-8054
1475
-8058
1450
-8063
1425
-8067
1400
-8071
1376
-8076
1351
-8080
1326
-8084
1301
-8088
1276
-8092
1252
-8096
1227
-8100
1202
-8103
1177
-8107
1152
-8110
1127
-8114
1102
-8117
1078
-8121
1053
-8124
1028
-8127
1003
-8130
978
-8133
953
-8136
928
-8139
903
-8142
878
-8145
853
-8147
828
-8150
803
-8152
778
-8155
753
-8157
728
-8160
703
-8162
678
-8164
653
-8166
628
-8168
603
-8170
578
-8172
552
-8173
527
-8175
502
-8176
477
-8178
452
-8180
427
-8181
402
-8182
377
-8183
352
-8184
327
-8185
302
-8186
276
-8187
251
-8188
226
-8189
201
-8190
176
-8190
151
-8190
126
-8191
100
-8191
75
-8192
50
-8192
25
-8192
0
-8192
-25
-8192
-50
-8192
-75
-8192
-100
-8191
-126
-8191
-151
-8190
-176
-8190
-201
-8190
-226
-8189
-251
-8188
-276
-8187
-302
-8186
-327
-8185
-352
-8184
-377
-8183
-402
-8182
-427
-8181
-452
-8180
-477
-8178
-502
-8176
-527
-8175
-552
-8173
-578
-8172
-603
-8170
-628
-8168
-653
-8166
-678
-8164
-703
-8162
-728
-8160
-753
-8157
-778
-8155
-803
-8152
-828
-8150
-853
-8147
-878
-8145
-903
-8142
-928
-8139
-953
-8136
-978
-8133
-1003
-8130
-1028
-8127
-1053
-8124
-1078
-8121
-1102
-8117
-1127
-8114
-1152
-8110
-1177
-8107
-1202
-8103
-1227
-8100
-1252
-8096
-1276
-8092
-1301
-8088
-1326
-8084
-1351
-8080
-1376
-8076
-1400
-8071
-1425
-8067
-1450
-8063
-1475
-8058
-1499
-8054
-1524
-8049
-1549
-8044
-1574
-8039
-1598
-8034
-1623
-8030
-1647
-8025
-1672
-8020
-1697
-8014
-1721
-8009
-1746
-8004
-1770
-7998
-1795
-7993
-1819
-7987
-1844
-7982
-1868
-7976
-1893
-7970
-1917
-7964
-1942
-7958
-1966
-7952
-1990
-7946
-2015
-7940
-2039
-7934
-2064
-7928
-2088
-7921
-2112
-7915
-2136
-7908
-2161
-7902
-2185
-7895
-2209
-7888
-2233
-7882
-2257
-7875
-2282
-7868
-2306
-7861
-2330
-7854
-2354
-7846
-2378
-7839
-2402
-7832
-2426
-7824
-2450
-7817
-2474
-7809
-2498
-7802
-2522
-7794
-2546
-7786
-2570
-7778
-2594
-7770
-2617
-7762
-2641
-7754
-2665
-7746
-2689
-7738
-2712
-7730
-2736
-7722
-2760
-7713
-2783
-7705
-2807
-7696
-2831
-7687
-2854
-7679
-2878
-7670
-2901
-7661
-2925
-7652
-2948
-7643
-2972
-7634
-2995
-7625
-3018
-7616
-3042
-7606
-3065
-7597
-3088
-7588
-3112
-7578
-3135
-7568
-3158
-7559
-3181
-7549
-3204
-7539
-3228
-7529
-3251
-7519
-3274
-7509
-3297
-7499
-3320
-7489
-3343
-7479
-3366
-7469
-3388
-7458
-3411
-7448
-3434
-7437
-3457
-7427
-3480
-7416
-3502
-7405
-3525
-7395
-3548
-7384
-3570
-7373
-3593
-7362
-3616
-7351
-3638
-7340
-3661
-7328
-3683
-7317
-3706
-7306
-3728
-7294
-3750
-7283
-3773
-7272
-3795
-7260
-3817
-7248
-3839
-7236
-3862
-7225
-3884
-7213
-3906
-7201
-3928
-7189
-3950
-7177
-3972
-7164
-3994
-7152
-4016
-7140
-4038
-7128
-4060
-7115
-4081
-7103
-4103
-7090
-4125
-7078
-4147
-7065
-4168
-7052
-4190
-7039
-4212
-7026
-4233
-7014
-4254
-7000
-4276
-6987
-4297
-6974
-4319
-6961
-4340
-6948
-4361
-6934
-4383
-6921
-4404
-6908
-4425
-6894
-4446
-6880
-4467
-6867
-4488
-6853
-4509
-6839
-4530
-6825
-4551
-6811
-4572
-6797
-4593
-6783
-4614
-6769
-4634
-6755
-4655
-6741
-4676
-6726
-4696
-6712
-4717
-6698
-4738
-6683
-4758
-6668
-4778
-6654
-4799
-6639
-4819
-6624
-4840
-6610
-4860
-6595
-4880
-6580
-4900
-6565
-4920
-6550
-4940
-6535
-4960
-6519
-4980
-6504
-5000
-6489
-5020
-6474
-5040
-6458
-5060
-6443
-5080
-6427
-5099
-6411
-5119
-6396
-5138
-6380
-5158
-6364
-5177
-6348
-5197
-6332
-5216
-6316
-5236
-6300
-5255
-6284
-5274
-6268
-5293
-6252
-5313
-6236
-5332
-6219
-5351
-6203
-5370
-6186
-5389
-6170
-5408
-6154
-5426
-6137
-5445
-6120
-5464
-6104
-5483
-6087
-5501
-6070
-5520
-6053
-5538
-6036
-5557
-6019
-5575
-6002
-5594
-5985
-5612
-5968
-5630
-5950
-5649
-5933
-5667
-5916
-5685
-5898
-5703
-5881
-5721
-5863
-5739
-5846
-5757
-5828
-5775
-5810
-5792
-5792
-5810
-5775
-5828
-5757
-5846
-5739
-5863
-5721
-5881
-5703
-5898
-5685
-5916
-5667
-5933
-5649
-5950
-5630
-5968
-5612
-5985
-5594
-6002
-5575
-6019
-5557
-6036
-5538
-6053
-5520
-6070
-5501
-6087
-5483
-6104
-5464
-6120
-5445
-6137
-5426
-6154
-5408
-6170
-5389
-6186
-5370
-6203
-5351
-6219
-5332
-6236
-5313
-6252
-5293
-6268
-5274
-6284
-5255
-6300
-5236
-6316
-5216
-6332
-5197
-6348
-5177
-6364
-5158
-6380
-5138
-6396
-5119
-6411
-5099
-6427
-5080
-6443
-5060
-6458
-5040
-6474
-5020
-6489
-5000
-6504
-4980
-6519
-4960
-6535
-4940
-6550
-4920
-6565
-4900
-6580
-4880
-6595
-4860
-6610
-4840
-6624
-4819
-6639
-4799
-6654
-4778
-6668
-4758
-6683
-4738
-6698
-4717
-6712
-4696
-6726
-4676
-6741
-4655
-6755
-4634
-6769
-4614
-6783
-4593
-6797
-4572
-6811
-4551
-6825
-4530
-6839
-4509
-6853
-4488
-6867
-4467
-6880
-4446
-6894
-4425
-6908
-4404
-6921
-4383
-6934
-4361
-6948
-4340
-6961
-4319
-6974
-4297
-6987
-4276
-7000
-4254
-7014
-4233
-7026
-4212
-7039
-4190
-7052
-4168
-7065
-4147
-7078
-4125
-7090
-4103
-7103
-4081
-7115
-4060
-7128
-4038
-7140
-4016
-7152
-3994
-7164
-3972
-7177
-3950
-7189
-3928
-7201
-3906
-7213
-3884
-7225
-3862
-7236
-3839
-7248
-3817
-7260
-3795
-7272
-3773
-7283
-3750
-7294
-3728
-7306
-3706
-7317
-3683
-7328
-3661
-7340
-3638
-7351
-3616
-7362
-3593
-7373
-3570
-7384
-3548
-7395
-3525
-7405
-3502
-7416
-3480
-7427
-3457
-7437
-3434
-7448
-3411
-7458
-3388
-7469
-3366
-7479
-3343
-7489
-3320
-7499
-3297
-7509
-3274
-7519
-3251
-7529
-3228
-7539
-3204
-7549
-3181
-7559
-3158
-7568
-3135
-7578
-3112
-7588
-3088
-7597
-3065
-7606
-3042
-7616
-3018
-7625
-2995
-7634
-2972
-7643
-2948
-7652
-2925
-7661
-2901
-7670
-2878
-7679
-2854
-7687
-2831
-7696
-2807
-7705
-2783
-7713
-2760
-7722
-2736
-7730
-2712
-7738
-2689
-7746
-2665
-7754
-2641
-7762
-2617
-7770
-2594
-7778
-2570
-7786
-2546
-7794
-2522
-7802
-2498
-7809
-2474
-7817
-2450
-7824
-2426
-7832
-2402
-7839
-2378
-7846
-2354
-7854
-2330
-7861
-2306
-7868
-2282
-7875
-2257
-7882
-2233
-7888
-2209
-7895
-2185
-7902
-2161
-7908
-2136
-7915
-2112
-7921
-2088
-7928
-2064
-7934
-2039
-7940
-2015
-7946
-1990
-7952
-1966
-7958
-1942
-7964
-1917
-7970
-1893
-7976
-1868
-7982
-1844
-7987
-1819
-7993
-1795
-7998
-1770
-8004
-1746
-8009
-1721
-8014
-1697
-8020
-1672
-8025
-1647
-8030
-1623
-8034
-1598
-8039
-1574
-8044
-1549
-8049
-1524
-8054
-1499
-8058
-1475
-8063
-1450
-8067
-1425
-8071
-1400
-8076
-1376
-8080
-1351
-8084
-1326
-8088
-1301
-8092
-1276
-8096
-1252
-8100
-1227
-8103
-1202
-8107
-1177
-8110
-1152
-8114
-1127
-8117
-1102
-8121
-1078
-8124
-1053
-8127
-1028
-8130
-1003
-8133
-978
-8136
-953
-8139
-928
-8142
-903
-8145
-878
-8147
-853
-8150
-828
-8152
-803
-8155
-778
-8157
-753
-8160
-728
-8162
-703
-8164
-678
-8166
-653
-8168
-628
-8170
-603
-8172
-578
-8173
-552
-8175
-527
-8176
-502
-8178
-477
-8180
-452
-8181
-427
-8182
-402
-8183
-377
-8184
-352
-8185
-327
-8186
-302
-8187
-276
-8188
-251
-8189
-226
-8190
-201
-8190
-176
-8190
-151
-8191
-126
-8191
-100
-8192
-75
-8192
-50
-8192
-25
