16383
0
16383
-100
16383
-201
16381
-302
16379
-402
16376
-502
16373
-603
16369
-704
16364
-804
16359
-904
16353
-1005
16347
-1105
16340
-1205
16332
-1306
16324
-1406
16315
-1506
16305
-1606
16295
-1706
16284
-1806
16273
-1906
16261
-2006
16248
-2105
16235
-2205
16221
-2304
16207
-2404
16192
-2503
16176
-2603
16160
-2702
16143
-2801
16125
-2900
16107
-2999
16088
-3098
16069
-3196
16049
-3295
16029
-3393
16008
-3492
15986
-3590
15964
-3688
15941
-3786
15917
-3883
15893
-3981
15868
-4078
15843
-4176
15817
-4273
15790
-4370
15763
-4467
15736
-4563
15707
-4660
15678
-4756
15649
-4852
15619
-4948
15588
-5044
15557
-5139
15525
-5235
15493
-5330
15460
-5425
15426
-5520
15392
-5614
15357
-5708
15322
-5802
15286
-5896
15250
-5990
15213
-6084
15175
-6177
15137
-6270
15098
-6363
15059
-6455
15019
-6547
14978
-6639
14937
-6731
14896
-6823
14854
-6914
14811
-7005
14768
-7096
14724
-7186
14680
-7276
14634
-7366
14589
-7456
14543
-7545
14496
-7634
14449
-7723
14402
-7812
14354
-7900
14305
-7988
14256
-8076
14206
-8163
14155
-8250
14104
-8337
14053
-8423
14001
-8509
13948
-8595
13896
-8680
13842
-8765
13788
-8850
13733
-8934
13678
-9019
13623
-9102
13567
-9186
13510
-9269
13453
-9352
13395
-9434
13337
-9516
13278
-9598
13219
-9679
13160
-9760
13100
-9840
13039
-9921
12978
-10000
12916
-10080
12854
-10159
12792
-10238
12728
-10316
12665
-10394
12601
-10471
12536
-10548
12472
-10625
12406
-10702
12340
-10778
12274
-10853
12207
-10928
12140
-11003
12072
-11077
12004
-11151
11935
-11224
11866
-11297
11796
-11370
11726
-11442
11656
-11514
11585
-11585
11514
-11656
11442
-11726
11370
-11796
11297
-11866
11224
-11935
11151
-12004
11077
-12072
11003
-12140
10928
-12207
10853
-12274
10778
-12340
10702
-12406
10625
-12472
10548
-12536
10471
-12601
10394
-12665
10316
-12728
10238
-12792
10159
-12854
10080
-12916
10000
-12978
9921
-13039
9840
-13100
9760
-13160
9679
-13219
9598
-13278
9516
-13337
9434
-13395
9352
-13453
9269
-13510
9186
-13567
9102
-13623
9019
-13678
8934
-13733
8850
-13788
8765
-13842
8680
-13896
8595
-13948
8509
-14001
8423
-14053
8337
-14104
8250
-14155
8163
-14206
8076
-14256
7988
-14305
7900
-14354
7812
-14402
7723
-14449
7634
-14496
7545
-14543
7456
-14589
7366
-14634
7276
-14680
7186
-14724
7096
-14768
7005
-14811
6914
-14854
6823
-14896
6731
-14937
6639
-14978
6547
-15019
6455
-15059
6363
-15098
6270
-15137
6177
-15175
6084
-15213
5990
-15250
5896
-15286
5802
-15322
5708
-15357
5614
-15392
5520
-15426
5425
-15460
5330
-15493
5235
-15525
5139
-15557
5044
-15588
4948
-15619
4852
-15649
4756
-15678
4660
-15707
4563
-15736
4467
-15763
4370
-15790
4273
-15817
4176
-15843
4078
-15868
3981
-15893
3883
-15917
3786
-15941
3688
-15964
3590
-15986
3492
-16008
3393
-16029
3295
-16049
3196
-16069
3098
-16088
2999
-16107
2900
-16125
2801
-16143
2702
-16160
2603
-16176
2503
-16192
2404
-16207
2304
-16221
2205
-16235
2105
-16248
2006
-16261
1906
-16273
1806
-16284
1706
-16295
1606
-16305
1506
-16315
1406
-16324
1306
-16332
1205
-16340
1105
-16347
1005
-16353
904
-16359
804
-16364
704
-16369
603
-16373
502
-16376
402
-16379
302
-16381
201
-16383
100
-16384
0
-16384
-100
-16384
-201
-16383
-302
-16381
-402
-16379
-502
-16376
-603
-16373
-704
-16369
-804
-16364
-904
-16359
-1005
-16353
-1105
-16347
-1205
-16340
-1306
-16332
-1406
-16324
-1506
-16315
-1606
-16305
-1706
-16295
-1806
-16284
-1906
-16273
-2006
-16261
-2105
-16248
-2205
-16235
-2304
-16221
-2404
-16207
-2503
-16192
-2603
-16176
-2702
-16160
-2801
-16143
-2900
-16125
-2999
-16107
-3098
-16088
-3196
-16069
-3295
-16049
-3393
-16029
-3492
-16008
-3590
-15986
-3688
-15964
-3786
-15941
-3883
-15917
-3981
-15893
-4078
-15868
-4176
-15843
-4273
-15817
-4370
-15790
-4467
-15763
-4563
-15736
-4660
-15707
-4756
-15678
-4852
-15649
-4948
-15619
-5044
-15588
-5139
-15557
-5235
-15525
-5330
-15493
-5425
-15460
-5520
-15426
-5614
-15392
-5708
-15357
-5802
-15322
-5896
-15286
-5990
-15250
-6084
-15213
-6177
-15175
-6270
-15137
-6363
-15098
-6455
-15059
-6547
-15019
-6639
-14978
-6731
-14937
-6823
-14896
-6914
-14854
-7005
-14811
-7096
-14768
-7186
-14724
-7276
-14680
-7366
-14634
-7456
-14589
-7545
-14543
-7634
-14496
-7723
-14449
-7812
-14402
-7900
-14354
-7988
-14305
-8076
-14256
-8163
-14206
-8250
-14155
-8337
-14104
-8423
-14053
-8509
-14001
-8595
-13948
-8680
-13896
-8765
-13842
-8850
-13788
-8934
-13733
-9019
-13678
-9102
-13623
-9186
-13567
-9269
-13510
-9352
-13453
-9434
-13395
-9516
-13337
-9598
-13278
-9679
-13219
-9760
-13160
-9840
-13100
-9921
-13039
-10000
-12978
-10080
-12916
-10159
-12854
-10238
-12792
-10316
-12728
-10394
-12665
-10471
-12601
-10548
-12536
-10625
-12472
-10702
-12406
-10778
-12340
-10853
-12274
-10928
-12207
-11003
-12140
-11077
-12072
-11151
-12004
-11224
-11935
-11297
-11866
-11370
-11796
-11442
-11726
-11514
-11656
-11585
-11585
-11656
-11514
-11726
-11442
-11796
-11370
-11866
-11297
-11935
-11224
-12004
-11151
-12072
-11077
-12140
-11003
-12207
-10928
-12274
-10853
-12340
-10778
-12406
-10702
-12472
-10625
-12536
-10548
-12601
-10471
-12665
-10394
-12728
-10316
-12792
-10238
-12854
-10159
-12916
-10080
-12978
-10000
-13039
-9921
-13100
-9840
-13160
-9760
-13219
-9679
-13278
-9598
-13337
-9516
-13395
-9434
-13453
-9352
-13510
-9269
-13567
-9186
-13623
-9102
-13678
-9019
-13733
-8934
-13788
-8850
-13842
-8765
-13896
-8680
-13948
-8595
-14001
-8509
-14053
-8423
-14104
-8337
-14155
-8250
-14206
-8163
-14256
-8076
-14305
-7988
-14354
-7900
-14402
-7812
-14449
-7723
-14496
-7634
-14543
-7545
-14589
-7456
-14634
-7366
-14680
-7276
-14724
-7186
-14768
-7096
-14811
-7005
-14854
-6914
-14896
-6823
-14937
-6731
-14978
-6639
-15019
-6547
-15059
-6455
-15098
-6363
-15137
-6270
-15175
-6177
-15213
-6084
-15250
-5990
-15286
-5896
-15322
-5802
-15357
-5708
-15392
-5614
-15426
-5520
-15460
-5425
-15493
-5330
-15525
-5235
-15557
-5139
-15588
-5044
-15619
-4948
-15649
-4852
-15678
-4756
-15707
-4660
-15736
-4563
-15763
-4467
-15790
-4370
-15817
-4273
-15843
-4176
-15868
-4078
-15893
-3981
-15917
-3883
-15941
-3786
-15964
-3688
-15986
-3590
-16008
-3492
-16029
-3393
-16049
-3295
-16069
-3196
-16088
-3098
-16107
-2999
-16125
-2900
-16143
-2801
-16160
-2702
-16176
-2603
-16192
-2503
-16207
-2404
-16221
-2304
-16235
-2205
-16248
-2105
-16261
-2006
-16273
-1906
-16284
-1806
-16295
-1706
-16305
-1606
-16315
-1506
-16324
-1406
-16332
-1306
-16340
-1205
-16347
-1105
-16353
-1005
-16359
-904
-16364
-804
-16369
-704
-16373
-603
-16376
-502
-16379
-402
-16381
-302
-16383
-201
-16384
-100
