16777215
0
16777196
-25736
16777137
-51472
16777038
-77208
16776900
-102943
16776722
-128678
16776505
-154413
16776249
-180148
16775953
-205882
16775617
-231616
16775242
-257349
16774828
-283082
16774374
-308814
16773880
-334545
16773347
-360275
16772775
-386005
16772163
-411733
16771512
-437461
16770821
-463188
16770091
-488913
16769321
-514638
16768512
-540361
16767663
-566083
16766775
-591804
16765847
-617523
16764880
-643240
16763874
-668957
16762828
-694671
16761743
-720384
16760618
-746096
16759454
-771805
16758250
-797513
16757007
-823219
16755724
-848923
16754403
-874625
16753041
-900325
16751640
-926022
16750200
-951718
16748721
-977411
16747202
-1003102
16745643
-1028791
16744045
-1054478
16742408
-1080161
16740731
-1105842
16739015
-1131521
16737260
-1157197
16735465
-1182870
16733631
-1208541
16731757
-1234208
16729844
-1259873
16727892
-1285535
16725900
-1311194
16723869
-1336849
16721799
-1362502
16719689
-1388151
16717540
-1413797
16715352
-1439440
16713124
-1465079
16710857
-1490715
16708551
-1516348
16706205
-1541976
16703820
-1567602
16701396
-1593223
16698932
-1618841
16696429
-1644455
16693887
-1670065
16691305
-1695671
16688685
-1721273
16686025
-1746871
16683325
-1772465
16680587
-1798055
16677809
-1823640
16674992
-1849222
16672136
-1874799
16669240
-1900371
16666305
-1925939
16663331
-1951503
16660318
-1977062
16657266
-2002616
16654174
-2028166
16651044
-2053710
16647874
-2079250
16644664
-2104785
16641416
-2130315
16638129
-2155840
16634802
-2181360
16631436
-2206875
16628032
-2232385
16624588
-2257890
16621104
-2283389
16617582
-2308882
16614021
-2334371
16610420
-2359854
16606781
-2385331
16603102
-2410802
16599385
-2436268
16595628
-2461729
16591832
-2487183
16587997
-2512632
16584124
-2538075
16580211
-2563511
16576259
-2588942
16572268
-2614367
16568238
-2639785
16564169
-2665197
16560061
-2690603
16555914
-2716003
16551729
-2741396
16547504
-2766783
16543240
-2792163
16538938
-2817537
16534596
-2842904
16530216
-2868264
16525796
-2893618
16521338
-2918965
16516841
-2944305
16512305
-2969638
16507730
-2994964
16503117
-3020283
16498464
-3045595
16493773
-3070900
16489043
-3096197
16484274
-3121487
16479466
-3146770
16474620
-3172046
16469735
-3197314
16464811
-3222574
16459848
-3247827
16454846
-3273072
16449806
-3298310
16444727
-3323540
16439610
-3348762
16434454
-3373976
16429258
-3399182
16424025
-3424380
16418753
-3449570
16413442
-3474752
16408092
-3499926
16402704
-3525092
16397277
-3550249
16391812
-3575398
16386308
-3600538
16380766
-3625670
16375185
-3650794
16369565
-3675909
16363907
-3701015
16358211
-3726113
16352476
-3751201
16346702
-3776281
16340890
-3801352
16335040
-3826414
16329151
-3851468
16323224
-3876512
16317258
-3901547
16311254
-3926572
16305211
-3951589
16299130
-3976596
16293011
-4001594
16286854
-4026582
16280658
-4051562
16274424
-4076531
16268151
-4101491
16261841
-4126441
16255492
-4151381
16249104
-4176312
16242679
-4201233
16236215
-4226144
16229713
-4251045
16223173
-4275936
16216595
-4300817
16209978
-4325688
16203324
-4350549
16196631
-4375399
16189900
-4400239
16183131
-4425069
16176324
-4449888
16169479
-4474698
16162596
-4499496
16155675
-4524284
16148716
-4549061
16141718
-4573827
16134683
-4598583
16127610
-4623328
16120499
-4648062
16113350
-4672785
16106163
-4697497
16098938
-4722198
16091676
-4746888
16084375
-4771567
16077037
-4796234
16069660
-4820890
16062246
-4845535
16054795
-4870169
16047305
-4894791
16039778
-4919401
16032212
-4944000
16024610
-4968587
16016969
-4993163
16009291
-5017727
16001575
-5042279
15993821
-5066819
15986030
-5091347
15978201
-5115864
15970335
-5140368
15962431
-5164860
15954489
-5189340
15946510
-5213808
15938494
-5238263
15930439
-5262706
15922348
-5287137
15914219
-5311555
15906052
-5335961
15897848
-5360354
15889607
-5384735
15881328
-5409103
15873012
-5433458
15864658
-5457801
15856268
-5482131
15847839
-5506447
15839374
-5530751
15830871
-5555042
15822331
-5579320
15813754
-5603584
15805140
-5627836
15796488
-5652074
15787799
-5676299
15779073
-5700510
15770310
-5724708
15761510
-5748893
15752673
-5773064
15743799
-5797221
15734887
-5821365
15725939
-5845495
15716954
-5869612
15707931
-5893714
15698872
-5917803
15689776
-5941878
15680642
-5965939
15671472
-5989986
15662266
-6014018
15653022
-6038037
15643741
-6062041
15634424
-6086031
15625069
-6110007
15615678
-6133968
15606250
-6157915
15596786
-6181848
15587285
-6205765
15577747
-6229669
15568172
-6253557
15558561
-6277431
15548914
-6301290
15539229
-6325135
15529508
-6348964
15519751
-6372779
15509957
-6396578
15500126
-6420362
15490260
-6444132
15480356
-6467886
15470416
-6491625
15460440
-6515349
15450427
-6539057
15440378
-6562750
15430293
-6586428
15420172
-6610090
15410014
-6633736
15399820
-6657367
15389589
-6680982
15379322
-6704582
15369020
-6728165
15358681
-6751733
15348306
-6775285
15337894
-6798821
15327447
-6822341
15316964
-6845845
15306444
-6869333
15295889
-6892804
15285298
-6916260
15274670
-6939699
15264007
-6963122
15253308
-6986529
15242572
-7009919
15231801
-7033292
15220995
-7056649
15210152
-7079990
15199273
-7103313
15188359
-7126620
15177409
-7149911
15166424
-7173184
15155402
-7196441
15144345
-7219680
15133252
-7242903
15122124
-7266108
15110960
-7289297
15099761
-7312468
15088526
-7335622
15077256
-7358759
15065950
-7381879
15054608
-7404981
15043232
-7428066
15031819
-7451133
15020372
-7474183
15008889
-7497215
14997370
-7520230
14985817
-7543226
14974228
-7566205
14962604
-7589167
14950945
-7612110
14939250
-7635036
14927521
-7657943
14915756
-7680833
14903956
-7703704
14892122
-7726557
14880252
-7749392
14868347
-7772209
14856407
-7795008
14844432
-7817788
14832422
-7840550
14820378
-7863294
14808298
-7886018
14796184
-7908725
14784034
-7931412
14771850
-7954082
14759632
-7976732
14747378
-7999364
14735090
-8021976
14722767
-8044570
14710409
-8067145
14698017
-8089701
14685590
-8112238
14673129
-8134756
14660633
-8157255
14648103
-8179734
14635538
-8202194
14622939
-8224636
14610305
-8247057
14597637
-8269459
14584935
-8291842
14572198
-8314205
14559427
-8336549
14546622
-8358873
14533783
-8381178
14520909
-8403462
14508001
-8425727
14495059
-8447972
14482083
-8470197
14469073
-8492403
14456029
-8514588
14442950
-8536753
14429838
-8558898
14416692
-8581023
14403512
-8603128
14390298
-8625213
14377050
-8647277
14363769
-8669321
14350453
-8691344
14337104
-8713348
14323721
-8735330
14310304
-8757292
14296854
-8779234
14283370
-8801154
14269852
-8823054
14256301
-8844934
14242716
-8866792
14229098
-8888630
14215446
-8910446
14201761
-8932242
14188043
-8954017
14174291
-8975771
14160505
-8997503
14146687
-9019214
14132835
-9040904
14118950
-9062573
14105031
-9084221
14091080
-9105847
14077095
-9127452
14063077
-9149035
14049026
-9170597
14034942
-9192137
14020825
-9213655
14006675
-9235152
13992492
-9256627
13978276
-9278081
13964027
-9299512
13949745
-9320922
13935431
-9342309
13921083
-9363675
13906703
-9385019
13892290
-9406340
13877845
-9427640
13863367
-9448917
13848856
-9470172
13834313
-9491405
13819737
-9512615
13805128
-9533803
13790488
-9554969
13775814
-9576112
13761108
-9597232
13746370
-9618330
13731600
-9639406
13716797
-9660458
13701962
-9681488
13687094
-9702495
13672195
-9723480
13657263
-9744441
13642299
-9765380
13627304
-9786295
13612276
-9807188
13597215
-9828057
13582123
-9848903
13566999
-9869726
13551844
-9890526
13536656
-9911303
13521436
-9932056
13506184
-9952786
13490901
-9973493
13475586
-9994176
13460240
-10014835
13444861
-10035471
13429451
-10056084
13414009
-10076672
13398536
-10097237
13383032
-10117778
13367495
-10138296
13351928
-10158790
13336328
-10179259
13320698
-10199705
13305036
-10220126
13289343
-10240524
13273619
-10260898
13257863
-10281247
13242076
-10301572
13226258
-10321873
13210409
-10342150
13194529
-10362402
13178618
-10382630
13162675
-10402834
13146702
-10423013
13130698
-10443167
13114663
-10463297
13098597
-10483402
13082500
-10503483
13066373
-10523539
13050214
-10543570
13034026
-10563577
13017806
-10583558
13001556
-10603515
12985275
-10623446
12968963
-10643353
12952621
-10663235
12936249
-10683091
12919846
-10702923
12903413
-10722729
12886949
-10742510
12870455
-10762266
12853931
-10781996
12837376
-10801701
12820792
-10821380
12804177
-10841034
12787532
-10860663
12770857
-10880266
12754152
-10899844
12737416
-10919395
12720651
-10938922
12703856
-10958422
12687031
-10977896
12670176
-10997345
12653292
-11016768
12636378
-11036165
12619433
-11055536
12602460
-11074881
12585456
-11094200
12568423
-11113492
12551360
-11132759
12534268
-11152000
12517146
-11171214
12499995
-11190402
12482815
-11209563
12465605
-11228698
12448366
-11247807
12431097
-11266890
12413799
-11285945
12396472
-11304975
12379116
-11323977
12361731
-11342953
12344316
-11361903
12326873
-11380825
12309400
-11399721
12291899
-11418590
12274368
-11437432
12256809
-11456247
12239221
-11475035
12221604
-11493797
12203959
-11512531
12186284
-11531238
12168581
-11549918
12150850
-11568571
12133089
-11587196
12115301
-11605794
12097483
-11624365
12079638
-11642909
12061763
-11661425
12043861
-11679914
12025930
-11698375
12007971
-11716809
11989983
-11735215
11971967
-11753594
11953924
-11771945
11935852
-11790268
11917752
-11808564
11899623
-11826831
11881467
-11845071
11863283
-11863283
11845071
-11881467
11826831
-11899623
11808564
-11917752
11790268
-11935852
11771945
-11953924
11753594
-11971967
11735215
-11989983
11716809
-12007971
11698375
-12025930
11679914
-12043861
11661425
-12061763
11642909
-12079638
11624365
-12097483
11605794
-12115301
11587196
-12133089
11568571
-12150850
11549918
-12168581
11531238
-12186284
11512531
-12203959
11493797
-12221604
11475035
-12239221
11456247
-12256809
11437432
-12274368
11418590
-12291899
11399721
-12309400
11380825
-12326873
11361903
-12344316
11342953
-12361731
11323977
-12379116
11304975
-12396472
11285945
-12413799
11266890
-12431097
11247807
-12448366
11228698
-12465605
11209563
-12482815
11190402
-12499995
11171214
-12517146
11152000
-12534268
11132759
-12551360
11113492
-12568423
11094200
-12585456
11074881
-12602460
11055536
-12619433
11036165
-12636378
11016768
-12653292
10997345
-12670176
10977896
-12687031
10958422
-12703856
10938922
-12720651
10919395
-12737416
10899844
-12754152
10880266
-12770857
10860663
-12787532
10841034
-12804177
10821380
-12820792
10801701
-12837376
10781996
-12853931
10762266
-12870455
10742510
-12886949
10722729
-12903413
10702923
-12919846
10683091
-12936249
10663235
-12952621
10643353
-12968963
10623446
-12985275
10603515
-13001556
10583558
-13017806
10563577
-13034026
10543570
-13050214
10523539
-13066373
10503483
-13082500
10483402
-13098597
10463297
-13114663
10443167
-13130698
10423013
-13146702
10402834
-13162675
10382630
-13178618
10362402
-13194529
10342150
-13210409
10321873
-13226258
10301572
-13242076
10281247
-13257863
10260898
-13273619
10240524
-13289343
10220126
-13305036
10199705
-13320698
10179259
-13336328
10158790
-13351928
10138296
-13367495
10117778
-13383032
10097237
-13398536
10076672
-13414009
10056084
-13429451
10035471
-13444861
10014835
-13460240
9994176
-13475586
9973493
-13490901
9952786
-13506184
9932056
-13521436
9911303
-13536656
9890526
-13551844
9869726
-13566999
9848903
-13582123
9828057
-13597215
9807188
-13612276
9786295
-13627304
9765380
-13642299
9744441
-13657263
9723480
-13672195
9702495
-13687094
9681488
-13701962
9660458
-13716797
9639406
-13731600
9618330
-13746370
9597232
-13761108
9576112
-13775814
9554969
-13790488
9533803
-13805128
9512615
-13819737
9491405
-13834313
9470172
-13848856
9448917
-13863367
9427640
-13877845
9406340
-13892290
9385019
-13906703
9363675
-13921083
9342309
-13935431
9320922
-13949745
9299512
-13964027
9278081
-13978276
9256627
-13992492
9235152
-14006675
9213655
-14020825
9192137
-14034942
9170597
-14049026
9149035
-14063077
9127452
-14077095
9105847
-14091080
9084221
-14105031
9062573
-14118950
9040904
-14132835
9019214
-14146687
8997503
-14160505
8975771
-14174291
8954017
-14188043
8932242
-14201761
8910446
-14215446
8888630
-14229098
8866792
-14242716
8844934
-14256301
8823054
-14269852
8801154
-14283370
8779234
-14296854
8757292
-14310304
8735330
-14323721
8713348
-14337104
8691344
-14350453
8669321
-14363769
8647277
-14377050
8625213
-14390298
8603128
-14403512
8581023
-14416692
8558898
-14429838
8536753
-14442950
8514588
-14456029
8492403
-14469073
8470197
-14482083
8447972
-14495059
8425727
-14508001
8403462
-14520909
8381178
-14533783
8358873
-14546622
8336549
-14559427
8314205
-14572198
8291842
-14584935
8269459
-14597637
8247057
-14610305
8224636
-14622939
8202194
-14635538
8179734
-14648103
8157255
-14660633
8134756
-14673129
8112238
-14685590
8089701
-14698017
8067145
-14710409
8044570
-14722767
8021976
-14735090
7999364
-14747378
7976732
-14759632
7954082
-14771850
7931412
-14784034
7908725
-14796184
7886018
-14808298
7863294
-14820378
7840550
-14832422
7817788
-14844432
7795008
-14856407
7772209
-14868347
7749392
-14880252
7726557
-14892122
7703704
-14903956
7680833
-14915756
7657943
-14927521
7635036
-14939250
7612110
-14950945
7589167
-14962604
7566205
-14974228
7543226
-14985817
7520230
-14997370
7497215
-15008889
7474183
-15020372
7451133
-15031819
7428066
-15043232
7404981
-15054608
7381879
-15065950
7358759
-15077256
7335622
-15088526
7312468
-15099761
7289297
-15110960
7266108
-15122124
7242903
-15133252
7219680
-15144345
7196441
-15155402
7173184
-15166424
7149911
-15177409
7126620
-15188359
7103313
-15199273
7079990
-15210152
7056649
-15220995
7033292
-15231801
7009919
-15242572
6986529
-15253308
6963122
-15264007
6939699
-15274670
6916260
-15285298
6892804
-15295889
6869333
-15306444
6845845
-15316964
6822341
-15327447
6798821
-15337894
6775285
-15348306
6751733
-15358681
6728165
-15369020
6704582
-15379322
6680982
-15389589
6657367
-15399820
6633736
-15410014
6610090
-15420172
6586428
-15430293
6562750
-15440378
6539057
-15450427
6515349
-15460440
6491625
-15470416
6467886
-15480356
6444132
-15490260
6420362
-15500126
6396578
-15509957
6372779
-15519751
6348964
-15529508
6325135
-15539229
6301290
-15548914
6277431
-15558561
6253557
-15568172
6229669
-15577747
6205765
-15587285
6181848
-15596786
6157915
-15606250
6133968
-15615678
6110007
-15625069
6086031
-15634424
6062041
-15643741
6038037
-15653022
6014018
-15662266
5989986
-15671472
5965939
-15680642
5941878
-15689776
5917803
-15698872
5893714
-15707931
5869612
-15716954
5845495
-15725939
5821365
-15734887
5797221
-15743799
5773064
-15752673
5748893
-15761510
5724708
-15770310
5700510
-15779073
5676299
-15787799
5652074
-15796488
5627836
-15805140
5603584
-15813754
5579320
-15822331
5555042
-15830871
5530751
-15839374
5506447
-15847839
5482131
-15856268
5457801
-15864658
5433458
-15873012
5409103
-15881328
5384735
-15889607
5360354
-15897848
5335961
-15906052
5311555
-15914219
5287137
-15922348
5262706
-15930439
5238263
-15938494
5213808
-15946510
5189340
-15954489
5164860
-15962431
5140368
-15970335
5115864
-15978201
5091347
-15986030
5066819
-15993821
5042279
-16001575
5017727
-16009291
4993163
-16016969
4968587
-16024610
4944000
-16032212
4919401
-16039778
4894791
-16047305
4870169
-16054795
4845535
-16062246
4820890
-16069660
4796234
-16077037
4771567
-16084375
4746888
-16091676
4722198
-16098938
4697497
-16106163
4672785
-16113350
4648062
-16120499
4623328
-16127610
4598583
-16134683
4573827
-16141718
4549061
-16148716
4524284
-16155675
4499496
-16162596
4474698
-16169479
4449888
-16176324
4425069
-16183131
4400239
-16189900
4375399
-16196631
4350549
-16203324
4325688
-16209978
4300817
-16216595
4275936
-16223173
4251045
-16229713
4226144
-16236215
4201233
-16242679
4176312
-16249104
4151381
-16255492
4126441
-16261841
4101491
-16268151
4076531
-16274424
4051562
-16280658
4026582
-16286854
4001594
-16293011
3976596
-16299130
3951589
-16305211
3926572
-16311254
3901547
-16317258
3876512
-16323224
3851468
-16329151
3826414
-16335040
3801352
-16340890
3776281
-16346702
3751201
-16352476
3726113
-16358211
3701015
-16363907
3675909
-16369565
3650794
-16375185
3625670
-16380766
3600538
-16386308
3575398
-16391812
3550249
-16397277
3525092
-16402704
3499926
-16408092
3474752
-16413442
3449570
-16418753
3424380
-16424025
3399182
-16429258
3373976
-16434454
3348762
-16439610
3323540
-16444727
3298310
-16449806
3273072
-16454846
3247827
-16459848
3222574
-16464811
3197314
-16469735
3172046
-16474620
3146770
-16479466
3121487
-16484274
3096197
-16489043
3070900
-16493773
3045595
-16498464
3020283
-16503117
2994964
-16507730
2969638
-16512305
2944305
-16516841
2918965
-16521338
2893618
-16525796
2868264
-16530216
2842904
-16534596
2817537
-16538938
2792163
-16543240
2766783
-16547504
2741396
-16551729
2716003
-16555914
2690603
-16560061
2665197
-16564169
2639785
-16568238
2614367
-16572268
2588942
-16576259
2563511
-16580211
2538075
-16584124
2512632
-16587997
2487183
-16591832
2461729
-16595628
2436268
-16599385
2410802
-16603102
2385331
-16606781
2359854
-16610420
2334371
-16614021
2308882
-16617582
2283389
-16621104
2257890
-16624588
2232385
-16628032
2206875
-16631436
2181360
-16634802
2155840
-16638129
2130315
-16641416
2104785
-16644664
2079250
-16647874
2053710
-16651044
2028166
-16654174
2002616
-16657266
1977062
-16660318
1951503
-16663331
1925939
-16666305
1900371
-16669240
1874799
-16672136
1849222
-16674992
1823640
-16677809
1798055
-16680587
1772465
-16683325
1746871
-16686025
1721273
-16688685
1695671
-16691305
1670065
-16693887
1644455
-16696429
1618841
-16698932
1593223
-16701396
1567602
-16703820
1541976
-16706205
1516348
-16708551
1490715
-16710857
1465079
-16713124
1439440
-16715352
1413797
-16717540
1388151
-16719689
1362502
-16721799
1336849
-16723869
1311194
-16725900
1285535
-16727892
1259873
-16729844
1234208
-16731757
1208541
-16733631
1182870
-16735465
1157197
-16737260
1131521
-16739015
1105842
-16740731
1080161
-16742408
1054478
-16744045
1028791
-16745643
1003102
-16747202
977411
-16748721
951718
-16750200
926022
-16751640
900325
-16753041
874625
-16754403
848923
-16755724
823219
-16757007
797513
-16758250
771805
-16759454
746096
-16760618
720384
-16761743
694671
-16762828
668957
-16763874
643240
-16764880
617523
-16765847
591804
-16766775
566083
-16767663
540361
-16768512
514638
-16769321
488913
-16770091
463188
-16770821
437461
-16771512
411733
-16772163
386005
-16772775
360275
-16773347
334545
-16773880
308814
-16774374
283082
-16774828
257349
-16775242
231616
-16775617
205882
-16775953
180148
-16776249
154413
-16776505
128678
-16776722
102943
-16776900
77208
-16777038
51472
-16777137
25736
-16777196
0
-16777216
-25736
-16777196
-51472
-16777137
-77208
-16777038
-102943
-16776900
-128678
-16776722
-154413
-16776505
-180148
-16776249
-205882
-16775953
-231616
-16775617
-257349
-16775242
-283082
-16774828
-308814
-16774374
-334545
-16773880
-360275
-16773347
-386005
-16772775
-411733
-16772163
-437461
-16771512
-463188
-16770821
-488913
-16770091
-514638
-16769321
-540361
-16768512
-566083
-16767663
-591804
-16766775
-617523
-16765847
-643240
-16764880
-668957
-16763874
-694671
-16762828
-720384
-16761743
-746096
-16760618
-771805
-16759454
-797513
-16758250
-823219
-16757007
-848923
-16755724
-874625
-16754403
-900325
-16753041
-926022
-16751640
-951718
-16750200
-977411
-16748721
-1003102
-16747202
-1028791
-16745643
-1054478
-16744045
-1080161
-16742408
-1105842
-16740731
-1131521
-16739015
-1157197
-16737260
-1182870
-16735465
-1208541
-16733631
-1234208
-16731757
-1259873
-16729844
-1285535
-16727892
-1311194
-16725900
-1336849
-16723869
-1362502
-16721799
-1388151
-16719689
-1413797
-16717540
-1439440
-16715352
-1465079
-16713124
-1490715
-16710857
-1516348
-16708551
-1541976
-16706205
-1567602
-16703820
-1593223
-16701396
-1618841
-16698932
-1644455
-16696429
-1670065
-16693887
-1695671
-16691305
-1721273
-16688685
-1746871
-16686025
-1772465
-16683325
-1798055
-16680587
-1823640
-16677809
-1849222
-16674992
-1874799
-16672136
-1900371
-16669240
-1925939
-16666305
-1951503
-16663331
-1977062
-16660318
-2002616
-16657266
-2028166
-16654174
-2053710
-16651044
-2079250
-16647874
-2104785
-16644664
-2130315
-16641416
-2155840
-16638129
-2181360
-16634802
-2206875
-16631436
-2232385
-16628032
-2257890
-16624588
-2283389
-16621104
-2308882
-16617582
-2334371
-16614021
-2359854
-16610420
-2385331
-16606781
-2410802
-16603102
-2436268
-16599385
-2461729
-16595628
-2487183
-16591832
-2512632
-16587997
-2538075
-16584124
-2563511
-16580211
-2588942
-16576259
-2614367
-16572268
-2639785
-16568238
-2665197
-16564169
-2690603
-16560061
-2716003
-16555914
-2741396
-16551729
-2766783
-16547504
-2792163
-16543240
-2817537
-16538938
-2842904
-16534596
-2868264
-16530216
-2893618
-16525796
-2918965
-16521338
-2944305
-16516841
-2969638
-16512305
-2994964
-16507730
-3020283
-16503117
-3045595
-16498464
-3070900
-16493773
-3096197
-16489043
-3121487
-16484274
-3146770
-16479466
-3172046
-16474620
-3197314
-16469735
-3222574
-16464811
-3247827
-16459848
-3273072
-16454846
-3298310
-16449806
-3323540
-16444727
-3348762
-16439610
-3373976
-16434454
-3399182
-16429258
-3424380
-16424025
-3449570
-16418753
-3474752
-16413442
-3499926
-16408092
-3525092
-16402704
-3550249
-16397277
-3575398
-16391812
-3600538
-16386308
-3625670
-16380766
-3650794
-16375185
-3675909
-16369565
-3701015
-16363907
-3726113
-16358211
-3751201
-16352476
-3776281
-16346702
-3801352
-16340890
-3826414
-16335040
-3851468
-16329151
-3876512
-16323224
-3901547
-16317258
-3926572
-16311254
-3951589
-16305211
-3976596
-16299130
-4001594
-16293011
-4026582
-16286854
-4051562
-16280658
-4076531
-16274424
-4101491
-16268151
-4126441
-16261841
-4151381
-16255492
-4176312
-16249104
-4201233
-16242679
-4226144
-16236215
-4251045
-16229713
-4275936
-16223173
-4300817
-16216595
-4325688
-16209978
-4350549
-16203324
-4375399
-16196631
-4400239
-16189900
-4425069
-16183131
-4449888
-16176324
-4474698
-16169479
-4499496
-16162596
-4524284
-16155675
-4549061
-16148716
-4573827
-16141718
-4598583
-16134683
-4623328
-16127610
-4648062
-16120499
-4672785
-16113350
-4697497
-16106163
-4722198
-16098938
-4746888
-16091676
-4771567
-16084375
-4796234
-16077037
-4820890
-16069660
-4845535
-16062246
-4870169
-16054795
-4894791
-16047305
-4919401
-16039778
-4944000
-16032212
-4968587
-16024610
-4993163
-16016969
-5017727
-16009291
-5042279
-16001575
-5066819
-15993821
-5091347
-15986030
-5115864
-15978201
-5140368
-15970335
-5164860
-15962431
-5189340
-15954489
-5213808
-15946510
-5238263
-15938494
-5262706
-15930439
-5287137
-15922348
-5311555
-15914219
-5335961
-15906052
-5360354
-15897848
-5384735
-15889607
-5409103
-15881328
-5433458
-15873012
-5457801
-15864658
-5482131
-15856268
-5506447
-15847839
-5530751
-15839374
-5555042
-15830871
-5579320
-15822331
-5603584
-15813754
-5627836
-15805140
-5652074
-15796488
-5676299
-15787799
-5700510
-15779073
-5724708
-15770310
-5748893
-15761510
-5773064
-15752673
-5797221
-15743799
-5821365
-15734887
-5845495
-15725939
-5869612
-15716954
-5893714
-15707931
-5917803
-15698872
-5941878
-15689776
-5965939
-15680642
-5989986
-15671472
-6014018
-15662266
-6038037
-15653022
-6062041
-15643741
-6086031
-15634424
-6110007
-15625069
-6133968
-15615678
-6157915
-15606250
-6181848
-15596786
-6205765
-15587285
-6229669
-15577747
-6253557
-15568172
-6277431
-15558561
-6301290
-15548914
-6325135
-15539229
-6348964
-15529508
-6372779
-15519751
-6396578
-15509957
-6420362
-15500126
-6444132
-15490260
-6467886
-15480356
-6491625
-15470416
-6515349
-15460440
-6539057
-15450427
-6562750
-15440378
-6586428
-15430293
-6610090
-15420172
-6633736
-15410014
-6657367
-15399820
-6680982
-15389589
-6704582
-15379322
-6728165
-15369020
-6751733
-15358681
-6775285
-15348306
-6798821
-15337894
-6822341
-15327447
-6845845
-15316964
-6869333
-15306444
-6892804
-15295889
-6916260
-15285298
-6939699
-15274670
-6963122
-15264007
-6986529
-15253308
-7009919
-15242572
-7033292
-15231801
-7056649
-15220995
-7079990
-15210152
-7103313
-15199273
-7126620
-15188359
-7149911
-15177409
-7173184
-15166424
-7196441
-15155402
-7219680
-15144345
-7242903
-15133252
-7266108
-15122124
-7289297
-15110960
-7312468
-15099761
-7335622
-15088526
-7358759
-15077256
-7381879
-15065950
-7404981
-15054608
-7428066
-15043232
-7451133
-15031819
-7474183
-15020372
-7497215
-15008889
-7520230
-14997370
-7543226
-14985817
-7566205
-14974228
-7589167
-14962604
-7612110
-14950945
-7635036
-14939250
-7657943
-14927521
-7680833
-14915756
-7703704
-14903956
-7726557
-14892122
-7749392
-14880252
-7772209
-14868347
-7795008
-14856407
-7817788
-14844432
-7840550
-14832422
-7863294
-14820378
-7886018
-14808298
-7908725
-14796184
-7931412
-14784034
-7954082
-14771850
-7976732
-14759632
-7999364
-14747378
-8021976
-14735090
-8044570
-14722767
-8067145
-14710409
-8089701
-14698017
-8112238
-14685590
-8134756
-14673129
-8157255
-14660633
-8179734
-14648103
-8202194
-14635538
-8224636
-14622939
-8247057
-14610305
-8269459
-14597637
-8291842
-14584935
-8314205
-14572198
-8336549
-14559427
-8358873
-14546622
-8381178
-14533783
-8403462
-14520909
-8425727
-14508001
-8447972
-14495059
-8470197
-14482083
-8492403
-14469073
-8514588
-14456029
-8536753
-14442950
-8558898
-14429838
-8581023
-14416692
-8603128
-14403512
-8625213
-14390298
-8647277
-14377050
-8669321
-14363769
-8691344
-14350453
-8713348
-14337104
-8735330
-14323721
-8757292
-14310304
-8779234
-14296854
-8801154
-14283370
-8823054
-14269852
-8844934
-14256301
-8866792
-14242716
-8888630
-14229098
-8910446
-14215446
-8932242
-14201761
-8954017
-14188043
-8975771
-14174291
-8997503
-14160505
-9019214
-14146687
-9040904
-14132835
-9062573
-14118950
-9084221
-14105031
-9105847
-14091080
-9127452
-14077095
-9149035
-14063077
-9170597
-14049026
-9192137
-14034942
-9213655
-14020825
-9235152
-14006675
-9256627
-13992492
-9278081
-13978276
-9299512
-13964027
-9320922
-13949745
-9342309
-13935431
-9363675
-13921083
-9385019
-13906703
-9406340
-13892290
-9427640
-13877845
-9448917
-13863367
-9470172
-13848856
-9491405
-13834313
-9512615
-13819737
-9533803
-13805128
-9554969
-13790488
-9576112
-13775814
-9597232
-13761108
-9618330
-13746370
-9639406
-13731600
-9660458
-13716797
-9681488
-13701962
-9702495
-13687094
-9723480
-13672195
-9744441
-13657263
-9765380
-13642299
-9786295
-13627304
-9807188
-13612276
-9828057
-13597215
-9848903
-13582123
-9869726
-13566999
-9890526
-13551844
-9911303
-13536656
-9932056
-13521436
-9952786
-13506184
-9973493
-13490901
-9994176
-13475586
-10014835
-13460240
-10035471
-13444861
-10056084
-13429451
-10076672
-13414009
-10097237
-13398536
-10117778
-13383032
-10138296
-13367495
-10158790
-13351928
-10179259
-13336328
-10199705
-13320698
-10220126
-13305036
-10240524
-13289343
-10260898
-13273619
-10281247
-13257863
-10301572
-13242076
-10321873
-13226258
-10342150
-13210409
-10362402
-13194529
-10382630
-13178618
-10402834
-13162675
-10423013
-13146702
-10443167
-13130698
-10463297
-13114663
-10483402
-13098597
-10503483
-13082500
-10523539
-13066373
-10543570
-13050214
-10563577
-13034026
-10583558
-13017806
-10603515
-13001556
-10623446
-12985275
-10643353
-12968963
-10663235
-12952621
-10683091
-12936249
-10702923
-12919846
-10722729
-12903413
-10742510
-12886949
-10762266
-12870455
-10781996
-12853931
-10801701
-12837376
-10821380
-12820792
-10841034
-12804177
-10860663
-12787532
-10880266
-12770857
-10899844
-12754152
-10919395
-12737416
-10938922
-12720651
-10958422
-12703856
-10977896
-12687031
-10997345
-12670176
-11016768
-12653292
-11036165
-12636378
-11055536
-12619433
-11074881
-12602460
-11094200
-12585456
-11113492
-12568423
-11132759
-12551360
-11152000
-12534268
-11171214
-12517146
-11190402
-12499995
-11209563
-12482815
-11228698
-12465605
-11247807
-12448366
-11266890
-12431097
-11285945
-12413799
-11304975
-12396472
-11323977
-12379116
-11342953
-12361731
-11361903
-12344316
-11380825
-12326873
-11399721
-12309400
-11418590
-12291899
-11437432
-12274368
-11456247
-12256809
-11475035
-12239221
-11493797
-12221604
-11512531
-12203959
-11531238
-12186284
-11549918
-12168581
-11568571
-12150850
-11587196
-12133089
-11605794
-12115301
-11624365
-12097483
-11642909
-12079638
-11661425
-12061763
-11679914
-12043861
-11698375
-12025930
-11716809
-12007971
-11735215
-11989983
-11753594
-11971967
-11771945
-11953924
-11790268
-11935852
-11808564
-11917752
-11826831
-11899623
-11845071
-11881467
-11863283
-11863283
-11881467
-11845071
-11899623
-11826831
-11917752
-11808564
-11935852
-11790268
-11953924
-11771945
-11971967
-11753594
-11989983
-11735215
-12007971
-11716809
-12025930
-11698375
-12043861
-11679914
-12061763
-11661425
-12079638
-11642909
-12097483
-11624365
-12115301
-11605794
-12133089
-11587196
-12150850
-11568571
-12168581
-11549918
-12186284
-11531238
-12203959
-11512531
-12221604
-11493797
-12239221
-11475035
-12256809
-11456247
-12274368
-11437432
-12291899
-11418590
-12309400
-11399721
-12326873
-11380825
-12344316
-11361903
-12361731
-11342953
-12379116
-11323977
-12396472
-11304975
-12413799
-11285945
-12431097
-11266890
-12448366
-11247807
-12465605
-11228698
-12482815
-11209563
-12499995
-11190402
-12517146
-11171214
-12534268
-11152000
-12551360
-11132759
-12568423
-11113492
-12585456
-11094200
-12602460
-11074881
-12619433
-11055536
-12636378
-11036165
-12653292
-11016768
-12670176
-10997345
-12687031
-10977896
-12703856
-10958422
-12720651
-10938922
-12737416
-10919395
-12754152
-10899844
-12770857
-10880266
-12787532
-10860663
-12804177
-10841034
-12820792
-10821380
-12837376
-10801701
-12853931
-10781996
-12870455
-10762266
-12886949
-10742510
-12903413
-10722729
-12919846
-10702923
-12936249
-10683091
-12952621
-10663235
-12968963
-10643353
-12985275
-10623446
-13001556
-10603515
-13017806
-10583558
-13034026
-10563577
-13050214
-10543570
-13066373
-10523539
-13082500
-10503483
-13098597
-10483402
-13114663
-10463297
-13130698
-10443167
-13146702
-10423013
-13162675
-10402834
-13178618
-10382630
-13194529
-10362402
-13210409
-10342150
-13226258
-10321873
-13242076
-10301572
-13257863
-10281247
-13273619
-10260898
-13289343
-10240524
-13305036
-10220126
-13320698
-10199705
-13336328
-10179259
-13351928
-10158790
-13367495
-10138296
-13383032
-10117778
-13398536
-10097237
-13414009
-10076672
-13429451
-10056084
-13444861
-10035471
-13460240
-10014835
-13475586
-9994176
-13490901
-9973493
-13506184
-9952786
-13521436
-9932056
-13536656
-9911303
-13551844
-9890526
-13566999
-9869726
-13582123
-9848903
-13597215
-9828057
-13612276
-9807188
-13627304
-9786295
-13642299
-9765380
-13657263
-9744441
-13672195
-9723480
-13687094
-9702495
-13701962
-9681488
-13716797
-9660458
-13731600
-9639406
-13746370
-9618330
-13761108
-9597232
-13775814
-9576112
-13790488
-9554969
-13805128
-9533803
-13819737
-9512615
-13834313
-9491405
-13848856
-9470172
-13863367
-9448917
-13877845
-9427640
-13892290
-9406340
-13906703
-9385019
-13921083
-9363675
-13935431
-9342309
-13949745
-9320922
-13964027
-9299512
-13978276
-9278081
-13992492
-9256627
-14006675
-9235152
-14020825
-9213655
-14034942
-9192137
-14049026
-9170597
-14063077
-9149035
-14077095
-9127452
-14091080
-9105847
-14105031
-9084221
-14118950
-9062573
-14132835
-9040904
-14146687
-9019214
-14160505
-8997503
-14174291
-8975771
-14188043
-8954017
-14201761
-8932242
-14215446
-8910446
-14229098
-8888630
-14242716
-8866792
-14256301
-8844934
-14269852
-8823054
-14283370
-8801154
-14296854
-8779234
-14310304
-8757292
-14323721
-8735330
-14337104
-8713348
-14350453
-8691344
-14363769
-8669321
-14377050
-8647277
-14390298
-8625213
-14403512
-8603128
-14416692
-8581023
-14429838
-8558898
-14442950
-8536753
-14456029
-8514588
-14469073
-8492403
-14482083
-8470197
-14495059
-8447972
-14508001
-8425727
-14520909
-8403462
-14533783
-8381178
-14546622
-8358873
-14559427
-8336549
-14572198
-8314205
-14584935
-8291842
-14597637
-8269459
-14610305
-8247057
-14622939
-8224636
-14635538
-8202194
-14648103
-8179734
-14660633
-8157255
-14673129
-8134756
-14685590
-8112238
-14698017
-8089701
-14710409
-8067145
-14722767
-8044570
-14735090
-8021976
-14747378
-7999364
-14759632
-7976732
-14771850
-7954082
-14784034
-7931412
-14796184
-7908725
-14808298
-7886018
-14820378
-7863294
-14832422
-7840550
-14844432
-7817788
-14856407
-7795008
-14868347
-7772209
-14880252
-7749392
-14892122
-7726557
-14903956
-7703704
-14915756
-7680833
-14927521
-7657943
-14939250
-7635036
-14950945
-7612110
-14962604
-7589167
-14974228
-7566205
-14985817
-7543226
-14997370
-7520230
-15008889
-7497215
-15020372
-7474183
-15031819
-7451133
-15043232
-7428066
-15054608
-7404981
-15065950
-7381879
-15077256
-7358759
-15088526
-7335622
-15099761
-7312468
-15110960
-7289297
-15122124
-7266108
-15133252
-7242903
-15144345
-7219680
-15155402
-7196441
-15166424
-7173184
-15177409
-7149911
-15188359
-7126620
-15199273
-7103313
-15210152
-7079990
-15220995
-7056649
-15231801
-7033292
-15242572
-7009919
-15253308
-6986529
-15264007
-6963122
-15274670
-6939699
-15285298
-6916260
-15295889
-6892804
-15306444
-6869333
-15316964
-6845845
-15327447
-6822341
-15337894
-6798821
-15348306
-6775285
-15358681
-6751733
-15369020
-6728165
-15379322
-6704582
-15389589
-6680982
-15399820
-6657367
-15410014
-6633736
-15420172
-6610090
-15430293
-6586428
-15440378
-6562750
-15450427
-6539057
-15460440
-6515349
-15470416
-6491625
-15480356
-6467886
-15490260
-6444132
-15500126
-6420362
-15509957
-6396578
-15519751
-6372779
-15529508
-6348964
-15539229
-6325135
-15548914
-6301290
-15558561
-6277431
-15568172
-6253557
-15577747
-6229669
-15587285
-6205765
-15596786
-6181848
-15606250
-6157915
-15615678
-6133968
-15625069
-6110007
-15634424
-6086031
-15643741
-6062041
-15653022
-6038037
-15662266
-6014018
-15671472
-5989986
-15680642
-5965939
-15689776
-5941878
-15698872
-5917803
-15707931
-5893714
-15716954
-5869612
-15725939
-5845495
-15734887
-5821365
-15743799
-5797221
-15752673
-5773064
-15761510
-5748893
-15770310
-5724708
-15779073
-5700510
-15787799
-5676299
-15796488
-5652074
-15805140
-5627836
-15813754
-5603584
-15822331
-5579320
-15830871
-5555042
-15839374
-5530751
-15847839
-5506447
-15856268
-5482131
-15864658
-5457801
-15873012
-5433458
-15881328
-5409103
-15889607
-5384735
-15897848
-5360354
-15906052
-5335961
-15914219
-5311555
-15922348
-5287137
-15930439
-5262706
-15938494
-5238263
-15946510
-5213808
-15954489
-5189340
-15962431
-5164860
-15970335
-5140368
-15978201
-5115864
-15986030
-5091347
-15993821
-5066819
-16001575
-5042279
-16009291
-5017727
-16016969
-4993163
-16024610
-4968587
-16032212
-4944000
-16039778
-4919401
-16047305
-4894791
-16054795
-4870169
-16062246
-4845535
-16069660
-4820890
-16077037
-4796234
-16084375
-4771567
-16091676
-4746888
-16098938
-4722198
-16106163
-4697497
-16113350
-4672785
-16120499
-4648062
-16127610
-4623328
-16134683
-4598583
-16141718
-4573827
-16148716
-4549061
-16155675
-4524284
-16162596
-4499496
-16169479
-4474698
-16176324
-4449888
-16183131
-4425069
-16189900
-4400239
-16196631
-4375399
-16203324
-4350549
-16209978
-4325688
-16216595
-4300817
-16223173
-4275936
-16229713
-4251045
-16236215
-4226144
-16242679
-4201233
-16249104
-4176312
-16255492
-4151381
-16261841
-4126441
-16268151
-4101491
-16274424
-4076531
-16280658
-4051562
-16286854
-4026582
-16293011
-4001594
-16299130
-3976596
-16305211
-3951589
-16311254
-3926572
-16317258
-3901547
-16323224
-3876512
-16329151
-3851468
-16335040
-3826414
-16340890
-3801352
-16346702
-3776281
-16352476
-3751201
-16358211
-3726113
-16363907
-3701015
-16369565
-3675909
-16375185
-3650794
-16380766
-3625670
-16386308
-3600538
-16391812
-3575398
-16397277
-3550249
-16402704
-3525092
-16408092
-3499926
-16413442
-3474752
-16418753
-3449570
-16424025
-3424380
-16429258
-3399182
-16434454
-3373976
-16439610
-3348762
-16444727
-3323540
-16449806
-3298310
-16454846
-3273072
-16459848
-3247827
-16464811
-3222574
-16469735
-3197314
-16474620
-3172046
-16479466
-3146770
-16484274
-3121487
-16489043
-3096197
-16493773
-3070900
-16498464
-3045595
-16503117
-3020283
-16507730
-2994964
-16512305
-2969638
-16516841
-2944305
-16521338
-2918965
-16525796
-2893618
-16530216
-2868264
-16534596
-2842904
-16538938
-2817537
-16543240
-2792163
-16547504
-2766783
-16551729
-2741396
-16555914
-2716003
-16560061
-2690603
-16564169
-2665197
-16568238
-2639785
-16572268
-2614367
-16576259
-2588942
-16580211
-2563511
-16584124
-2538075
-16587997
-2512632
-16591832
-2487183
-16595628
-2461729
-16599385
-2436268
-16603102
-2410802
-16606781
-2385331
-16610420
-2359854
-16614021
-2334371
-16617582
-2308882
-16621104
-2283389
-16624588
-2257890
-16628032
-2232385
-16631436
-2206875
-16634802
-2181360
-16638129
-2155840
-16641416
-2130315
-16644664
-2104785
-16647874
-2079250
-16651044
-2053710
-16654174
-2028166
-16657266
-2002616
-16660318
-1977062
-16663331
-1951503
-16666305
-1925939
-16669240
-1900371
-16672136
-1874799
-16674992
-1849222
-16677809
-1823640
-16680587
-1798055
-16683325
-1772465
-16686025
-1746871
-16688685
-1721273
-16691305
-1695671
-16693887
-1670065
-16696429
-1644455
-16698932
-1618841
-16701396
-1593223
-16703820
-1567602
-16706205
-1541976
-16708551
-1516348
-16710857
-1490715
-16713124
-1465079
-16715352
-1439440
-16717540
-1413797
-16719689
-1388151
-16721799
-1362502
-16723869
-1336849
-16725900
-1311194
-16727892
-1285535
-16729844
-1259873
-16731757
-1234208
-16733631
-1208541
-16735465
-1182870
-16737260
-1157197
-16739015
-1131521
-16740731
-1105842
-16742408
-1080161
-16744045
-1054478
-16745643
-1028791
-16747202
-1003102
-16748721
-977411
-16750200
-951718
-16751640
-926022
-16753041
-900325
-16754403
-874625
-16755724
-848923
-16757007
-823219
-16758250
-797513
-16759454
-771805
-16760618
-746096
-16761743
-720384
-16762828
-694671
-16763874
-668957
-16764880
-643240
-16765847
-617523
-16766775
-591804
-16767663
-566083
-16768512
-540361
-16769321
-514638
-16770091
-488913
-16770821
-463188
-16771512
-437461
-16772163
-411733
-16772775
-386005
-16773347
-360275
-16773880
-334545
-16774374
-308814
-16774828
-283082
-16775242
-257349
-16775617
-231616
-16775953
-205882
-16776249
-180148
-16776505
-154413
-16776722
-128678
-16776900
-102943
-16777038
-77208
-16777137
-51472
-16777196
-25736
