4194303
0
4194225
-25736
4193988
-51470
4193593
-77203
4193041
-102933
4192330
-128659
4191462
-154381
4190436
-180096
4189252
-205805
4187910
-231506
4186411
-257198
4184754
-282880
4182939
-308552
4180967
-334212
4178838
-359860
4176551
-385494
4174107
-411114
4171506
-436718
4168748
-462305
4165833
-487876
4162761
-513428
4159532
-538960
4156147
-564472
4152605
-589963
4148907
-615432
4145053
-640878
4141042
-666299
4136876
-691696
4132554
-717066
4128076
-742410
4123443
-767725
4118655
-793011
4113712
-818268
4108613
-843494
4103360
-868688
4097953
-893849
4092391
-918977
4086676
-944070
4080806
-969128
4074783
-994149
4068606
-1019133
4062276
-1044078
4055793
-1068984
4049158
-1093850
4042370
-1118674
4035430
-1143457
4028338
-1168196
4021094
-1192892
4013699
-1217542
4006152
-1242147
3998455
-1266705
3990608
-1291215
3982610
-1315676
3974462
-1340089
3966164
-1364450
3957718
-1388760
3949122
-1413018
3940378
-1437223
3931485
-1461374
3922444
-1485469
3913255
-1509509
3903920
-1533492
3894437
-1557417
3884807
-1581284
3875032
-1605091
3865110
-1628837
3855043
-1652522
3844831
-1676145
3834474
-1699705
3823972
-1723201
3813327
-1746632
3802538
-1769997
3791606
-1793296
3780531
-1816527
3769314
-1839690
3757955
-1862783
3746454
-1885806
3734813
-1908759
3723030
-1931639
3711108
-1954447
3699046
-1977181
3686844
-1999841
3674504
-2022425
3662026
-2044934
3649409
-2067365
3636656
-2089718
3623765
-2111993
3610738
-2134188
3597574
-2156303
3584276
-2178337
3570842
-2200288
3557274
-2222157
3543573
-2243943
3529737
-2265643
3515769
-2287259
3501669
-2308788
3487436
-2330230
3473073
-2351585
3458578
-2372851
3443954
-2394028
3429199
-2415114
3414316
-2436110
3399304
-2457014
3384164
-2477826
3368896
-2498544
3353502
-2519168
3337982
-2539697
3322336
-2560131
3306564
-2580468
3290669
-2600708
3274649
-2620851
3258506
-2640894
3242241
-2660838
3225853
-2680682
3209344
-2700425
3192714
-2720066
3175964
-2739605
3159094
-2759041
3142106
-2778373
3124999
-2797600
3107774
-2816722
3090433
-2835738
3072975
-2854647
3055401
-2873449
3037712
-2892143
3019909
-2910727
3001993
-2929202
2983963
-2947567
2965821
-2965821
2947567
-2983963
2929202
-3001993
2910727
-3019909
2892143
-3037712
2873449
-3055401
2854647
-3072975
2835738
-3090433
2816722
-3107774
2797600
-3124999
2778373
-3142106
2759041
-3159094
2739605
-3175964
2720066
-3192714
2700425
-3209344
2680682
-3225853
2660838
-3242241
2640894
-3258506
2620851
-3274649
2600708
-3290669
2580468
-3306564
2560131
-3322336
2539697
-3337982
2519168
-3353502
2498544
-3368896
2477826
-3384164
2457014
-3399304
2436110
-3414316
2415114
-3429199
2394028
-3443954
2372851
-3458578
2351585
-3473073
2330230
-3487436
2308788
-3501669
2287259
-3515769
2265643
-3529737
2243943
-3543573
2222157
-3557274
2200288
-3570842
2178337
-3584276
2156303
-3597574
2134188
-3610738
2111993
-3623765
2089718
-3636656
2067365
-3649409
2044934
-3662026
2022425
-3674504
1999841
-3686844
1977181
-3699046
1954447
-3711108
1931639
-3723030
1908759
-3734813
1885806
-3746454
1862783
-3757955
1839690
-3769314
1816527
-3780531
1793296
-3791606
1769997
-3802538
1746632
-3813327
1723201
-3823972
1699705
-3834474
1676145
-3844831
1652522
-3855043
1628837
-3865110
1605091
-3875032
1581284
-3884807
1557417
-3894437
1533492
-3903920
1509509
-3913255
1485469
-3922444
1461374
-3931485
1437223
-3940378
1413018
-3949122
1388760
-3957718
1364450
-3966164
1340089
-3974462
1315676
-3982610
1291215
-3990608
1266705
-3998455
1242147
-4006152
1217542
-4013699
1192892
-4021094
1168196
-4028338
1143457
-4035430
1118674
-4042370
1093850
-4049158
1068984
-4055793
1044078
-4062276
1019133
-4068606
994149
-4074783
969128
-4080806
944070
-4086676
918977
-4092391
893849
-4097953
868688
-4103360
843494
-4108613
818268
-4113712
793011
-4118655
767725
-4123443
742410
-4128076
717066
-4132554
691696
-4136876
666299
-4141042
640878
-4145053
615432
-4148907
589963
-4152605
564472
-4156147
538960
-4159532
513428
-4162761
487876
-4165833
462305
-4168748
436718
-4171506
411114
-4174107
385494
-4176551
359860
-4178838
334212
-4180967
308552
-4182939
282880
-4184754
257198
-4186411
231506
-4187910
205805
-4189252
180096
-4190436
154381
-4191462
128659
-4192330
102933
-4193041
77203
-4193593
51470
-4193988
25736
-4194225
0
-4194304
-25736
-4194225
-51470
-4193988
-77203
-4193593
-102933
-4193041
-128659
-4192330
-154381
-4191462
-180096
-4190436
-205805
-4189252
-231506
-4187910
-257198
-4186411
-282880
-4184754
-308552
-4182939
-334212
-4180967
-359860
-4178838
-385494
-4176551
-411114
-4174107
-436718
-4171506
-462305
-4168748
-487876
-4165833
-513428
-4162761
-538960
-4159532
-564472
-4156147
-589963
-4152605
-615432
-4148907
-640878
-4145053
-666299
-4141042
-691696
-4136876
-717066
-4132554
-742410
-4128076
-767725
-4123443
-793011
-4118655
-818268
-4113712
-843494
-4108613
-868688
-4103360
-893849
-4097953
-918977
-4092391
-944070
-4086676
-969128
-4080806
-994149
-4074783
-1019133
-4068606
-1044078
-4062276
-1068984
-4055793
-1093850
-4049158
-1118674
-4042370
-1143457
-4035430
-1168196
-4028338
-1192892
-4021094
-1217542
-4013699
-1242147
-4006152
-1266705
-3998455
-1291215
-3990608
-1315676
-3982610
-1340089
-3974462
-1364450
-3966164
-1388760
-3957718
-1413018
-3949122
-1437223
-3940378
-1461374
-3931485
-1485469
-3922444
-1509509
-3913255
-1533492
-3903920
-1557417
-3894437
-1581284
-3884807
-1605091
-3875032
-1628837
-3865110
-1652522
-3855043
-1676145
-3844831
-1699705
-3834474
-1723201
-3823972
-1746632
-3813327
-1769997
-3802538
-1793296
-3791606
-1816527
-3780531
-1839690
-3769314
-1862783
-3757955
-1885806
-3746454
-1908759
-3734813
-1931639
-3723030
-1954447
-3711108
-1977181
-3699046
-1999841
-3686844
-2022425
-3674504
-2044934
-3662026
-2067365
-3649409
-2089718
-3636656
-2111993
-3623765
-2134188
-3610738
-2156303
-3597574
-2178337
-3584276
-2200288
-3570842
-2222157
-3557274
-2243943
-3543573
-2265643
-3529737
-2287259
-3515769
-2308788
-3501669
-2330230
-3487436
-2351585
-3473073
-2372851
-3458578
-2394028
-3443954
-2415114
-3429199
-2436110
-3414316
-2457014
-3399304
-2477826
-3384164
-2498544
-3368896
-2519168
-3353502
-2539697
-3337982
-2560131
-3322336
-2580468
-3306564
-2600708
-3290669
-2620851
-3274649
-2640894
-3258506
-2660838
-3242241
-2680682
-3225853
-2700425
-3209344
-2720066
-3192714
-2739605
-3175964
-2759041
-3159094
-2778373
-3142106
-2797600
-3124999
-2816722
-3107774
-2835738
-3090433
-2854647
-3072975
-2873449
-3055401
-2892143
-3037712
-2910727
-3019909
-2929202
-3001993
-2947567
-2983963
-2965821
-2965821
-2983963
-2947567
-3001993
-2929202
-3019909
-2910727
-3037712
-2892143
-3055401
-2873449
-3072975
-2854647
-3090433
-2835738
-3107774
-2816722
-3124999
-2797600
-3142106
-2778373
-3159094
-2759041
-3175964
-2739605
-3192714
-2720066
-3209344
-2700425
-3225853
-2680682
-3242241
-2660838
-3258506
-2640894
-3274649
-2620851
-3290669
-2600708
-3306564
-2580468
-3322336
-2560131
-3337982
-2539697
-3353502
-2519168
-3368896
-2498544
-3384164
-2477826
-3399304
-2457014
-3414316
-2436110
-3429199
-2415114
-3443954
-2394028
-3458578
-2372851
-3473073
-2351585
-3487436
-2330230
-3501669
-2308788
-3515769
-2287259
-3529737
-2265643
-3543573
-2243943
-3557274
-2222157
-3570842
-2200288
-3584276
-2178337
-3597574
-2156303
-3610738
-2134188
-3623765
-2111993
-3636656
-2089718
-3649409
-2067365
-3662026
-2044934
-3674504
-2022425
-3686844
-1999841
-3699046
-1977181
-3711108
-1954447
-3723030
-1931639
-3734813
-1908759
-3746454
-1885806
-3757955
-1862783
-3769314
-1839690
-3780531
-1816527
-3791606
-1793296
-3802538
-1769997
-3813327
-1746632
-3823972
-1723201
-3834474
-1699705
-3844831
-1676145
-3855043
-1652522
-3865110
-1628837
-3875032
-1605091
-3884807
-1581284
-3894437
-1557417
-3903920
-1533492
-3913255
-1509509
-3922444
-1485469
-3931485
-1461374
-3940378
-1437223
-3949122
-1413018
-3957718
-1388760
-3966164
-1364450
-3974462
-1340089
-3982610
-1315676
-3990608
-1291215
-3998455
-1266705
-4006152
-1242147
-4013699
-1217542
-4021094
-1192892
-4028338
-1168196
-4035430
-1143457
-4042370
-1118674
-4049158
-1093850
-4055793
-1068984
-4062276
-1044078
-4068606
-1019133
-4074783
-994149
-4080806
-969128
-4086676
-944070
-4092391
-918977
-4097953
-893849
-4103360
-868688
-4108613
-843494
-4113712
-818268
-4118655
-793011
-4123443
-767725
-4128076
-742410
-4132554
-717066
-4136876
-691696
-4141042
-666299
-4145053
-640878
-4148907
-615432
-4152605
-589963
-4156147
-564472
-4159532
-538960
-4162761
-513428
-4165833
-487876
-4168748
-462305
-4171506
-436718
-4174107
-411114
-4176551
-385494
-4178838
-359860
-4180967
-334212
-4182939
-308552
-4184754
-282880
-4186411
-257198
-4187910
-231506
-4189252
-205805
-4190436
-180096
-4191462
-154381
-4192330
-128659
-4193041
-102933
-4193593
-77203
-4193988
-51470
-4194225
-25736
