4095
0
4095
-100
4091
-201
4085
-301
4076
-401
4065
-501
4052
-601
4036
-700
4017
-799
3996
-897
3973
-995
3948
-1092
3920
-1189
3889
-1285
3856
-1380
3822
-1474
3784
-1567
3744
-1660
3703
-1751
3659
-1842
3612
-1931
3564
-2019
3513
-2106
3460
-2191
3406
-2276
3349
-2358
3290
-2440
3229
-2520
3166
-2598
3102
-2675
3035
-2751
2966
-2824
2896
-2896
2824
-2966
2751
-3035
2675
-3102
2598
-3166
2520
-3229
2440
-3290
2358
-3349
2276
-3406
2191
-3460
2106
-3513
2019
-3564
1931
-3612
1842
-3659
1751
-3703
1660
-3744
1567
-3784
1474
-3822
1380
-3856
1285
-3889
1189
-3920
1092
-3948
995
-3973
897
-3996
799
-4017
700
-4036
601
-4052
501
-4065
401
-4076
301
-4085
201
-4091
100
-4095
0
-4096
-100
-4095
-201
-4091
-301
-4085
-401
-4076
-501
-4065
-601
-4052
-700
-4036
-799
-4017
-897
-3996
-995
-3973
-1092
-3948
-1189
-3920
-1285
-3889
-1380
-3856
-1474
-3822
-1567
-3784
-1660
-3744
-1751
-3703
-1842
-3659
-1931
-3612
-2019
-3564
-2106
-3513
-2191
-3460
-2276
-3406
-2358
-3349
-2440
-3290
-2520
-3229
-2598
-3166
-2675
-3102
-2751
-3035
-2824
-2966
-2896
-2896
-2966
-2824
-3035
-2751
-3102
-2675
-3166
-2598
-3229
-2520
-3290
-2440
-3349
-2358
-3406
-2276
-3460
-2191
-3513
-2106
-3564
-2019
-3612
-1931
-3659
-1842
-3703
-1751
-3744
-1660
-3784
-1567
-3822
-1474
-3856
-1380
-3889
-1285
-3920
-1189
-3948
-1092
-3973
-995
-3996
-897
-4017
-799
-4036
-700
-4052
-601
-4065
-501
-4076
-401
-4085
-301
-4091
-201
-4095
-100
