262143
0
262143
-804
262139
-1608
262133
-2413
262124
-3217
262113
-4021
262100
-4825
262084
-5629
262065
-6433
262044
-7237
262021
-8041
261995
-8845
261966
-9649
261936
-10452
261902
-11256
261866
-12059
261828
-12863
261788
-13666
261744
-14469
261699
-15272
261651
-16075
261600
-16878
261547
-17680
261492
-18482
261434
-19284
261373
-20086
261310
-20888
261245
-21690
261177
-22491
261107
-23292
261034
-24093
260959
-24894
260882
-25694
260802
-26495
260719
-27295
260634
-28094
260547
-28894
260457
-29693
260364
-30492
260270
-31291
260172
-32089
260073
-32887
259971
-33685
259866
-34482
259759
-35280
259650
-36076
259538
-36873
259423
-37669
259307
-38464
259187
-39260
259066
-40055
258942
-40849
258815
-41644
258686
-42438
258555
-43231
258421
-44024
258284
-44817
258146
-45609
258005
-46400
257861
-47192
257715
-47983
257567
-48773
257416
-49563
257263
-50353
257107
-51142
256949
-51930
256788
-52718
256625
-53506
256460
-54293
256292
-55080
256122
-55866
255949
-56651
255774
-57436
255597
-58220
255417
-59004
255235
-59788
255050
-60570
254863
-61353
254674
-62134
254482
-62915
254288
-63696
254091
-64476
253892
-65255
253691
-66034
253487
-66812
253281
-67589
253072
-68366
252861
-69142
252648
-69917
252432
-70692
252214
-71466
251994
-72239
251771
-73012
251546
-73784
251318
-74556
251088
-75326
250856
-76096
250622
-76866
250384
-77634
250145
-78402
249903
-79169
249659
-79935
249413
-80701
249164
-81466
248913
-82230
248660
-82993
248404
-83756
248146
-84517
247885
-85278
247622
-86038
247357
-86798
247090
-87556
246820
-88314
246548
-89070
246274
-89826
245997
-90582
245718
-91336
245436
-92089
245153
-92842
244867
-93594
244578
-94344
244288
-95094
243995
-95843
243700
-96591
243402
-97338
243102
-98085
242800
-98830
242496
-99575
242189
-100318
241880
-101061
241569
-101802
241256
-102543
240940
-103283
240622
-104021
240302
-104759
239979
-105496
239654
-106232
239328
-106966
238998
-107700
238667
-108433
238333
-109164
237997
-109895
237658
-110625
237318
-111353
236975
-112081
236630
-112808
236283
-113533
235934
-114257
235582
-114980
235228
-115703
234872
-116424
234514
-117144
234153
-117863
233791
-118581
233426
-119297
233059
-120013
232689
-120727
232318
-121441
231944
-122153
231568
-122864
231190
-123574
230810
-124282
230428
-124990
230043
-125696
229656
-126402
229268
-127106
228876
-127808
228483
-128510
228088
-129210
227690
-129909
227291
-130607
226889
-131304
226485
-132000
226079
-132694
225671
-133387
225261
-134078
224848
-134769
224434
-135458
224017
-136146
223598
-136833
223178
-137518
222755
-138202
222330
-138885
221902
-139566
221473
-140246
221042
-140925
220608
-141603
220173
-142279
219736
-142954
219296
-143627
218854
-144299
218410
-144970
217965
-145639
217517
-146307
217067
-146974
216615
-147639
216161
-148303
215705
-148966
215247
-149627
214787
-150286
214325
-150945
213861
-151601
213395
-152257
212926
-152911
212456
-153563
211984
-154214
211510
-154864
211034
-155512
210556
-156159
210076
-156804
209594
-157448
209110
-158090
208624
-158731
208136
-159370
207646
-160008
207154
-160644
206660
-161279
206164
-161912
205667
-162544
205167
-163174
204666
-163803
204162
-164430
203657
-165056
203149
-165680
202640
-166302
202129
-166923
201616
-167543
201101
-168160
200584
-168776
200065
-169391
199545
-170004
199022
-170616
198498
-171225
197972
-171834
197443
-172440
196913
-173045
196382
-173648
195848
-174250
195312
-174850
194775
-175448
194236
-176045
193695
-176640
193152
-177234
192607
-177825
192061
-178415
191513
-179004
190962
-179590
190411
-180176
189857
-180759
189302
-181340
188744
-181920
188185
-182499
187624
-183075
187062
-183650
186498
-184223
185932
-184794
185364
-185364
184794
-185932
184223
-186498
183650
-187062
183075
-187624
182499
-188185
181920
-188744
181340
-189302
180759
-189857
180176
-190411
179590
-190962
179004
-191513
178415
-192061
177825
-192607
177234
-193152
176640
-193695
176045
-194236
175448
-194775
174850
-195312
174250
-195848
173648
-196382
173045
-196913
172440
-197443
171834
-197972
171225
-198498
170616
-199022
170004
-199545
169391
-200065
168776
-200584
168160
-201101
167543
-201616
166923
-202129
166302
-202640
165680
-203149
165056
-203657
164430
-204162
163803
-204666
163174
-205167
162544
-205667
161912
-206164
161279
-206660
160644
-207154
160008
-207646
159370
-208136
158731
-208624
158090
-209110
157448
-209594
156804
-210076
156159
-210556
155512
-211034
154864
-211510
154214
-211984
153563
-212456
152911
-212926
152257
-213395
151601
-213861
150945
-214325
150286
-214787
149627
-215247
148966
-215705
148303
-216161
147639
-216615
146974
-217067
146307
-217517
145639
-217965
144970
-218410
144299
-218854
143627
-219296
142954
-219736
142279
-220173
141603
-220608
140925
-221042
140246
-221473
139566
-221902
138885
-222330
138202
-222755
137518
-223178
136833
-223598
136146
-224017
135458
-224434
134769
-224848
134078
-225261
133387
-225671
132694
-226079
132000
-226485
131304
-226889
130607
-227291
129909
-227690
129210
-228088
128510
-228483
127808
-228876
127106
-229268
126402
-229656
125696
-230043
124990
-230428
124282
-230810
123574
-231190
122864
-231568
122153
-231944
121441
-232318
120727
-232689
120013
-233059
119297
-233426
118581
-233791
117863
-234153
117144
-234514
116424
-234872
115703
-235228
114980
-235582
114257
-235934
113533
-236283
112808
-236630
112081
-236975
111353
-237318
110625
-237658
109895
-237997
109164
-238333
108433
-238667
107700
-238998
106966
-239328
106232
-239654
105496
-239979
104759
-240302
104021
-240622
103283
-240940
102543
-241256
101802
-241569
101061
-241880
100318
-242189
99575
-242496
98830
-242800
98085
-243102
97338
-243402
96591
-243700
95843
-243995
95094
-244288
94344
-244578
93594
-244867
92842
-245153
92089
-245436
91336
-245718
90582
-245997
89826
-246274
89070
-246548
88314
-246820
87556
-247090
86798
-247357
86038
-247622
85278
-247885
84517
-248146
83756
-248404
82993
-248660
82230
-248913
81466
-249164
80701
-249413
79935
-249659
79169
-249903
78402
-250145
77634
-250384
76866
-250622
76096
-250856
75326
-251088
74556
-251318
73784
-251546
73012
-251771
72239
-251994
71466
-252214
70692
-252432
69917
-252648
69142
-252861
68366
-253072
67589
-253281
66812
-253487
66034
-253691
65255
-253892
64476
-254091
63696
-254288
62915
-254482
62134
-254674
61353
-254863
60570
-255050
59788
-255235
59004
-255417
58220
-255597
57436
-255774
56651
-255949
55866
-256122
55080
-256292
54293
-256460
53506
-256625
52718
-256788
51930
-256949
51142
-257107
50353
-257263
49563
-257416
48773
-257567
47983
-257715
47192
-257861
46400
-258005
45609
-258146
44817
-258284
44024
-258421
43231
-258555
42438
-258686
41644
-258815
40849
-258942
40055
-259066
39260
-259187
38464
-259307
37669
-259423
36873
-259538
36076
-259650
35280
-259759
34482
-259866
33685
-259971
32887
-260073
32089
-260172
31291
-260270
30492
-260364
29693
-260457
28894
-260547
28094
-260634
27295
-260719
26495
-260802
25694
-260882
24894
-260959
24093
-261034
23292
-261107
22491
-261177
21690
-261245
20888
-261310
20086
-261373
19284
-261434
18482
-261492
17680
-261547
16878
-261600
16075
-261651
15272
-261699
14469
-261744
13666
-261788
12863
-261828
12059
-261866
11256
-261902
10452
-261936
9649
-261966
8845
-261995
8041
-262021
7237
-262044
6433
-262065
5629
-262084
4825
-262100
4021
-262113
3217
-262124
2413
-262133
1608
-262139
804
-262143
0
-262144
-804
-262143
-1608
-262139
-2413
-262133
-3217
-262124
-4021
-262113
-4825
-262100
-5629
-262084
-6433
-262065
-7237
-262044
-8041
-262021
-8845
-261995
-9649
-261966
-10452
-261936
-11256
-261902
-12059
-261866
-12863
-261828
-13666
-261788
-14469
-261744
-15272
-261699
-16075
-261651
-16878
-261600
-17680
-261547
-18482
-261492
-19284
-261434
-20086
-261373
-20888
-261310
-21690
-261245
-22491
-261177
-23292
-261107
-24093
-261034
-24894
-260959
-25694
-260882
-26495
-260802
-27295
-260719
-28094
-260634
-28894
-260547
-29693
-260457
-30492
-260364
-31291
-260270
-32089
-260172
-32887
-260073
-33685
-259971
-34482
-259866
-35280
-259759
-36076
-259650
-36873
-259538
-37669
-259423
-38464
-259307
-39260
-259187
-40055
-259066
-40849
-258942
-41644
-258815
-42438
-258686
-43231
-258555
-44024
-258421
-44817
-258284
-45609
-258146
-46400
-258005
-47192
-257861
-47983
-257715
-48773
-257567
-49563
-257416
-50353
-257263
-51142
-257107
-51930
-256949
-52718
-256788
-53506
-256625
-54293
-256460
-55080
-256292
-55866
-256122
-56651
-255949
-57436
-255774
-58220
-255597
-59004
-255417
-59788
-255235
-60570
-255050
-61353
-254863
-62134
-254674
-62915
-254482
-63696
-254288
-64476
-254091
-65255
-253892
-66034
-253691
-66812
-253487
-67589
-253281
-68366
-253072
-69142
-252861
-69917
-252648
-70692
-252432
-71466
-252214
-72239
-251994
-73012
-251771
-73784
-251546
-74556
-251318
-75326
-251088
-76096
-250856
-76866
-250622
-77634
-250384
-78402
-250145
-79169
-249903
-79935
-249659
-80701
-249413
-81466
-249164
-82230
-248913
-82993
-248660
-83756
-248404
-84517
-248146
-85278
-247885
-86038
-247622
-86798
-247357
-87556
-247090
-88314
-246820
-89070
-246548
-89826
-246274
-90582
-245997
-91336
-245718
-92089
-245436
-92842
-245153
-93594
-244867
-94344
-244578
-95094
-244288
-95843
-243995
-96591
-243700
-97338
-243402
-98085
-243102
-98830
-242800
-99575
-242496
-100318
-242189
-101061
-241880
-101802
-241569
-102543
-241256
-103283
-240940
-104021
-240622
-104759
-240302
-105496
-239979
-106232
-239654
-106966
-239328
-107700
-238998
-108433
-238667
-109164
-238333
-109895
-237997
-110625
-237658
-111353
-237318
-112081
-236975
-112808
-236630
-113533
-236283
-114257
-235934
-114980
-235582
-115703
-235228
-116424
-234872
-117144
-234514
-117863
-234153
-118581
-233791
-119297
-233426
-120013
-233059
-120727
-232689
-121441
-232318
-122153
-231944
-122864
-231568
-123574
-231190
-124282
-230810
-124990
-230428
-125696
-230043
-126402
-229656
-127106
-229268
-127808
-228876
-128510
-228483
-129210
-228088
-129909
-227690
-130607
-227291
-131304
-226889
-132000
-226485
-132694
-226079
-133387
-225671
-134078
-225261
-134769
-224848
-135458
-224434
-136146
-224017
-136833
-223598
-137518
-223178
-138202
-222755
-138885
-222330
-139566
-221902
-140246
-221473
-140925
-221042
-141603
-220608
-142279
-220173
-142954
-219736
-143627
-219296
-144299
-218854
-144970
-218410
-145639
-217965
-146307
-217517
-146974
-217067
-147639
-216615
-148303
-216161
-148966
-215705
-149627
-215247
-150286
-214787
-150945
-214325
-151601
-213861
-152257
-213395
-152911
-212926
-153563
-212456
-154214
-211984
-154864
-211510
-155512
-211034
-156159
-210556
-156804
-210076
-157448
-209594
-158090
-209110
-158731
-208624
-159370
-208136
-160008
-207646
-160644
-207154
-161279
-206660
-161912
-206164
-162544
-205667
-163174
-205167
-163803
-204666
-164430
-204162
-165056
-203657
-165680
-203149
-166302
-202640
-166923
-202129
-167543
-201616
-168160
-201101
-168776
-200584
-169391
-200065
-170004
-199545
-170616
-199022
-171225
-198498
-171834
-197972
-172440
-197443
-173045
-196913
-173648
-196382
-174250
-195848
-174850
-195312
-175448
-194775
-176045
-194236
-176640
-193695
-177234
-193152
-177825
-192607
-178415
-192061
-179004
-191513
-179590
-190962
-180176
-190411
-180759
-189857
-181340
-189302
-181920
-188744
-182499
-188185
-183075
-187624
-183650
-187062
-184223
-186498
-184794
-185932
-185364
-185364
-185932
-184794
-186498
-184223
-187062
-183650
-187624
-183075
-188185
-182499
-188744
-181920
-189302
-181340
-189857
-180759
-190411
-180176
-190962
-179590
-191513
-179004
-192061
-178415
-192607
-177825
-193152
-177234
-193695
-176640
-194236
-176045
-194775
-175448
-195312
-174850
-195848
-174250
-196382
-173648
-196913
-173045
-197443
-172440
-197972
-171834
-198498
-171225
-199022
-170616
-199545
-170004
-200065
-169391
-200584
-168776
-201101
-168160
-201616
-167543
-202129
-166923
-202640
-166302
-203149
-165680
-203657
-165056
-204162
-164430
-204666
-163803
-205167
-163174
-205667
-162544
-206164
-161912
-206660
-161279
-207154
-160644
-207646
-160008
-208136
-159370
-208624
-158731
-209110
-158090
-209594
-157448
-210076
-156804
-210556
-156159
-211034
-155512
-211510
-154864
-211984
-154214
-212456
-153563
-212926
-152911
-213395
-152257
-213861
-151601
-214325
-150945
-214787
-150286
-215247
-149627
-215705
-148966
-216161
-148303
-216615
-147639
-217067
-146974
-217517
-146307
-217965
-145639
-218410
-144970
-218854
-144299
-219296
-143627
-219736
-142954
-220173
-142279
-220608
-141603
-221042
-140925
-221473
-140246
-221902
-139566
-222330
-138885
-222755
-138202
-223178
-137518
-223598
-136833
-224017
-136146
-224434
-135458
-224848
-134769
-225261
-134078
-225671
-133387
-226079
-132694
-226485
-132000
-226889
-131304
-227291
-130607
-227690
-129909
-228088
-129210
-228483
-128510
-228876
-127808
-229268
-127106
-229656
-126402
-230043
-125696
-230428
-124990
-230810
-124282
-231190
-123574
-231568
-122864
-231944
-122153
-232318
-121441
-232689
-120727
-233059
-120013
-233426
-119297
-233791
-118581
-234153
-117863
-234514
-117144
-234872
-116424
-235228
-115703
-235582
-114980
-235934
-114257
-236283
-113533
-236630
-112808
-236975
-112081
-237318
-111353
-237658
-110625
-237997
-109895
-238333
-109164
-238667
-108433
-238998
-107700
-239328
-106966
-239654
-106232
-239979
-105496
-240302
-104759
-240622
-104021
-240940
-103283
-241256
-102543
-241569
-101802
-241880
-101061
-242189
-100318
-242496
-99575
-242800
-98830
-243102
-98085
-243402
-97338
-243700
-96591
-243995
-95843
-244288
-95094
-244578
-94344
-244867
-93594
-245153
-92842
-245436
-92089
-245718
-91336
-245997
-90582
-246274
-89826
-246548
-89070
-246820
-88314
-247090
-87556
-247357
-86798
-247622
-86038
-247885
-85278
-248146
-84517
-248404
-83756
-248660
-82993
-248913
-82230
-249164
-81466
-249413
-80701
-249659
-79935
-249903
-79169
-250145
-78402
-250384
-77634
-250622
-76866
-250856
-76096
-251088
-75326
-251318
-74556
-251546
-73784
-251771
-73012
-251994
-72239
-252214
-71466
-252432
-70692
-252648
-69917
-252861
-69142
-253072
-68366
-253281
-67589
-253487
-66812
-253691
-66034
-253892
-65255
-254091
-64476
-254288
-63696
-254482
-62915
-254674
-62134
-254863
-61353
-255050
-60570
-255235
-59788
-255417
-59004
-255597
-58220
-255774
-57436
-255949
-56651
-256122
-55866
-256292
-55080
-256460
-54293
-256625
-53506
-256788
-52718
-256949
-51930
-257107
-51142
-257263
-50353
-257416
-49563
-257567
-48773
-257715
-47983
-257861
-47192
-258005
-46400
-258146
-45609
-258284
-44817
-258421
-44024
-258555
-43231
-258686
-42438
-258815
-41644
-258942
-40849
-259066
-40055
-259187
-39260
-259307
-38464
-259423
-37669
-259538
-36873
-259650
-36076
-259759
-35280
-259866
-34482
-259971
-33685
-260073
-32887
-260172
-32089
-260270
-31291
-260364
-30492
-260457
-29693
-260547
-28894
-260634
-28094
-260719
-27295
-260802
-26495
-260882
-25694
-260959
-24894
-261034
-24093
-261107
-23292
-261177
-22491
-261245
-21690
-261310
-20888
-261373
-20086
-261434
-19284
-261492
-18482
-261547
-17680
-261600
-16878
-261651
-16075
-261699
-15272
-261744
-14469
-261788
-13666
-261828
-12863
-261866
-12059
-261902
-11256
-261936
-10452
-261966
-9649
-261995
-8845
-262021
-8041
-262044
-7237
-262065
-6433
-262084
-5629
-262100
-4825
-262113
-4021
-262124
-3217
-262133
-2413
-262139
-1608
-262143
-804
