131071
0
131070
-804
131062
-1608
131050
-2412
131032
-3217
131010
-4020
130983
-4824
130951
-5628
130914
-6431
130872
-7234
130825
-8037
130774
-8840
130717
-9642
130655
-10444
130589
-11246
130517
-12047
130441
-12847
130360
-13647
130273
-14447
130182
-15246
130086
-16044
129985
-16842
129880
-17640
129769
-18436
129653
-19232
129533
-20027
129408
-20822
129277
-21615
129142
-22408
129002
-23200
128858
-23991
128708
-24782
128553
-25571
128394
-26359
128230
-27146
128061
-27933
127887
-28718
127708
-29502
127525
-30285
127337
-31067
127144
-31848
126946
-32627
126744
-33406
126536
-34183
126324
-34958
126107
-35733
125886
-36506
125659
-37278
125428
-38048
125192
-38817
124952
-39584
124706
-40350
124456
-41115
124202
-41878
123943
-42639
123679
-43399
123410
-44157
123137
-44913
122859
-45668
122576
-46421
122289
-47172
121997
-47922
121701
-48669
121400
-49415
121095
-50159
120785
-50901
120470
-51641
120151
-52380
119827
-53116
119499
-53850
119166
-54582
118829
-55312
118488
-56040
118142
-56766
117791
-57490
117436
-58212
117077
-58931
116713
-59649
116345
-60364
115972
-61076
115595
-61787
115214
-62495
114828
-63201
114438
-63904
114044
-64605
113645
-65304
113243
-66000
112836
-66693
112424
-67384
112008
-68073
111589
-68759
111165
-69442
110737
-70123
110304
-70801
109868
-71477
109427
-72150
108982
-72820
108534
-73487
108080
-74152
107624
-74813
107162
-75472
106697
-76128
106228
-76782
105755
-77432
105278
-78079
104797
-78724
104312
-79366
103823
-80004
103330
-80640
102833
-81272
102333
-81902
101828
-82528
101320
-83151
100808
-83771
100292
-84388
99772
-85002
99249
-85613
98722
-86220
98191
-86824
97656
-87425
97118
-88022
96576
-88617
96030
-89208
95481
-89795
94928
-90379
94372
-90960
93812
-91538
93249
-92111
92682
-92682
92111
-93249
91538
-93812
90960
-94372
90379
-94928
89795
-95481
89208
-96030
88617
-96576
88022
-97118
87425
-97656
86824
-98191
86220
-98722
85613
-99249
85002
-99772
84388
-100292
83771
-100808
83151
-101320
82528
-101828
81902
-102333
81272
-102833
80640
-103330
80004
-103823
79366
-104312
78724
-104797
78079
-105278
77432
-105755
76782
-106228
76128
-106697
75472
-107162
74813
-107624
74152
-108080
73487
-108534
72820
-108982
72150
-109427
71477
-109868
70801
-110304
70123
-110737
69442
-111165
68759
-111589
68073
-112008
67384
-112424
66693
-112836
66000
-113243
65304
-113645
64605
-114044
63904
-114438
63201
-114828
62495
-115214
61787
-115595
61076
-115972
60364
-116345
59649
-116713
58931
-117077
58212
-117436
57490
-117791
56766
-118142
56040
-118488
55312
-118829
54582
-119166
53850
-119499
53116
-119827
52380
-120151
51641
-120470
50901
-120785
50159
-121095
49415
-121400
48669
-121701
47922
-121997
47172
-122289
46421
-122576
45668
-122859
44913
-123137
44157
-123410
43399
-123679
42639
-123943
41878
-124202
41115
-124456
40350
-124706
39584
-124952
38817
-125192
38048
-125428
37278
-125659
36506
-125886
35733
-126107
34958
-126324
34183
-126536
33406
-126744
32627
-126946
31848
-127144
31067
-127337
30285
-127525
29502
-127708
28718
-127887
27933
-128061
27146
-128230
26359
-128394
25571
-128553
24782
-128708
23991
-128858
23200
-129002
22408
-129142
21615
-129277
20822
-129408
20027
-129533
19232
-129653
18436
-129769
17640
-129880
16842
-129985
16044
-130086
15246
-130182
14447
-130273
13647
-130360
12847
-130441
12047
-130517
11246
-130589
10444
-130655
9642
-130717
8840
-130774
8037
-130825
7234
-130872
6431
-130914
5628
-130951
4824
-130983
4020
-131010
3217
-131032
2412
-131050
1608
-131062
804
-131070
0
-131072
-804
-131070
-1608
-131062
-2412
-131050
-3217
-131032
-4020
-131010
-4824
-130983
-5628
-130951
-6431
-130914
-7234
-130872
-8037
-130825
-8840
-130774
-9642
-130717
-10444
-130655
-11246
-130589
-12047
-130517
-12847
-130441
-13647
-130360
-14447
-130273
-15246
-130182
-16044
-130086
-16842
-129985
-17640
-129880
-18436
-129769
-19232
-129653
-20027
-129533
-20822
-129408
-21615
-129277
-22408
-129142
-23200
-129002
-23991
-128858
-24782
-128708
-25571
-128553
-26359
-128394
-27146
-128230
-27933
-128061
-28718
-127887
-29502
-127708
-30285
-127525
-31067
-127337
-31848
-127144
-32627
-126946
-33406
-126744
-34183
-126536
-34958
-126324
-35733
-126107
-36506
-125886
-37278
-125659
-38048
-125428
-38817
-125192
-39584
-124952
-40350
-124706
-41115
-124456
-41878
-124202
-42639
-123943
-43399
-123679
-44157
-123410
-44913
-123137
-45668
-122859
-46421
-122576
-47172
-122289
-47922
-121997
-48669
-121701
-49415
-121400
-50159
-121095
-50901
-120785
-51641
-120470
-52380
-120151
-53116
-119827
-53850
-119499
-54582
-119166
-55312
-118829
-56040
-118488
-56766
-118142
-57490
-117791
-58212
-117436
-58931
-117077
-59649
-116713
-60364
-116345
-61076
-115972
-61787
-115595
-62495
-115214
-63201
-114828
-63904
-114438
-64605
-114044
-65304
-113645
-66000
-113243
-66693
-112836
-67384
-112424
-68073
-112008
-68759
-111589
-69442
-111165
-70123
-110737
-70801
-110304
-71477
-109868
-72150
-109427
-72820
-108982
-73487
-108534
-74152
-108080
-74813
-107624
-75472
-107162
-76128
-106697
-76782
-106228
-77432
-105755
-78079
-105278
-78724
-104797
-79366
-104312
-80004
-103823
-80640
-103330
-81272
-102833
-81902
-102333
-82528
-101828
-83151
-101320
-83771
-100808
-84388
-100292
-85002
-99772
-85613
-99249
-86220
-98722
-86824
-98191
-87425
-97656
-88022
-97118
-88617
-96576
-89208
-96030
-89795
-95481
-90379
-94928
-90960
-94372
-91538
-93812
-92111
-93249
-92682
-92682
-93249
-92111
-93812
-91538
-94372
-90960
-94928
-90379
-95481
-89795
-96030
-89208
-96576
-88617
-97118
-88022
-97656
-87425
-98191
-86824
-98722
-86220
-99249
-85613
-99772
-85002
-100292
-84388
-100808
-83771
-101320
-83151
-101828
-82528
-102333
-81902
-102833
-81272
-103330
-80640
-103823
-80004
-104312
-79366
-104797
-78724
-105278
-78079
-105755
-77432
-106228
-76782
-106697
-76128
-107162
-75472
-107624
-74813
-108080
-74152
-108534
-73487
-108982
-72820
-109427
-72150
-109868
-71477
-110304
-70801
-110737
-70123
-111165
-69442
-111589
-68759
-112008
-68073
-112424
-67384
-112836
-66693
-113243
-66000
-113645
-65304
-114044
-64605
-114438
-63904
-114828
-63201
-115214
-62495
-115595
-61787
-115972
-61076
-116345
-60364
-116713
-59649
-117077
-58931
-117436
-58212
-117791
-57490
-118142
-56766
-118488
-56040
-118829
-55312
-119166
-54582
-119499
-53850
-119827
-53116
-120151
-52380
-120470
-51641
-120785
-50901
-121095
-50159
-121400
-49415
-121701
-48669
-121997
-47922
-122289
-47172
-122576
-46421
-122859
-45668
-123137
-44913
-123410
-44157
-123679
-43399
-123943
-42639
-124202
-41878
-124456
-41115
-124706
-40350
-124952
-39584
-125192
-38817
-125428
-38048
-125659
-37278
-125886
-36506
-126107
-35733
-126324
-34958
-126536
-34183
-126744
-33406
-126946
-32627
-127144
-31848
-127337
-31067
-127525
-30285
-127708
-29502
-127887
-28718
-128061
-27933
-128230
-27146
-128394
-26359
-128553
-25571
-128708
-24782
-128858
-23991
-129002
-23200
-129142
-22408
-129277
-21615
-129408
-20822
-129533
-20027
-129653
-19232
-129769
-18436
-129880
-17640
-129985
-16842
-130086
-16044
-130182
-15246
-130273
-14447
-130360
-13647
-130441
-12847
-130517
-12047
-130589
-11246
-130655
-10444
-130717
-9642
-130774
-8840
-130825
-8037
-130872
-7234
-130914
-6431
-130951
-5628
-130983
-4824
-131010
-4020
-131032
-3217
-131050
-2412
-131062
-1608
-131070
-804
