2047
0
2047
-50
2046
-100
2042
-151
2038
-201
2032
-251
2026
-300
2018
-350
2009
-400
1998
-449
1986
-498
1974
-546
1960
-594
1945
-642
1928
-690
1911
-737
1892
-784
1872
-830
1851
-876
1829
-921
1806
-965
1782
-1009
1757
-1053
1730
-1096
1703
-1138
1674
-1179
1645
-1220
1614
-1260
1583
-1299
1551
-1338
1517
-1375
1483
-1412
1448
-1448
1412
-1483
1375
-1517
1338
-1551
1299
-1583
1260
-1614
1220
-1645
1179
-1674
1138
-1703
1096
-1730
1053
-1757
1009
-1782
965
-1806
921
-1829
876
-1851
830
-1872
784
-1892
737
-1911
690
-1928
642
-1945
594
-1960
546
-1974
498
-1986
449
-1998
400
-2009
350
-2018
300
-2026
251
-2032
201
-2038
151
-2042
100
-2046
50
-2047
0
-2048
-50
-2047
-100
-2046
-151
-2042
-201
-2038
-251
-2032
-300
-2026
-350
-2018
-400
-2009
-449
-1998
-498
-1986
-546
-1974
-594
-1960
-642
-1945
-690
-1928
-737
-1911
-784
-1892
-830
-1872
-876
-1851
-921
-1829
-965
-1806
-1009
-1782
-1053
-1757
-1096
-1730
-1138
-1703
-1179
-1674
-1220
-1645
-1260
-1614
-1299
-1583
-1338
-1551
-1375
-1517
-1412
-1483
-1448
-1448
-1483
-1412
-1517
-1375
-1551
-1338
-1583
-1299
-1614
-1260
-1645
-1220
-1674
-1179
-1703
-1138
-1730
-1096
-1757
-1053
-1782
-1009
-1806
-965
-1829
-921
-1851
-876
-1872
-830
-1892
-784
-1911
-737
-1928
-690
-1945
-642
-1960
-594
-1974
-546
-1986
-498
-1998
-449
-2009
-400
-2018
-350
-2026
-300
-2032
-251
-2038
-201
-2042
-151
-2046
-100
-2047
-50
