4194303
0
4189252
-205805
4174107
-411114
4148907
-615432
4113712
-818268
4068606
-1019133
4013699
-1217542
3949122
-1413018
3875032
-1605091
3791606
-1793296
3699046
-1977181
3597574
-2156303
3487436
-2330230
3368896
-2498544
3242241
-2660838
3107774
-2816722
2965821
-2965821
2816722
-3107774
2660838
-3242241
2498544
-3368896
2330230
-3487436
2156303
-3597574
1977181
-3699046
1793296
-3791606
1605091
-3875032
1413018
-3949122
1217542
-4013699
1019133
-4068606
818268
-4113712
615432
-4148907
411114
-4174107
205805
-4189252
0
-4194304
-205805
-4189252
-411114
-4174107
-615432
-4148907
-818268
-4113712
-1019133
-4068606
-1217542
-4013699
-1413018
-3949122
-1605091
-3875032
-1793296
-3791606
-1977181
-3699046
-2156303
-3597574
-2330230
-3487436
-2498544
-3368896
-2660838
-3242241
-2816722
-3107774
-2965821
-2965821
-3107774
-2816722
-3242241
-2660838
-3368896
-2498544
-3487436
-2330230
-3597574
-2156303
-3699046
-1977181
-3791606
-1793296
-3875032
-1605091
-3949122
-1413018
-4013699
-1217542
-4068606
-1019133
-4113712
-818268
-4148907
-615432
-4174107
-411114
-4189252
-205805
