16777215
0
16776900
-102943
16775953
-205882
16774374
-308814
16772163
-411733
16769321
-514638
16765847
-617523
16761743
-720384
16757007
-823219
16751640
-926022
16745643
-1028791
16739015
-1131521
16731757
-1234208
16723869
-1336849
16715352
-1439440
16706205
-1541976
16696429
-1644455
16686025
-1746871
16674992
-1849222
16663331
-1951503
16651044
-2053710
16638129
-2155840
16624588
-2257890
16610420
-2359854
16595628
-2461729
16580211
-2563511
16564169
-2665197
16547504
-2766783
16530216
-2868264
16512305
-2969638
16493773
-3070900
16474620
-3172046
16454846
-3273072
16434454
-3373976
16413442
-3474752
16391812
-3575398
16369565
-3675909
16346702
-3776281
16323224
-3876512
16299130
-3976596
16274424
-4076531
16249104
-4176312
16223173
-4275936
16196631
-4375399
16169479
-4474698
16141718
-4573827
16113350
-4672785
16084375
-4771567
16054795
-4870169
16024610
-4968587
15993821
-5066819
15962431
-5164860
15930439
-5262706
15897848
-5360354
15864658
-5457801
15830871
-5555042
15796488
-5652074
15761510
-5748893
15725939
-5845495
15689776
-5941878
15653022
-6038037
15615678
-6133968
15577747
-6229669
15539229
-6325135
15500126
-6420362
15460440
-6515349
15420172
-6610090
15379322
-6704582
15337894
-6798821
15295889
-6892804
15253308
-6986529
15210152
-7079990
15166424
-7173184
15122124
-7266108
15077256
-7358759
15031819
-7451133
14985817
-7543226
14939250
-7635036
14892122
-7726557
14844432
-7817788
14796184
-7908725
14747378
-7999364
14698017
-8089701
14648103
-8179734
14597637
-8269459
14546622
-8358873
14495059
-8447972
14442950
-8536753
14390298
-8625213
14337104
-8713348
14283370
-8801154
14229098
-8888630
14174291
-8975771
14118950
-9062573
14063077
-9149035
14006675
-9235152
13949745
-9320922
13892290
-9406340
13834313
-9491405
13775814
-9576112
13716797
-9660458
13657263
-9744441
13597215
-9828057
13536656
-9911303
13475586
-9994176
13414009
-10076672
13351928
-10158790
13289343
-10240524
13226258
-10321873
13162675
-10402834
13098597
-10483402
13034026
-10563577
12968963
-10643353
12903413
-10722729
12837376
-10801701
12770857
-10880266
12703856
-10958422
12636378
-11036165
12568423
-11113492
12499995
-11190402
12431097
-11266890
12361731
-11342953
12291899
-11418590
12221604
-11493797
12150850
-11568571
12079638
-11642909
12007971
-11716809
11935852
-11790268
11863283
-11863283
11790268
-11935852
11716809
-12007971
11642909
-12079638
11568571
-12150850
11493797
-12221604
11418590
-12291899
11342953
-12361731
11266890
-12431097
11190402
-12499995
11113492
-12568423
11036165
-12636378
10958422
-12703856
10880266
-12770857
10801701
-12837376
10722729
-12903413
10643353
-12968963
10563577
-13034026
10483402
-13098597
10402834
-13162675
10321873
-13226258
10240524
-13289343
10158790
-13351928
10076672
-13414009
9994176
-13475586
9911303
-13536656
9828057
-13597215
9744441
-13657263
9660458
-13716797
9576112
-13775814
9491405
-13834313
9406340
-13892290
9320922
-13949745
9235152
-14006675
9149035
-14063077
9062573
-14118950
8975771
-14174291
8888630
-14229098
8801154
-14283370
8713348
-14337104
8625213
-14390298
8536753
-14442950
8447972
-14495059
8358873
-14546622
8269459
-14597637
8179734
-14648103
8089701
-14698017
7999364
-14747378
7908725
-14796184
7817788
-14844432
7726557
-14892122
7635036
-14939250
7543226
-14985817
7451133
-15031819
7358759
-15077256
7266108
-15122124
7173184
-15166424
7079990
-15210152
6986529
-15253308
6892804
-15295889
6798821
-15337894
6704582
-15379322
6610090
-15420172
6515349
-15460440
6420362
-15500126
6325135
-15539229
6229669
-15577747
6133968
-15615678
6038037
-15653022
5941878
-15689776
5845495
-15725939
5748893
-15761510
5652074
-15796488
5555042
-15830871
5457801
-15864658
5360354
-15897848
5262706
-15930439
5164860
-15962431
5066819
-15993821
4968587
-16024610
4870169
-16054795
4771567
-16084375
4672785
-16113350
4573827
-16141718
4474698
-16169479
4375399
-16196631
4275936
-16223173
4176312
-16249104
4076531
-16274424
3976596
-16299130
3876512
-16323224
3776281
-16346702
3675909
-16369565
3575398
-16391812
3474752
-16413442
3373976
-16434454
3273072
-16454846
3172046
-16474620
3070900
-16493773
2969638
-16512305
2868264
-16530216
2766783
-16547504
2665197
-16564169
2563511
-16580211
2461729
-16595628
2359854
-16610420
2257890
-16624588
2155840
-16638129
2053710
-16651044
1951503
-16663331
1849222
-16674992
1746871
-16686025
1644455
-16696429
1541976
-16706205
1439440
-16715352
1336849
-16723869
1234208
-16731757
1131521
-16739015
1028791
-16745643
926022
-16751640
823219
-16757007
720384
-16761743
617523
-16765847
514638
-16769321
411733
-16772163
308814
-16774374
205882
-16775953
102943
-16776900
0
-16777216
-102943
-16776900
-205882
-16775953
-308814
-16774374
-411733
-16772163
-514638
-16769321
-617523
-16765847
-720384
-16761743
-823219
-16757007
-926022
-16751640
-1028791
-16745643
-1131521
-16739015
-1234208
-16731757
-1336849
-16723869
-1439440
-16715352
-1541976
-16706205
-1644455
-16696429
-1746871
-16686025
-1849222
-16674992
-1951503
-16663331
-2053710
-16651044
-2155840
-16638129
-2257890
-16624588
-2359854
-16610420
-2461729
-16595628
-2563511
-16580211
-2665197
-16564169
-2766783
-16547504
-2868264
-16530216
-2969638
-16512305
-3070900
-16493773
-3172046
-16474620
-3273072
-16454846
-3373976
-16434454
-3474752
-16413442
-3575398
-16391812
-3675909
-16369565
-3776281
-16346702
-3876512
-16323224
-3976596
-16299130
-4076531
-16274424
-4176312
-16249104
-4275936
-16223173
-4375399
-16196631
-4474698
-16169479
-4573827
-16141718
-4672785
-16113350
-4771567
-16084375
-4870169
-16054795
-4968587
-16024610
-5066819
-15993821
-5164860
-15962431
-5262706
-15930439
-5360354
-15897848
-5457801
-15864658
-5555042
-15830871
-5652074
-15796488
-5748893
-15761510
-5845495
-15725939
-5941878
-15689776
-6038037
-15653022
-6133968
-15615678
-6229669
-15577747
-6325135
-15539229
-6420362
-15500126
-6515349
-15460440
-6610090
-15420172
-6704582
-15379322
-6798821
-15337894
-6892804
-15295889
-6986529
-15253308
-7079990
-15210152
-7173184
-15166424
-7266108
-15122124
-7358759
-15077256
-7451133
-15031819
-7543226
-14985817
-7635036
-14939250
-7726557
-14892122
-7817788
-14844432
-7908725
-14796184
-7999364
-14747378
-8089701
-14698017
-8179734
-14648103
-8269459
-14597637
-8358873
-14546622
-8447972
-14495059
-8536753
-14442950
-8625213
-14390298
-8713348
-14337104
-8801154
-14283370
-8888630
-14229098
-8975771
-14174291
-9062573
-14118950
-9149035
-14063077
-9235152
-14006675
-9320922
-13949745
-9406340
-13892290
-9491405
-13834313
-9576112
-13775814
-9660458
-13716797
-9744441
-13657263
-9828057
-13597215
-9911303
-13536656
-9994176
-13475586
-10076672
-13414009
-10158790
-13351928
-10240524
-13289343
-10321873
-13226258
-10402834
-13162675
-10483402
-13098597
-10563577
-13034026
-10643353
-12968963
-10722729
-12903413
-10801701
-12837376
-10880266
-12770857
-10958422
-12703856
-11036165
-12636378
-11113492
-12568423
-11190402
-12499995
-11266890
-12431097
-11342953
-12361731
-11418590
-12291899
-11493797
-12221604
-11568571
-12150850
-11642909
-12079638
-11716809
-12007971
-11790268
-11935852
-11863283
-11863283
-11935852
-11790268
-12007971
-11716809
-12079638
-11642909
-12150850
-11568571
-12221604
-11493797
-12291899
-11418590
-12361731
-11342953
-12431097
-11266890
-12499995
-11190402
-12568423
-11113492
-12636378
-11036165
-12703856
-10958422
-12770857
-10880266
-12837376
-10801701
-12903413
-10722729
-12968963
-10643353
-13034026
-10563577
-13098597
-10483402
-13162675
-10402834
-13226258
-10321873
-13289343
-10240524
-13351928
-10158790
-13414009
-10076672
-13475586
-9994176
-13536656
-9911303
-13597215
-9828057
-13657263
-9744441
-13716797
-9660458
-13775814
-9576112
-13834313
-9491405
-13892290
-9406340
-13949745
-9320922
-14006675
-9235152
-14063077
-9149035
-14118950
-9062573
-14174291
-8975771
-14229098
-8888630
-14283370
-8801154
-14337104
-8713348
-14390298
-8625213
-14442950
-8536753
-14495059
-8447972
-14546622
-8358873
-14597637
-8269459
-14648103
-8179734
-14698017
-8089701
-14747378
-7999364
-14796184
-7908725
-14844432
-7817788
-14892122
-7726557
-14939250
-7635036
-14985817
-7543226
-15031819
-7451133
-15077256
-7358759
-15122124
-7266108
-15166424
-7173184
-15210152
-7079990
-15253308
-6986529
-15295889
-6892804
-15337894
-6798821
-15379322
-6704582
-15420172
-6610090
-15460440
-6515349
-15500126
-6420362
-15539229
-6325135
-15577747
-6229669
-15615678
-6133968
-15653022
-6038037
-15689776
-5941878
-15725939
-5845495
-15761510
-5748893
-15796488
-5652074
-15830871
-5555042
-15864658
-5457801
-15897848
-5360354
-15930439
-5262706
-15962431
-5164860
-15993821
-5066819
-16024610
-4968587
-16054795
-4870169
-16084375
-4771567
-16113350
-4672785
-16141718
-4573827
-16169479
-4474698
-16196631
-4375399
-16223173
-4275936
-16249104
-4176312
-16274424
-4076531
-16299130
-3976596
-16323224
-3876512
-16346702
-3776281
-16369565
-3675909
-16391812
-3575398
-16413442
-3474752
-16434454
-3373976
-16454846
-3273072
-16474620
-3172046
-16493773
-3070900
-16512305
-2969638
-16530216
-2868264
-16547504
-2766783
-16564169
-2665197
-16580211
-2563511
-16595628
-2461729
-16610420
-2359854
-16624588
-2257890
-16638129
-2155840
-16651044
-2053710
-16663331
-1951503
-16674992
-1849222
-16686025
-1746871
-16696429
-1644455
-16706205
-1541976
-16715352
-1439440
-16723869
-1336849
-16731757
-1234208
-16739015
-1131521
-16745643
-1028791
-16751640
-926022
-16757007
-823219
-16761743
-720384
-16765847
-617523
-16769321
-514638
-16772163
-411733
-16774374
-308814
-16775953
-205882
-16776900
-102943
