262143
0
262065
-6433
261828
-12863
261434
-19284
260882
-25694
260172
-32089
259307
-38464
258284
-44817
257107
-51142
255774
-57436
254288
-63696
252648
-69917
250856
-76096
248913
-82230
246820
-88314
244578
-94344
242189
-100318
239654
-106232
236975
-112081
234153
-117863
231190
-123574
228088
-129210
224848
-134769
221473
-140246
217965
-145639
214325
-150945
210556
-156159
206660
-161279
202640
-166302
198498
-171225
194236
-176045
189857
-180759
185364
-185364
180759
-189857
176045
-194236
171225
-198498
166302
-202640
161279
-206660
156159
-210556
150945
-214325
145639
-217965
140246
-221473
134769
-224848
129210
-228088
123574
-231190
117863
-234153
112081
-236975
106232
-239654
100318
-242189
94344
-244578
88314
-246820
82230
-248913
76096
-250856
69917
-252648
63696
-254288
57436
-255774
51142
-257107
44817
-258284
38464
-259307
32089
-260172
25694
-260882
19284
-261434
12863
-261828
6433
-262065
0
-262144
-6433
-262065
-12863
-261828
-19284
-261434
-25694
-260882
-32089
-260172
-38464
-259307
-44817
-258284
-51142
-257107
-57436
-255774
-63696
-254288
-69917
-252648
-76096
-250856
-82230
-248913
-88314
-246820
-94344
-244578
-100318
-242189
-106232
-239654
-112081
-236975
-117863
-234153
-123574
-231190
-129210
-228088
-134769
-224848
-140246
-221473
-145639
-217965
-150945
-214325
-156159
-210556
-161279
-206660
-166302
-202640
-171225
-198498
-176045
-194236
-180759
-189857
-185364
-185364
-189857
-180759
-194236
-176045
-198498
-171225
-202640
-166302
-206660
-161279
-210556
-156159
-214325
-150945
-217965
-145639
-221473
-140246
-224848
-134769
-228088
-129210
-231190
-123574
-234153
-117863
-236975
-112081
-239654
-106232
-242189
-100318
-244578
-94344
-246820
-88314
-248913
-82230
-250856
-76096
-252648
-69917
-254288
-63696
-255774
-57436
-257107
-51142
-258284
-44817
-259307
-38464
-260172
-32089
-260882
-25694
-261434
-19284
-261828
-12863
-262065
-6433
