2097151
0
2094626
-102902
2087054
-205557
2074453
-307716
2056856
-409134
2034303
-509566
2006849
-608771
1974561
-706509
1937516
-802545
1895803
-896648
1849523
-988590
1798787
-1078152
1743718
-1165115
1684448
-1249272
1621120
-1330419
1553887
-1408361
1482910
-1482910
1408361
-1553887
1330419
-1621120
1249272
-1684448
1165115
-1743718
1078152
-1798787
988590
-1849523
896648
-1895803
802545
-1937516
706509
-1974561
608771
-2006849
509566
-2034303
409134
-2056856
307716
-2074453
205557
-2087054
102902
-2094626
0
-2097152
-102902
-2094626
-205557
-2087054
-307716
-2074453
-409134
-2056856
-509566
-2034303
-608771
-2006849
-706509
-1974561
-802545
-1937516
-896648
-1895803
-988590
-1849523
-1078152
-1798787
-1165115
-1743718
-1249272
-1684448
-1330419
-1621120
-1408361
-1553887
-1482910
-1482910
-1553887
-1408361
-1621120
-1330419
-1684448
-1249272
-1743718
-1165115
-1798787
-1078152
-1849523
-988590
-1895803
-896648
-1937516
-802545
-1974561
-706509
-2006849
-608771
-2034303
-509566
-2056856
-409134
-2074453
-307716
-2087054
-205557
-2094626
-102902
