65535
0
65535
-50
65535
-100
65535
-151
65535
-201
65535
-251
65535
-302
65535
-352
65535
-402
65534
-452
65534
-503
65534
-553
65533
-603
65533
-653
65532
-704
65532
-754
65531
-804
65530
-854
65530
-905
65529
-955
65528
-1005
65527
-1056
65527
-1106
65526
-1156
65525
-1206
65524
-1256
65523
-1307
65522
-1357
65521
-1407
65520
-1458
65519
-1508
65517
-1558
65516
-1608
65515
-1658
65514
-1709
65512
-1759
65511
-1809
65510
-1860
65508
-1910
65507
-1960
65505
-2010
65504
-2060
65502
-2111
65500
-2161
65499
-2211
65497
-2261
65495
-2312
65493
-2362
65492
-2412
65490
-2462
65488
-2513
65486
-2563
65484
-2613
65482
-2663
65480
-2714
65478
-2764
65476
-2814
65473
-2864
65471
-2914
65469
-2965
65466
-3015
65464
-3065
65462
-3115
65460
-3165
65457
-3216
65454
-3266
65452
-3316
65449
-3366
65447
-3416
65444
-3467
65442
-3517
65439
-3567
65436
-3617
65433
-3667
65430
-3718
65428
-3768
65425
-3818
65422
-3868
65419
-3918
65416
-3968
65413
-4019
65410
-4069
65406
-4119
65403
-4169
65400
-4219
65397
-4270
65393
-4320
65390
-4370
65387
-4420
65383
-4470
65380
-4520
65376
-4570
65373
-4620
65369
-4671
65366
-4721
65362
-4771
65358
-4821
65355
-4871
65351
-4921
65347
-4972
65343
-5022
65339
-5072
65336
-5122
65332
-5172
65328
-5222
65324
-5272
65320
-5322
65315
-5372
65311
-5422
65307
-5472
65303
-5523
65299
-5573
65294
-5623
65290
-5673
65286
-5723
65281
-5773
65277
-5823
65272
-5873
65268
-5923
65263
-5973
65258
-6023
65254
-6073
65249
-6123
65244
-6173
65240
-6224
65235
-6274
65230
-6324
65225
-6374
65220
-6424
65215
-6474
65210
-6524
65205
-6574
65200
-6624
65195
-6674
65190
-6724
65185
-6774
65180
-6824
65174
-6874
65169
-6924
65164
-6974
65158
-7024
65153
-7074
65148
-7124
65142
-7174
65137
-7224
65131
-7273
65126
-7323
65120
-7373
65114
-7423
65108
-7473
65103
-7523
65097
-7573
65091
-7623
65085
-7673
65079
-7723
65073
-7773
65067
-7823
65061
-7872
65055
-7922
65049
-7972
65043
-8022
65037
-8072
65031
-8122
65024
-8172
65018
-8222
65012
-8272
65006
-8322
64999
-8371
64993
-8421
64986
-8471
64980
-8521
64973
-8571
64966
-8620
64960
-8670
64953
-8720
64946
-8770
64940
-8820
64933
-8870
64926
-8919
64919
-8969
64912
-9019
64905
-9069
64898
-9119
64892
-9168
64884
-9218
64877
-9268
64870
-9318
64863
-9367
64856
-9417
64849
-9467
64841
-9517
64834
-9566
64827
-9616
64819
-9666
64812
-9716
64804
-9765
64797
-9815
64789
-9865
64782
-9914
64774
-9964
64766
-10014
64759
-10063
64751
-10113
64743
-10163
64735
-10212
64728
-10262
64720
-10312
64712
-10361
64704
-10411
64696
-10460
64688
-10510
64680
-10560
64672
-10609
64663
-10659
64655
-10708
64647
-10758
64639
-10808
64630
-10857
64622
-10907
64614
-10956
64605
-11006
64597
-11056
64588
-11105
64580
-11155
64571
-11204
64562
-11254
64554
-11303
64545
-11353
64536
-11402
64528
-11452
64519
-11501
64510
-11551
64501
-11600
64492
-11650
64483
-11699
64474
-11748
64465
-11798
64456
-11847
64447
-11897
64438
-11946
64429
-11996
64420
-12045
64410
-12094
64401
-12144
64392
-12193
64382
-12243
64373
-12292
64363
-12341
64354
-12391
64344
-12440
64335
-12490
64325
-12539
64316
-12588
64306
-12638
64296
-12687
64286
-12736
64277
-12785
64267
-12835
64257
-12884
64247
-12933
64237
-12982
64227
-13032
64217
-13081
64207
-13130
64197
-13180
64187
-13229
64177
-13278
64166
-13327
64156
-13376
64146
-13426
64136
-13475
64125
-13524
64115
-13573
64104
-13622
64094
-13672
64084
-13721
64073
-13770
64062
-13819
64052
-13868
64041
-13917
64030
-13966
64020
-14016
64009
-14064
63998
-14114
63987
-14163
63976
-14212
63966
-14261
63954
-14310
63944
-14359
63932
-14408
63922
-14457
63910
-14506
63899
-14555
63888
-14604
63877
-14653
63866
-14702
63854
-14751
63843
-14800
63832
-14849
63820
-14898
63809
-14947
63797
-14996
63786
-15045
63774
-15094
63762
-15142
63751
-15192
63739
-15240
63728
-15289
63716
-15338
63704
-15387
63692
-15436
63680
-15485
63668
-15534
63656
-15582
63644
-15631
63632
-15680
63620
-15729
63608
-15778
63596
-15826
63584
-15875
63572
-15924
63560
-15973
63547
-16021
63535
-16070
63523
-16119
63510
-16168
63498
-16216
63486
-16265
63473
-16314
63460
-16362
63448
-16411
63435
-16460
63423
-16508
63410
-16557
63397
-16606
63384
-16654
63372
-16703
63359
-16751
63346
-16800
63333
-16849
63320
-16897
63307
-16946
63294
-16994
63281
-17043
63268
-17091
63255
-17140
63242
-17188
63228
-17237
63215
-17285
63202
-17334
63189
-17382
63175
-17431
63162
-17479
63148
-17528
63135
-17576
63122
-17624
63108
-17673
63094
-17721
63081
-17770
63067
-17818
63054
-17866
63040
-17915
63026
-17963
63012
-18012
62998
-18060
62984
-18108
62971
-18156
62957
-18205
62943
-18253
62929
-18301
62915
-18350
62900
-18398
62886
-18446
62872
-18494
62858
-18542
62844
-18591
62830
-18639
62815
-18687
62801
-18735
62786
-18783
62772
-18832
62758
-18880
62743
-18928
62728
-18976
62714
-19024
62699
-19072
62685
-19120
62670
-19168
62655
-19216
62640
-19264
62626
-19312
62611
-19360
62596
-19408
62581
-19456
62566
-19504
62551
-19552
62536
-19600
62521
-19648
62506
-19696
62491
-19744
62476
-19792
62461
-19840
62445
-19888
62430
-19936
62415
-19984
62400
-20032
62384
-20080
62369
-20127
62353
-20175
62338
-20223
62322
-20271
62307
-20319
62291
-20366
62275
-20414
62260
-20462
62244
-20510
62228
-20557
62212
-20605
62197
-20653
62181
-20700
62165
-20748
62149
-20796
62133
-20844
62117
-20891
62101
-20939
62085
-20986
62069
-21034
62053
-21082
62036
-21129
62020
-21177
62004
-21224
61988
-21272
61971
-21320
61955
-21367
61938
-21414
61922
-21462
61906
-21510
61889
-21557
61872
-21604
61856
-21652
61839
-21699
61823
-21747
61806
-21794
61789
-21842
61772
-21889
61756
-21936
61739
-21984
61722
-22031
61705
-22078
61688
-22126
61671
-22173
61654
-22220
61637
-22268
61620
-22315
61603
-22362
61586
-22409
61568
-22456
61551
-22504
61534
-22551
61516
-22598
61499
-22645
61482
-22692
61464
-22740
61447
-22787
61429
-22834
61412
-22881
61394
-22928
61377
-22975
61359
-23022
61341
-23069
61324
-23116
61306
-23163
61288
-23210
61270
-23257
61252
-23304
61234
-23351
61217
-23398
61199
-23445
61181
-23492
61163
-23539
61144
-23586
61126
-23633
61108
-23680
61090
-23727
61072
-23774
61054
-23820
61035
-23867
61017
-23914
60999
-23961
60980
-24008
60962
-24054
60943
-24101
60925
-24148
60906
-24194
60888
-24241
60869
-24288
60850
-24335
60832
-24381
60813
-24428
60794
-24474
60776
-24521
60757
-24568
60738
-24614
60719
-24661
60700
-24708
60681
-24754
60662
-24801
60643
-24847
60624
-24894
60605
-24940
60586
-24987
60566
-25033
60547
-25080
60528
-25126
60509
-25172
60490
-25219
60470
-25265
60451
-25312
60431
-25358
60412
-25404
60392
-25450
60373
-25497
60353
-25543
60334
-25589
60314
-25636
60294
-25682
60274
-25728
60255
-25774
60235
-25821
60215
-25867
60195
-25913
60175
-25959
60156
-26005
60136
-26051
60116
-26098
60096
-26144
60075
-26190
60055
-26236
60035
-26282
60015
-26328
59995
-26374
59974
-26420
59954
-26466
59934
-26512
59914
-26558
59893
-26604
59873
-26650
59852
-26696
59832
-26742
59811
-26787
59791
-26833
59770
-26879
59750
-26925
59729
-26971
59708
-27017
59687
-27062
59667
-27108
59646
-27154
59625
-27200
59604
-27245
59583
-27291
59562
-27337
59541
-27382
59520
-27428
59499
-27474
59478
-27519
59457
-27565
59436
-27611
59415
-27656
59393
-27702
59372
-27747
59351
-27793
59330
-27838
59308
-27884
59287
-27929
59265
-27975
59244
-28020
59222
-28066
59201
-28111
59179
-28156
59158
-28202
59136
-28247
59114
-28292
59092
-28338
59071
-28383
59049
-28428
59027
-28474
59005
-28519
58983
-28564
58962
-28610
58940
-28655
58918
-28700
58896
-28745
58873
-28790
58851
-28835
58829
-28880
58807
-28926
58785
-28971
58762
-29016
58740
-29061
58718
-29106
58696
-29151
58673
-29196
58651
-29241
58628
-29286
58606
-29331
58583
-29376
58561
-29421
58538
-29466
58516
-29510
58493
-29555
58470
-29600
58448
-29645
58425
-29690
58402
-29735
58379
-29780
58356
-29824
58334
-29869
58311
-29914
58288
-29958
58265
-30003
58242
-30048
58218
-30092
58195
-30137
58172
-30182
58149
-30226
58126
-30271
58103
-30316
58079
-30360
58056
-30405
58033
-30449
58009
-30494
57986
-30538
57962
-30583
57939
-30627
57916
-30672
57892
-30716
57868
-30760
57845
-30805
57821
-30849
57798
-30893
57774
-30938
57750
-30982
57726
-31026
57702
-31071
57679
-31115
57655
-31159
57631
-31203
57607
-31248
57583
-31292
57559
-31336
57535
-31380
57511
-31424
57487
-31468
57462
-31512
57438
-31556
57414
-31600
57390
-31644
57366
-31688
57341
-31732
57317
-31776
57292
-31820
57268
-31864
57244
-31908
57219
-31952
57195
-31996
57170
-32040
57145
-32084
57121
-32127
57096
-32171
57072
-32215
57047
-32259
57022
-32302
56997
-32346
56972
-32390
56948
-32434
56923
-32477
56898
-32521
56873
-32565
56848
-32608
56823
-32652
56798
-32695
56772
-32739
56747
-32782
56722
-32826
56697
-32870
56672
-32913
56646
-32956
56621
-33000
56596
-33043
56571
-33087
56545
-33130
56520
-33173
56494
-33217
56469
-33260
56443
-33303
56418
-33347
56392
-33390
56366
-33433
56341
-33476
56315
-33520
56289
-33563
56264
-33606
56238
-33649
56212
-33692
56186
-33735
56160
-33778
56134
-33821
56108
-33864
56082
-33908
56056
-33950
56030
-33994
56004
-34036
55978
-34079
55952
-34122
55926
-34165
55900
-34208
55873
-34251
55847
-34294
55821
-34337
55794
-34380
55768
-34422
55742
-34465
55715
-34508
55689
-34550
55662
-34593
55636
-34636
55609
-34678
55582
-34721
55556
-34764
55529
-34806
55502
-34849
55476
-34892
55449
-34934
55422
-34977
55395
-35019
55368
-35062
55341
-35104
55314
-35146
55288
-35189
55260
-35231
55233
-35274
55206
-35316
55179
-35358
55152
-35401
55125
-35443
55098
-35485
55070
-35527
55043
-35570
55016
-35612
54989
-35654
54961
-35696
54934
-35738
54906
-35780
54879
-35823
54852
-35865
54824
-35907
54796
-35949
54769
-35991
54741
-36033
54714
-36075
54686
-36117
54658
-36159
54630
-36200
54603
-36242
54575
-36284
54547
-36326
54519
-36368
54491
-36410
54463
-36452
54435
-36493
54407
-36535
54379
-36577
54351
-36618
54323
-36660
54295
-36702
54267
-36744
54238
-36785
54210
-36827
54182
-36868
54154
-36910
54125
-36951
54097
-36993
54069
-37034
54040
-37076
54012
-37117
53983
-37159
53955
-37200
53926
-37241
53898
-37283
53869
-37324
53840
-37365
53812
-37407
53783
-37448
53754
-37489
53726
-37530
53697
-37572
53668
-37613
53639
-37654
53610
-37695
53581
-37736
53552
-37777
53523
-37818
53494
-37859
53465
-37900
53436
-37941
53407
-37982
53378
-38023
53349
-38064
53319
-38105
53290
-38146
53261
-38187
53232
-38228
53202
-38268
53173
-38309
53144
-38350
53114
-38391
53085
-38432
53055
-38472
53026
-38513
52996
-38554
52966
-38594
52937
-38635
52907
-38675
52878
-38716
52848
-38756
52818
-38797
52788
-38838
52758
-38878
52729
-38918
52699
-38959
52669
-38999
52639
-39040
52609
-39080
52579
-39120
52549
-39161
52519
-39201
52489
-39241
52459
-39282
52429
-39322
52398
-39362
52368
-39402
52338
-39442
52308
-39482
52277
-39522
52247
-39563
52217
-39603
52186
-39643
52156
-39683
52126
-39723
52095
-39763
52064
-39803
52034
-39842
52003
-39882
51973
-39922
51942
-39962
51911
-40002
51881
-40042
51850
-40082
51819
-40121
51788
-40161
51758
-40201
51727
-40240
51696
-40280
51665
-40320
51634
-40359
51603
-40399
51572
-40438
51541
-40478
51510
-40518
51479
-40557
51448
-40596
51417
-40636
51386
-40675
51354
-40715
51323
-40754
51292
-40794
51260
-40833
51229
-40872
51198
-40912
51166
-40951
51135
-40990
51104
-41029
51072
-41068
51040
-41108
51009
-41147
50977
-41186
50946
-41225
50914
-41264
50882
-41303
50851
-41342
50819
-41381
50787
-41420
50756
-41459
50724
-41498
50692
-41537
50660
-41576
50628
-41614
50596
-41653
50564
-41692
50532
-41731
50500
-41770
50468
-41808
50436
-41847
50404
-41886
50372
-41924
50340
-41963
50307
-42002
50275
-42040
50243
-42079
50211
-42117
50178
-42156
50146
-42194
50114
-42232
50081
-42271
50049
-42309
50016
-42348
49984
-42386
49951
-42424
49919
-42463
49886
-42501
49854
-42539
49821
-42578
49788
-42616
49756
-42654
49723
-42692
49690
-42730
49657
-42768
49624
-42806
49592
-42844
49559
-42882
49526
-42920
49493
-42958
49460
-42996
49427
-43034
49394
-43072
49361
-43110
49328
-43148
49295
-43186
49262
-43223
49228
-43261
49195
-43299
49162
-43337
49129
-43374
49095
-43412
49062
-43450
49029
-43487
48995
-43525
48962
-43562
48928
-43600
48895
-43638
48862
-43675
48828
-43712
48794
-43750
48761
-43787
48727
-43825
48694
-43862
48660
-43899
48626
-43937
48593
-43974
48559
-44011
48525
-44048
48491
-44086
48458
-44123
48424
-44160
48390
-44197
48356
-44234
48322
-44271
48288
-44308
48254
-44345
48220
-44382
48186
-44419
48152
-44456
48118
-44493
48084
-44530
48049
-44567
48015
-44604
47981
-44641
47947
-44677
47912
-44714
47878
-44751
47844
-44788
47809
-44824
47775
-44861
47741
-44898
47706
-44934
47672
-44971
47637
-45007
47603
-45044
47568
-45080
47534
-45117
47499
-45153
47464
-45190
47430
-45226
47395
-45262
47360
-45299
47325
-45335
47290
-45371
47256
-45408
47221
-45444
47186
-45480
47151
-45516
47116
-45552
47081
-45588
47046
-45625
47011
-45661
46976
-45697
46941
-45733
46906
-45769
46871
-45805
46836
-45841
46801
-45876
46765
-45912
46730
-45948
46695
-45984
46660
-46020
46624
-46056
46589
-46091
46554
-46127
46518
-46163
46483
-46198
46447
-46234
46412
-46270
46376
-46305
46341
-46341
46305
-46376
46270
-46412
46234
-46447
46198
-46483
46163
-46518
46127
-46554
46091
-46589
46056
-46624
46020
-46660
45984
-46695
45948
-46730
45912
-46765
45876
-46801
45841
-46836
45805
-46871
45769
-46906
45733
-46941
45697
-46976
45661
-47011
45625
-47046
45588
-47081
45552
-47116
45516
-47151
45480
-47186
45444
-47221
45408
-47256
45371
-47290
45335
-47325
45299
-47360
45262
-47395
45226
-47430
45190
-47464
45153
-47499
45117
-47534
45080
-47568
45044
-47603
45007
-47637
44971
-47672
44934
-47706
44898
-47741
44861
-47775
44824
-47809
44788
-47844
44751
-47878
44714
-47912
44677
-47947
44641
-47981
44604
-48015
44567
-48049
44530
-48084
44493
-48118
44456
-48152
44419
-48186
44382
-48220
44345
-48254
44308
-48288
44271
-48322
44234
-48356
44197
-48390
44160
-48424
44123
-48458
44086
-48491
44048
-48525
44011
-48559
43974
-48593
43937
-48626
43899
-48660
43862
-48694
43825
-48727
43787
-48761
43750
-48794
43712
-48828
43675
-48862
43638
-48895
43600
-48928
43562
-48962
43525
-48995
43487
-49029
43450
-49062
43412
-49095
43374
-49129
43337
-49162
43299
-49195
43261
-49228
43223
-49262
43186
-49295
43148
-49328
43110
-49361
43072
-49394
43034
-49427
42996
-49460
42958
-49493
42920
-49526
42882
-49559
42844
-49592
42806
-49624
42768
-49657
42730
-49690
42692
-49723
42654
-49756
42616
-49788
42578
-49821
42539
-49854
42501
-49886
42463
-49919
42424
-49951
42386
-49984
42348
-50016
42309
-50049
42271
-50081
42232
-50114
42194
-50146
42156
-50178
42117
-50211
42079
-50243
42040
-50275
42002
-50307
41963
-50340
41924
-50372
41886
-50404
41847
-50436
41808
-50468
41770
-50500
41731
-50532
41692
-50564
41653
-50596
41614
-50628
41576
-50660
41537
-50692
41498
-50724
41459
-50756
41420
-50787
41381
-50819
41342
-50851
41303
-50882
41264
-50914
41225
-50946
41186
-50977
41147
-51009
41108
-51040
41068
-51072
41029
-51104
40990
-51135
40951
-51166
40912
-51198
40872
-51229
40833
-51260
40794
-51292
40754
-51323
40715
-51354
40675
-51386
40636
-51417
40596
-51448
40557
-51479
40518
-51510
40478
-51541
40438
-51572
40399
-51603
40359
-51634
40320
-51665
40280
-51696
40240
-51727
40201
-51758
40161
-51788
40121
-51819
40082
-51850
40042
-51881
40002
-51911
39962
-51942
39922
-51973
39882
-52003
39842
-52034
39803
-52064
39763
-52095
39723
-52126
39683
-52156
39643
-52186
39603
-52217
39563
-52247
39522
-52277
39482
-52308
39442
-52338
39402
-52368
39362
-52398
39322
-52429
39282
-52459
39241
-52489
39201
-52519
39161
-52549
39120
-52579
39080
-52609
39040
-52639
38999
-52669
38959
-52699
38918
-52729
38878
-52758
38838
-52788
38797
-52818
38756
-52848
38716
-52878
38675
-52907
38635
-52937
38594
-52966
38554
-52996
38513
-53026
38472
-53055
38432
-53085
38391
-53114
38350
-53144
38309
-53173
38268
-53202
38228
-53232
38187
-53261
38146
-53290
38105
-53319
38064
-53349
38023
-53378
37982
-53407
37941
-53436
37900
-53465
37859
-53494
37818
-53523
37777
-53552
37736
-53581
37695
-53610
37654
-53639
37613
-53668
37572
-53697
37530
-53726
37489
-53754
37448
-53783
37407
-53812
37365
-53840
37324
-53869
37283
-53898
37241
-53926
37200
-53955
37159
-53983
37117
-54012
37076
-54040
37034
-54069
36993
-54097
36951
-54125
36910
-54154
36868
-54182
36827
-54210
36785
-54238
36744
-54267
36702
-54295
36660
-54323
36618
-54351
36577
-54379
36535
-54407
36493
-54435
36452
-54463
36410
-54491
36368
-54519
36326
-54547
36284
-54575
36242
-54603
36200
-54630
36159
-54658
36117
-54686
36075
-54714
36033
-54741
35991
-54769
35949
-54796
35907
-54824
35865
-54852
35823
-54879
35780
-54906
35738
-54934
35696
-54961
35654
-54989
35612
-55016
35570
-55043
35527
-55070
35485
-55098
35443
-55125
35401
-55152
35358
-55179
35316
-55206
35274
-55233
35231
-55260
35189
-55288
35146
-55314
35104
-55341
35062
-55368
35019
-55395
34977
-55422
34934
-55449
34892
-55476
34849
-55502
34806
-55529
34764
-55556
34721
-55582
34678
-55609
34636
-55636
34593
-55662
34550
-55689
34508
-55715
34465
-55742
34422
-55768
34380
-55794
34337
-55821
34294
-55847
34251
-55873
34208
-55900
34165
-55926
34122
-55952
34079
-55978
34036
-56004
33994
-56030
33950
-56056
33908
-56082
33864
-56108
33821
-56134
33778
-56160
33735
-56186
33692
-56212
33649
-56238
33606
-56264
33563
-56289
33520
-56315
33476
-56341
33433
-56366
33390
-56392
33347
-56418
33303
-56443
33260
-56469
33217
-56494
33173
-56520
33130
-56545
33087
-56571
33043
-56596
33000
-56621
32956
-56646
32913
-56672
32870
-56697
32826
-56722
32782
-56747
32739
-56772
32695
-56798
32652
-56823
32608
-56848
32565
-56873
32521
-56898
32477
-56923
32434
-56948
32390
-56972
32346
-56997
32302
-57022
32259
-57047
32215
-57072
32171
-57096
32127
-57121
32084
-57145
32040
-57170
31996
-57195
31952
-57219
31908
-57244
31864
-57268
31820
-57292
31776
-57317
31732
-57341
31688
-57366
31644
-57390
31600
-57414
31556
-57438
31512
-57462
31468
-57487
31424
-57511
31380
-57535
31336
-57559
31292
-57583
31248
-57607
31203
-57631
31159
-57655
31115
-57679
31071
-57702
31026
-57726
30982
-57750
30938
-57774
30893
-57798
30849
-57821
30805
-57845
30760
-57868
30716
-57892
30672
-57916
30627
-57939
30583
-57962
30538
-57986
30494
-58009
30449
-58033
30405
-58056
30360
-58079
30316
-58103
30271
-58126
30226
-58149
30182
-58172
30137
-58195
30092
-58218
30048
-58242
30003
-58265
29958
-58288
29914
-58311
29869
-58334
29824
-58356
29780
-58379
29735
-58402
29690
-58425
29645
-58448
29600
-58470
29555
-58493
29510
-58516
29466
-58538
29421
-58561
29376
-58583
29331
-58606
29286
-58628
29241
-58651
29196
-58673
29151
-58696
29106
-58718
29061
-58740
29016
-58762
28971
-58785
28926
-58807
28880
-58829
28835
-58851
28790
-58873
28745
-58896
28700
-58918
28655
-58940
28610
-58962
28564
-58983
28519
-59005
28474
-59027
28428
-59049
28383
-59071
28338
-59092
28292
-59114
28247
-59136
28202
-59158
28156
-59179
28111
-59201
28066
-59222
28020
-59244
27975
-59265
27929
-59287
27884
-59308
27838
-59330
27793
-59351
27747
-59372
27702
-59393
27656
-59415
27611
-59436
27565
-59457
27519
-59478
27474
-59499
27428
-59520
27382
-59541
27337
-59562
27291
-59583
27245
-59604
27200
-59625
27154
-59646
27108
-59667
27062
-59687
27017
-59708
26971
-59729
26925
-59750
26879
-59770
26833
-59791
26787
-59811
26742
-59832
26696
-59852
26650
-59873
26604
-59893
26558
-59914
26512
-59934
26466
-59954
26420
-59974
26374
-59995
26328
-60015
26282
-60035
26236
-60055
26190
-60075
26144
-60096
26098
-60116
26051
-60136
26005
-60156
25959
-60175
25913
-60195
25867
-60215
25821
-60235
25774
-60255
25728
-60274
25682
-60294
25636
-60314
25589
-60334
25543
-60353
25497
-60373
25450
-60392
25404
-60412
25358
-60431
25312
-60451
25265
-60470
25219
-60490
25172
-60509
25126
-60528
25080
-60547
25033
-60566
24987
-60586
24940
-60605
24894
-60624
24847
-60643
24801
-60662
24754
-60681
24708
-60700
24661
-60719
24614
-60738
24568
-60757
24521
-60776
24474
-60794
24428
-60813
24381
-60832
24335
-60850
24288
-60869
24241
-60888
24194
-60906
24148
-60925
24101
-60943
24054
-60962
24008
-60980
23961
-60999
23914
-61017
23867
-61035
23820
-61054
23774
-61072
23727
-61090
23680
-61108
23633
-61126
23586
-61144
23539
-61163
23492
-61181
23445
-61199
23398
-61217
23351
-61234
23304
-61252
23257
-61270
23210
-61288
23163
-61306
23116
-61324
23069
-61341
23022
-61359
22975
-61377
22928
-61394
22881
-61412
22834
-61429
22787
-61447
22740
-61464
22692
-61482
22645
-61499
22598
-61516
22551
-61534
22504
-61551
22456
-61568
22409
-61586
22362
-61603
22315
-61620
22268
-61637
22220
-61654
22173
-61671
22126
-61688
22078
-61705
22031
-61722
21984
-61739
21936
-61756
21889
-61772
21842
-61789
21794
-61806
21747
-61823
21699
-61839
21652
-61856
21604
-61872
21557
-61889
21510
-61906
21462
-61922
21414
-61938
21367
-61955
21320
-61971
21272
-61988
21224
-62004
21177
-62020
21129
-62036
21082
-62053
21034
-62069
20986
-62085
20939
-62101
20891
-62117
20844
-62133
20796
-62149
20748
-62165
20700
-62181
20653
-62197
20605
-62212
20557
-62228
20510
-62244
20462
-62260
20414
-62275
20366
-62291
20319
-62307
20271
-62322
20223
-62338
20175
-62353
20127
-62369
20080
-62384
20032
-62400
19984
-62415
19936
-62430
19888
-62445
19840
-62461
19792
-62476
19744
-62491
19696
-62506
19648
-62521
19600
-62536
19552
-62551
19504
-62566
19456
-62581
19408
-62596
19360
-62611
19312
-62626
19264
-62640
19216
-62655
19168
-62670
19120
-62685
19072
-62699
19024
-62714
18976
-62728
18928
-62743
18880
-62758
18832
-62772
18783
-62786
18735
-62801
18687
-62815
18639
-62830
18591
-62844
18542
-62858
18494
-62872
18446
-62886
18398
-62900
18350
-62915
18301
-62929
18253
-62943
18205
-62957
18156
-62971
18108
-62984
18060
-62998
18012
-63012
17963
-63026
17915
-63040
17866
-63054
17818
-63067
17770
-63081
17721
-63094
17673
-63108
17624
-63122
17576
-63135
17528
-63148
17479
-63162
17431
-63175
17382
-63189
17334
-63202
17285
-63215
17237
-63228
17188
-63242
17140
-63255
17091
-63268
17043
-63281
16994
-63294
16946
-63307
16897
-63320
16849
-63333
16800
-63346
16751
-63359
16703
-63372
16654
-63384
16606
-63397
16557
-63410
16508
-63423
16460
-63435
16411
-63448
16362
-63460
16314
-63473
16265
-63486
16216
-63498
16168
-63510
16119
-63523
16070
-63535
16021
-63547
15973
-63560
15924
-63572
15875
-63584
15826
-63596
15778
-63608
15729
-63620
15680
-63632
15631
-63644
15582
-63656
15534
-63668
15485
-63680
15436
-63692
15387
-63704
15338
-63716
15289
-63728
15240
-63739
15192
-63751
15142
-63762
15094
-63774
15045
-63786
14996
-63797
14947
-63809
14898
-63820
14849
-63832
14800
-63843
14751
-63854
14702
-63866
14653
-63877
14604
-63888
14555
-63899
14506
-63910
14457
-63922
14408
-63932
14359
-63944
14310
-63954
14261
-63966
14212
-63976
14163
-63987
14114
-63998
14064
-64009
14016
-64020
13966
-64030
13917
-64041
13868
-64052
13819
-64062
13770
-64073
13721
-64084
13672
-64094
13622
-64104
13573
-64115
13524
-64125
13475
-64136
13426
-64146
13376
-64156
13327
-64166
13278
-64177
13229
-64187
13180
-64197
13130
-64207
13081
-64217
13032
-64227
12982
-64237
12933
-64247
12884
-64257
12835
-64267
12785
-64277
12736
-64286
12687
-64296
12638
-64306
12588
-64316
12539
-64325
12490
-64335
12440
-64344
12391
-64354
12341
-64363
12292
-64373
12243
-64382
12193
-64392
12144
-64401
12094
-64410
12045
-64420
11996
-64429
11946
-64438
11897
-64447
11847
-64456
11798
-64465
11748
-64474
11699
-64483
11650
-64492
11600
-64501
11551
-64510
11501
-64519
11452
-64528
11402
-64536
11353
-64545
11303
-64554
11254
-64562
11204
-64571
11155
-64580
11105
-64588
11056
-64597
11006
-64605
10956
-64614
10907
-64622
10857
-64630
10808
-64639
10758
-64647
10708
-64655
10659
-64663
10609
-64672
10560
-64680
10510
-64688
10460
-64696
10411
-64704
10361
-64712
10312
-64720
10262
-64728
10212
-64735
10163
-64743
10113
-64751
10063
-64759
10014
-64766
9964
-64774
9914
-64782
9865
-64789
9815
-64797
9765
-64804
9716
-64812
9666
-64819
9616
-64827
9566
-64834
9517
-64841
9467
-64849
9417
-64856
9367
-64863
9318
-64870
9268
-64877
9218
-64884
9168
-64892
9119
-64898
9069
-64905
9019
-64912
8969
-64919
8919
-64926
8870
-64933
8820
-64940
8770
-64946
8720
-64953
8670
-64960
8620
-64966
8571
-64973
8521
-64980
8471
-64986
8421
-64993
8371
-64999
8322
-65006
8272
-65012
8222
-65018
8172
-65024
8122
-65031
8072
-65037
8022
-65043
7972
-65049
7922
-65055
7872
-65061
7823
-65067
7773
-65073
7723
-65079
7673
-65085
7623
-65091
7573
-65097
7523
-65103
7473
-65108
7423
-65114
7373
-65120
7323
-65126
7273
-65131
7224
-65137
7174
-65142
7124
-65148
7074
-65153
7024
-65158
6974
-65164
6924
-65169
6874
-65174
6824
-65180
6774
-65185
6724
-65190
6674
-65195
6624
-65200
6574
-65205
6524
-65210
6474
-65215
6424
-65220
6374
-65225
6324
-65230
6274
-65235
6224
-65240
6173
-65244
6123
-65249
6073
-65254
6023
-65258
5973
-65263
5923
-65268
5873
-65272
5823
-65277
5773
-65281
5723
-65286
5673
-65290
5623
-65294
5573
-65299
5523
-65303
5472
-65307
5422
-65311
5372
-65315
5322
-65320
5272
-65324
5222
-65328
5172
-65332
5122
-65336
5072
-65339
5022
-65343
4972
-65347
4921
-65351
4871
-65355
4821
-65358
4771
-65362
4721
-65366
4671
-65369
4620
-65373
4570
-65376
4520
-65380
4470
-65383
4420
-65387
4370
-65390
4320
-65393
4270
-65397
4219
-65400
4169
-65403
4119
-65406
4069
-65410
4019
-65413
3968
-65416
3918
-65419
3868
-65422
3818
-65425
3768
-65428
3718
-65430
3667
-65433
3617
-65436
3567
-65439
3517
-65442
3467
-65444
3416
-65447
3366
-65449
3316
-65452
3266
-65454
3216
-65457
3165
-65460
3115
-65462
3065
-65464
3015
-65466
2965
-65469
2914
-65471
2864
-65473
2814
-65476
2764
-65478
2714
-65480
2663
-65482
2613
-65484
2563
-65486
2513
-65488
2462
-65490
2412
-65492
2362
-65493
2312
-65495
2261
-65497
2211
-65499
2161
-65500
2111
-65502
2060
-65504
2010
-65505
1960
-65507
1910
-65508
1860
-65510
1809
-65511
1759
-65512
1709
-65514
1658
-65515
1608
-65516
1558
-65517
1508
-65519
1458
-65520
1407
-65521
1357
-65522
1307
-65523
1256
-65524
1206
-65525
1156
-65526
1106
-65527
1056
-65527
1005
-65528
955
-65529
905
-65530
854
-65530
804
-65531
754
-65532
704
-65532
653
-65533
603
-65533
553
-65534
503
-65534
452
-65534
402
-65535
352
-65535
302
-65535
251
-65536
201
-65536
151
-65536
100
-65536
50
-65536
0
-65536
-50
-65536
-100
-65536
-151
-65536
-201
-65536
-251
-65536
-302
-65535
-352
-65535
-402
-65535
-452
-65534
-503
-65534
-553
-65534
-603
-65533
-653
-65533
-704
-65532
-754
-65532
-804
-65531
-854
-65530
-905
-65530
-955
-65529
-1005
-65528
-1056
-65527
-1106
-65527
-1156
-65526
-1206
-65525
-1256
-65524
-1307
-65523
-1357
-65522
-1407
-65521
-1458
-65520
-1508
-65519
-1558
-65517
-1608
-65516
-1658
-65515
-1709
-65514
-1759
-65512
-1809
-65511
-1860
-65510
-1910
-65508
-1960
-65507
-2010
-65505
-2060
-65504
-2111
-65502
-2161
-65500
-2211
-65499
-2261
-65497
-2312
-65495
-2362
-65493
-2412
-65492
-2462
-65490
-2513
-65488
-2563
-65486
-2613
-65484
-2663
-65482
-2714
-65480
-2764
-65478
-2814
-65476
-2864
-65473
-2914
-65471
-2965
-65469
-3015
-65466
-3065
-65464
-3115
-65462
-3165
-65460
-3216
-65457
-3266
-65454
-3316
-65452
-3366
-65449
-3416
-65447
-3467
-65444
-3517
-65442
-3567
-65439
-3617
-65436
-3667
-65433
-3718
-65430
-3768
-65428
-3818
-65425
-3868
-65422
-3918
-65419
-3968
-65416
-4019
-65413
-4069
-65410
-4119
-65406
-4169
-65403
-4219
-65400
-4270
-65397
-4320
-65393
-4370
-65390
-4420
-65387
-4470
-65383
-4520
-65380
-4570
-65376
-4620
-65373
-4671
-65369
-4721
-65366
-4771
-65362
-4821
-65358
-4871
-65355
-4921
-65351
-4972
-65347
-5022
-65343
-5072
-65339
-5122
-65336
-5172
-65332
-5222
-65328
-5272
-65324
-5322
-65320
-5372
-65315
-5422
-65311
-5472
-65307
-5523
-65303
-5573
-65299
-5623
-65294
-5673
-65290
-5723
-65286
-5773
-65281
-5823
-65277
-5873
-65272
-5923
-65268
-5973
-65263
-6023
-65258
-6073
-65254
-6123
-65249
-6173
-65244
-6224
-65240
-6274
-65235
-6324
-65230
-6374
-65225
-6424
-65220
-6474
-65215
-6524
-65210
-6574
-65205
-6624
-65200
-6674
-65195
-6724
-65190
-6774
-65185
-6824
-65180
-6874
-65174
-6924
-65169
-6974
-65164
-7024
-65158
-7074
-65153
-7124
-65148
-7174
-65142
-7224
-65137
-7273
-65131
-7323
-65126
-7373
-65120
-7423
-65114
-7473
-65108
-7523
-65103
-7573
-65097
-7623
-65091
-7673
-65085
-7723
-65079
-7773
-65073
-7823
-65067
-7872
-65061
-7922
-65055
-7972
-65049
-8022
-65043
-8072
-65037
-8122
-65031
-8172
-65024
-8222
-65018
-8272
-65012
-8322
-65006
-8371
-64999
-8421
-64993
-8471
-64986
-8521
-64980
-8571
-64973
-8620
-64966
-8670
-64960
-8720
-64953
-8770
-64946
-8820
-64940
-8870
-64933
-8919
-64926
-8969
-64919
-9019
-64912
-9069
-64905
-9119
-64898
-9168
-64892
-9218
-64884
-9268
-64877
-9318
-64870
-9367
-64863
-9417
-64856
-9467
-64849
-9517
-64841
-9566
-64834
-9616
-64827
-9666
-64819
-9716
-64812
-9765
-64804
-9815
-64797
-9865
-64789
-9914
-64782
-9964
-64774
-10014
-64766
-10063
-64759
-10113
-64751
-10163
-64743
-10212
-64735
-10262
-64728
-10312
-64720
-10361
-64712
-10411
-64704
-10460
-64696
-10510
-64688
-10560
-64680
-10609
-64672
-10659
-64663
-10708
-64655
-10758
-64647
-10808
-64639
-10857
-64630
-10907
-64622
-10956
-64614
-11006
-64605
-11056
-64597
-11105
-64588
-11155
-64580
-11204
-64571
-11254
-64562
-11303
-64554
-11353
-64545
-11402
-64536
-11452
-64528
-11501
-64519
-11551
-64510
-11600
-64501
-11650
-64492
-11699
-64483
-11748
-64474
-11798
-64465
-11847
-64456
-11897
-64447
-11946
-64438
-11996
-64429
-12045
-64420
-12094
-64410
-12144
-64401
-12193
-64392
-12243
-64382
-12292
-64373
-12341
-64363
-12391
-64354
-12440
-64344
-12490
-64335
-12539
-64325
-12588
-64316
-12638
-64306
-12687
-64296
-12736
-64286
-12785
-64277
-12835
-64267
-12884
-64257
-12933
-64247
-12982
-64237
-13032
-64227
-13081
-64217
-13130
-64207
-13180
-64197
-13229
-64187
-13278
-64177
-13327
-64166
-13376
-64156
-13426
-64146
-13475
-64136
-13524
-64125
-13573
-64115
-13622
-64104
-13672
-64094
-13721
-64084
-13770
-64073
-13819
-64062
-13868
-64052
-13917
-64041
-13966
-64030
-14016
-64020
-14064
-64009
-14114
-63998
-14163
-63987
-14212
-63976
-14261
-63966
-14310
-63954
-14359
-63944
-14408
-63932
-14457
-63922
-14506
-63910
-14555
-63899
-14604
-63888
-14653
-63877
-14702
-63866
-14751
-63854
-14800
-63843
-14849
-63832
-14898
-63820
-14947
-63809
-14996
-63797
-15045
-63786
-15094
-63774
-15142
-63762
-15192
-63751
-15240
-63739
-15289
-63728
-15338
-63716
-15387
-63704
-15436
-63692
-15485
-63680
-15534
-63668
-15582
-63656
-15631
-63644
-15680
-63632
-15729
-63620
-15778
-63608
-15826
-63596
-15875
-63584
-15924
-63572
-15973
-63560
-16021
-63547
-16070
-63535
-16119
-63523
-16168
-63510
-16216
-63498
-16265
-63486
-16314
-63473
-16362
-63460
-16411
-63448
-16460
-63435
-16508
-63423
-16557
-63410
-16606
-63397
-16654
-63384
-16703
-63372
-16751
-63359
-16800
-63346
-16849
-63333
-16897
-63320
-16946
-63307
-16994
-63294
-17043
-63281
-17091
-63268
-17140
-63255
-17188
-63242
-17237
-63228
-17285
-63215
-17334
-63202
-17382
-63189
-17431
-63175
-17479
-63162
-17528
-63148
-17576
-63135
-17624
-63122
-17673
-63108
-17721
-63094
-17770
-63081
-17818
-63067
-17866
-63054
-17915
-63040
-17963
-63026
-18012
-63012
-18060
-62998
-18108
-62984
-18156
-62971
-18205
-62957
-18253
-62943
-18301
-62929
-18350
-62915
-18398
-62900
-18446
-62886
-18494
-62872
-18542
-62858
-18591
-62844
-18639
-62830
-18687
-62815
-18735
-62801
-18783
-62786
-18832
-62772
-18880
-62758
-18928
-62743
-18976
-62728
-19024
-62714
-19072
-62699
-19120
-62685
-19168
-62670
-19216
-62655
-19264
-62640
-19312
-62626
-19360
-62611
-19408
-62596
-19456
-62581
-19504
-62566
-19552
-62551
-19600
-62536
-19648
-62521
-19696
-62506
-19744
-62491
-19792
-62476
-19840
-62461
-19888
-62445
-19936
-62430
-19984
-62415
-20032
-62400
-20080
-62384
-20127
-62369
-20175
-62353
-20223
-62338
-20271
-62322
-20319
-62307
-20366
-62291
-20414
-62275
-20462
-62260
-20510
-62244
-20557
-62228
-20605
-62212
-20653
-62197
-20700
-62181
-20748
-62165
-20796
-62149
-20844
-62133
-20891
-62117
-20939
-62101
-20986
-62085
-21034
-62069
-21082
-62053
-21129
-62036
-21177
-62020
-21224
-62004
-21272
-61988
-21320
-61971
-21367
-61955
-21414
-61938
-21462
-61922
-21510
-61906
-21557
-61889
-21604
-61872
-21652
-61856
-21699
-61839
-21747
-61823
-21794
-61806
-21842
-61789
-21889
-61772
-21936
-61756
-21984
-61739
-22031
-61722
-22078
-61705
-22126
-61688
-22173
-61671
-22220
-61654
-22268
-61637
-22315
-61620
-22362
-61603
-22409
-61586
-22456
-61568
-22504
-61551
-22551
-61534
-22598
-61516
-22645
-61499
-22692
-61482
-22740
-61464
-22787
-61447
-22834
-61429
-22881
-61412
-22928
-61394
-22975
-61377
-23022
-61359
-23069
-61341
-23116
-61324
-23163
-61306
-23210
-61288
-23257
-61270
-23304
-61252
-23351
-61234
-23398
-61217
-23445
-61199
-23492
-61181
-23539
-61163
-23586
-61144
-23633
-61126
-23680
-61108
-23727
-61090
-23774
-61072
-23820
-61054
-23867
-61035
-23914
-61017
-23961
-60999
-24008
-60980
-24054
-60962
-24101
-60943
-24148
-60925
-24194
-60906
-24241
-60888
-24288
-60869
-24335
-60850
-24381
-60832
-24428
-60813
-24474
-60794
-24521
-60776
-24568
-60757
-24614
-60738
-24661
-60719
-24708
-60700
-24754
-60681
-24801
-60662
-24847
-60643
-24894
-60624
-24940
-60605
-24987
-60586
-25033
-60566
-25080
-60547
-25126
-60528
-25172
-60509
-25219
-60490
-25265
-60470
-25312
-60451
-25358
-60431
-25404
-60412
-25450
-60392
-25497
-60373
-25543
-60353
-25589
-60334
-25636
-60314
-25682
-60294
-25728
-60274
-25774
-60255
-25821
-60235
-25867
-60215
-25913
-60195
-25959
-60175
-26005
-60156
-26051
-60136
-26098
-60116
-26144
-60096
-26190
-60075
-26236
-60055
-26282
-60035
-26328
-60015
-26374
-59995
-26420
-59974
-26466
-59954
-26512
-59934
-26558
-59914
-26604
-59893
-26650
-59873
-26696
-59852
-26742
-59832
-26787
-59811
-26833
-59791
-26879
-59770
-26925
-59750
-26971
-59729
-27017
-59708
-27062
-59687
-27108
-59667
-27154
-59646
-27200
-59625
-27245
-59604
-27291
-59583
-27337
-59562
-27382
-59541
-27428
-59520
-27474
-59499
-27519
-59478
-27565
-59457
-27611
-59436
-27656
-59415
-27702
-59393
-27747
-59372
-27793
-59351
-27838
-59330
-27884
-59308
-27929
-59287
-27975
-59265
-28020
-59244
-28066
-59222
-28111
-59201
-28156
-59179
-28202
-59158
-28247
-59136
-28292
-59114
-28338
-59092
-28383
-59071
-28428
-59049
-28474
-59027
-28519
-59005
-28564
-58983
-28610
-58962
-28655
-58940
-28700
-58918
-28745
-58896
-28790
-58873
-28835
-58851
-28880
-58829
-28926
-58807
-28971
-58785
-29016
-58762
-29061
-58740
-29106
-58718
-29151
-58696
-29196
-58673
-29241
-58651
-29286
-58628
-29331
-58606
-29376
-58583
-29421
-58561
-29466
-58538
-29510
-58516
-29555
-58493
-29600
-58470
-29645
-58448
-29690
-58425
-29735
-58402
-29780
-58379
-29824
-58356
-29869
-58334
-29914
-58311
-29958
-58288
-30003
-58265
-30048
-58242
-30092
-58218
-30137
-58195
-30182
-58172
-30226
-58149
-30271
-58126
-30316
-58103
-30360
-58079
-30405
-58056
-30449
-58033
-30494
-58009
-30538
-57986
-30583
-57962
-30627
-57939
-30672
-57916
-30716
-57892
-30760
-57868
-30805
-57845
-30849
-57821
-30893
-57798
-30938
-57774
-30982
-57750
-31026
-57726
-31071
-57702
-31115
-57679
-31159
-57655
-31203
-57631
-31248
-57607
-31292
-57583
-31336
-57559
-31380
-57535
-31424
-57511
-31468
-57487
-31512
-57462
-31556
-57438
-31600
-57414
-31644
-57390
-31688
-57366
-31732
-57341
-31776
-57317
-31820
-57292
-31864
-57268
-31908
-57244
-31952
-57219
-31996
-57195
-32040
-57170
-32084
-57145
-32127
-57121
-32171
-57096
-32215
-57072
-32259
-57047
-32302
-57022
-32346
-56997
-32390
-56972
-32434
-56948
-32477
-56923
-32521
-56898
-32565
-56873
-32608
-56848
-32652
-56823
-32695
-56798
-32739
-56772
-32782
-56747
-32826
-56722
-32870
-56697
-32913
-56672
-32956
-56646
-33000
-56621
-33043
-56596
-33087
-56571
-33130
-56545
-33173
-56520
-33217
-56494
-33260
-56469
-33303
-56443
-33347
-56418
-33390
-56392
-33433
-56366
-33476
-56341
-33520
-56315
-33563
-56289
-33606
-56264
-33649
-56238
-33692
-56212
-33735
-56186
-33778
-56160
-33821
-56134
-33864
-56108
-33908
-56082
-33950
-56056
-33994
-56030
-34036
-56004
-34079
-55978
-34122
-55952
-34165
-55926
-34208
-55900
-34251
-55873
-34294
-55847
-34337
-55821
-34380
-55794
-34422
-55768
-34465
-55742
-34508
-55715
-34550
-55689
-34593
-55662
-34636
-55636
-34678
-55609
-34721
-55582
-34764
-55556
-34806
-55529
-34849
-55502
-34892
-55476
-34934
-55449
-34977
-55422
-35019
-55395
-35062
-55368
-35104
-55341
-35146
-55314
-35189
-55288
-35231
-55260
-35274
-55233
-35316
-55206
-35358
-55179
-35401
-55152
-35443
-55125
-35485
-55098
-35527
-55070
-35570
-55043
-35612
-55016
-35654
-54989
-35696
-54961
-35738
-54934
-35780
-54906
-35823
-54879
-35865
-54852
-35907
-54824
-35949
-54796
-35991
-54769
-36033
-54741
-36075
-54714
-36117
-54686
-36159
-54658
-36200
-54630
-36242
-54603
-36284
-54575
-36326
-54547
-36368
-54519
-36410
-54491
-36452
-54463
-36493
-54435
-36535
-54407
-36577
-54379
-36618
-54351
-36660
-54323
-36702
-54295
-36744
-54267
-36785
-54238
-36827
-54210
-36868
-54182
-36910
-54154
-36951
-54125
-36993
-54097
-37034
-54069
-37076
-54040
-37117
-54012
-37159
-53983
-37200
-53955
-37241
-53926
-37283
-53898
-37324
-53869
-37365
-53840
-37407
-53812
-37448
-53783
-37489
-53754
-37530
-53726
-37572
-53697
-37613
-53668
-37654
-53639
-37695
-53610
-37736
-53581
-37777
-53552
-37818
-53523
-37859
-53494
-37900
-53465
-37941
-53436
-37982
-53407
-38023
-53378
-38064
-53349
-38105
-53319
-38146
-53290
-38187
-53261
-38228
-53232
-38268
-53202
-38309
-53173
-38350
-53144
-38391
-53114
-38432
-53085
-38472
-53055
-38513
-53026
-38554
-52996
-38594
-52966
-38635
-52937
-38675
-52907
-38716
-52878
-38756
-52848
-38797
-52818
-38838
-52788
-38878
-52758
-38918
-52729
-38959
-52699
-38999
-52669
-39040
-52639
-39080
-52609
-39120
-52579
-39161
-52549
-39201
-52519
-39241
-52489
-39282
-52459
-39322
-52429
-39362
-52398
-39402
-52368
-39442
-52338
-39482
-52308
-39522
-52277
-39563
-52247
-39603
-52217
-39643
-52186
-39683
-52156
-39723
-52126
-39763
-52095
-39803
-52064
-39842
-52034
-39882
-52003
-39922
-51973
-39962
-51942
-40002
-51911
-40042
-51881
-40082
-51850
-40121
-51819
-40161
-51788
-40201
-51758
-40240
-51727
-40280
-51696
-40320
-51665
-40359
-51634
-40399
-51603
-40438
-51572
-40478
-51541
-40518
-51510
-40557
-51479
-40596
-51448
-40636
-51417
-40675
-51386
-40715
-51354
-40754
-51323
-40794
-51292
-40833
-51260
-40872
-51229
-40912
-51198
-40951
-51166
-40990
-51135
-41029
-51104
-41068
-51072
-41108
-51040
-41147
-51009
-41186
-50977
-41225
-50946
-41264
-50914
-41303
-50882
-41342
-50851
-41381
-50819
-41420
-50787
-41459
-50756
-41498
-50724
-41537
-50692
-41576
-50660
-41614
-50628
-41653
-50596
-41692
-50564
-41731
-50532
-41770
-50500
-41808
-50468
-41847
-50436
-41886
-50404
-41924
-50372
-41963
-50340
-42002
-50307
-42040
-50275
-42079
-50243
-42117
-50211
-42156
-50178
-42194
-50146
-42232
-50114
-42271
-50081
-42309
-50049
-42348
-50016
-42386
-49984
-42424
-49951
-42463
-49919
-42501
-49886
-42539
-49854
-42578
-49821
-42616
-49788
-42654
-49756
-42692
-49723
-42730
-49690
-42768
-49657
-42806
-49624
-42844
-49592
-42882
-49559
-42920
-49526
-42958
-49493
-42996
-49460
-43034
-49427
-43072
-49394
-43110
-49361
-43148
-49328
-43186
-49295
-43223
-49262
-43261
-49228
-43299
-49195
-43337
-49162
-43374
-49129
-43412
-49095
-43450
-49062
-43487
-49029
-43525
-48995
-43562
-48962
-43600
-48928
-43638
-48895
-43675
-48862
-43712
-48828
-43750
-48794
-43787
-48761
-43825
-48727
-43862
-48694
-43899
-48660
-43937
-48626
-43974
-48593
-44011
-48559
-44048
-48525
-44086
-48491
-44123
-48458
-44160
-48424
-44197
-48390
-44234
-48356
-44271
-48322
-44308
-48288
-44345
-48254
-44382
-48220
-44419
-48186
-44456
-48152
-44493
-48118
-44530
-48084
-44567
-48049
-44604
-48015
-44641
-47981
-44677
-47947
-44714
-47912
-44751
-47878
-44788
-47844
-44824
-47809
-44861
-47775
-44898
-47741
-44934
-47706
-44971
-47672
-45007
-47637
-45044
-47603
-45080
-47568
-45117
-47534
-45153
-47499
-45190
-47464
-45226
-47430
-45262
-47395
-45299
-47360
-45335
-47325
-45371
-47290
-45408
-47256
-45444
-47221
-45480
-47186
-45516
-47151
-45552
-47116
-45588
-47081
-45625
-47046
-45661
-47011
-45697
-46976
-45733
-46941
-45769
-46906
-45805
-46871
-45841
-46836
-45876
-46801
-45912
-46765
-45948
-46730
-45984
-46695
-46020
-46660
-46056
-46624
-46091
-46589
-46127
-46554
-46163
-46518
-46198
-46483
-46234
-46447
-46270
-46412
-46305
-46376
-46341
-46341
-46376
-46305
-46412
-46270
-46447
-46234
-46483
-46198
-46518
-46163
-46554
-46127
-46589
-46091
-46624
-46056
-46660
-46020
-46695
-45984
-46730
-45948
-46765
-45912
-46801
-45876
-46836
-45841
-46871
-45805
-46906
-45769
-46941
-45733
-46976
-45697
-47011
-45661
-47046
-45625
-47081
-45588
-47116
-45552
-47151
-45516
-47186
-45480
-47221
-45444
-47256
-45408
-47290
-45371
-47325
-45335
-47360
-45299
-47395
-45262
-47430
-45226
-47464
-45190
-47499
-45153
-47534
-45117
-47568
-45080
-47603
-45044
-47637
-45007
-47672
-44971
-47706
-44934
-47741
-44898
-47775
-44861
-47809
-44824
-47844
-44788
-47878
-44751
-47912
-44714
-47947
-44677
-47981
-44641
-48015
-44604
-48049
-44567
-48084
-44530
-48118
-44493
-48152
-44456
-48186
-44419
-48220
-44382
-48254
-44345
-48288
-44308
-48322
-44271
-48356
-44234
-48390
-44197
-48424
-44160
-48458
-44123
-48491
-44086
-48525
-44048
-48559
-44011
-48593
-43974
-48626
-43937
-48660
-43899
-48694
-43862
-48727
-43825
-48761
-43787
-48794
-43750
-48828
-43712
-48862
-43675
-48895
-43638
-48928
-43600
-48962
-43562
-48995
-43525
-49029
-43487
-49062
-43450
-49095
-43412
-49129
-43374
-49162
-43337
-49195
-43299
-49228
-43261
-49262
-43223
-49295
-43186
-49328
-43148
-49361
-43110
-49394
-43072
-49427
-43034
-49460
-42996
-49493
-42958
-49526
-42920
-49559
-42882
-49592
-42844
-49624
-42806
-49657
-42768
-49690
-42730
-49723
-42692
-49756
-42654
-49788
-42616
-49821
-42578
-49854
-42539
-49886
-42501
-49919
-42463
-49951
-42424
-49984
-42386
-50016
-42348
-50049
-42309
-50081
-42271
-50114
-42232
-50146
-42194
-50178
-42156
-50211
-42117
-50243
-42079
-50275
-42040
-50307
-42002
-50340
-41963
-50372
-41924
-50404
-41886
-50436
-41847
-50468
-41808
-50500
-41770
-50532
-41731
-50564
-41692
-50596
-41653
-50628
-41614
-50660
-41576
-50692
-41537
-50724
-41498
-50756
-41459
-50787
-41420
-50819
-41381
-50851
-41342
-50882
-41303
-50914
-41264
-50946
-41225
-50977
-41186
-51009
-41147
-51040
-41108
-51072
-41068
-51104
-41029
-51135
-40990
-51166
-40951
-51198
-40912
-51229
-40872
-51260
-40833
-51292
-40794
-51323
-40754
-51354
-40715
-51386
-40675
-51417
-40636
-51448
-40596
-51479
-40557
-51510
-40518
-51541
-40478
-51572
-40438
-51603
-40399
-51634
-40359
-51665
-40320
-51696
-40280
-51727
-40240
-51758
-40201
-51788
-40161
-51819
-40121
-51850
-40082
-51881
-40042
-51911
-40002
-51942
-39962
-51973
-39922
-52003
-39882
-52034
-39842
-52064
-39803
-52095
-39763
-52126
-39723
-52156
-39683
-52186
-39643
-52217
-39603
-52247
-39563
-52277
-39522
-52308
-39482
-52338
-39442
-52368
-39402
-52398
-39362
-52429
-39322
-52459
-39282
-52489
-39241
-52519
-39201
-52549
-39161
-52579
-39120
-52609
-39080
-52639
-39040
-52669
-38999
-52699
-38959
-52729
-38918
-52758
-38878
-52788
-38838
-52818
-38797
-52848
-38756
-52878
-38716
-52907
-38675
-52937
-38635
-52966
-38594
-52996
-38554
-53026
-38513
-53055
-38472
-53085
-38432
-53114
-38391
-53144
-38350
-53173
-38309
-53202
-38268
-53232
-38228
-53261
-38187
-53290
-38146
-53319
-38105
-53349
-38064
-53378
-38023
-53407
-37982
-53436
-37941
-53465
-37900
-53494
-37859
-53523
-37818
-53552
-37777
-53581
-37736
-53610
-37695
-53639
-37654
-53668
-37613
-53697
-37572
-53726
-37530
-53754
-37489
-53783
-37448
-53812
-37407
-53840
-37365
-53869
-37324
-53898
-37283
-53926
-37241
-53955
-37200
-53983
-37159
-54012
-37117
-54040
-37076
-54069
-37034
-54097
-36993
-54125
-36951
-54154
-36910
-54182
-36868
-54210
-36827
-54238
-36785
-54267
-36744
-54295
-36702
-54323
-36660
-54351
-36618
-54379
-36577
-54407
-36535
-54435
-36493
-54463
-36452
-54491
-36410
-54519
-36368
-54547
-36326
-54575
-36284
-54603
-36242
-54630
-36200
-54658
-36159
-54686
-36117
-54714
-36075
-54741
-36033
-54769
-35991
-54796
-35949
-54824
-35907
-54852
-35865
-54879
-35823
-54906
-35780
-54934
-35738
-54961
-35696
-54989
-35654
-55016
-35612
-55043
-35570
-55070
-35527
-55098
-35485
-55125
-35443
-55152
-35401
-55179
-35358
-55206
-35316
-55233
-35274
-55260
-35231
-55288
-35189
-55314
-35146
-55341
-35104
-55368
-35062
-55395
-35019
-55422
-34977
-55449
-34934
-55476
-34892
-55502
-34849
-55529
-34806
-55556
-34764
-55582
-34721
-55609
-34678
-55636
-34636
-55662
-34593
-55689
-34550
-55715
-34508
-55742
-34465
-55768
-34422
-55794
-34380
-55821
-34337
-55847
-34294
-55873
-34251
-55900
-34208
-55926
-34165
-55952
-34122
-55978
-34079
-56004
-34036
-56030
-33994
-56056
-33950
-56082
-33908
-56108
-33864
-56134
-33821
-56160
-33778
-56186
-33735
-56212
-33692
-56238
-33649
-56264
-33606
-56289
-33563
-56315
-33520
-56341
-33476
-56366
-33433
-56392
-33390
-56418
-33347
-56443
-33303
-56469
-33260
-56494
-33217
-56520
-33173
-56545
-33130
-56571
-33087
-56596
-33043
-56621
-33000
-56646
-32956
-56672
-32913
-56697
-32870
-56722
-32826
-56747
-32782
-56772
-32739
-56798
-32695
-56823
-32652
-56848
-32608
-56873
-32565
-56898
-32521
-56923
-32477
-56948
-32434
-56972
-32390
-56997
-32346
-57022
-32302
-57047
-32259
-57072
-32215
-57096
-32171
-57121
-32127
-57145
-32084
-57170
-32040
-57195
-31996
-57219
-31952
-57244
-31908
-57268
-31864
-57292
-31820
-57317
-31776
-57341
-31732
-57366
-31688
-57390
-31644
-57414
-31600
-57438
-31556
-57462
-31512
-57487
-31468
-57511
-31424
-57535
-31380
-57559
-31336
-57583
-31292
-57607
-31248
-57631
-31203
-57655
-31159
-57679
-31115
-57702
-31071
-57726
-31026
-57750
-30982
-57774
-30938
-57798
-30893
-57821
-30849
-57845
-30805
-57868
-30760
-57892
-30716
-57916
-30672
-57939
-30627
-57962
-30583
-57986
-30538
-58009
-30494
-58033
-30449
-58056
-30405
-58079
-30360
-58103
-30316
-58126
-30271
-58149
-30226
-58172
-30182
-58195
-30137
-58218
-30092
-58242
-30048
-58265
-30003
-58288
-29958
-58311
-29914
-58334
-29869
-58356
-29824
-58379
-29780
-58402
-29735
-58425
-29690
-58448
-29645
-58470
-29600
-58493
-29555
-58516
-29510
-58538
-29466
-58561
-29421
-58583
-29376
-58606
-29331
-58628
-29286
-58651
-29241
-58673
-29196
-58696
-29151
-58718
-29106
-58740
-29061
-58762
-29016
-58785
-28971
-58807
-28926
-58829
-28880
-58851
-28835
-58873
-28790
-58896
-28745
-58918
-28700
-58940
-28655
-58962
-28610
-58983
-28564
-59005
-28519
-59027
-28474
-59049
-28428
-59071
-28383
-59092
-28338
-59114
-28292
-59136
-28247
-59158
-28202
-59179
-28156
-59201
-28111
-59222
-28066
-59244
-28020
-59265
-27975
-59287
-27929
-59308
-27884
-59330
-27838
-59351
-27793
-59372
-27747
-59393
-27702
-59415
-27656
-59436
-27611
-59457
-27565
-59478
-27519
-59499
-27474
-59520
-27428
-59541
-27382
-59562
-27337
-59583
-27291
-59604
-27245
-59625
-27200
-59646
-27154
-59667
-27108
-59687
-27062
-59708
-27017
-59729
-26971
-59750
-26925
-59770
-26879
-59791
-26833
-59811
-26787
-59832
-26742
-59852
-26696
-59873
-26650
-59893
-26604
-59914
-26558
-59934
-26512
-59954
-26466
-59974
-26420
-59995
-26374
-60015
-26328
-60035
-26282
-60055
-26236
-60075
-26190
-60096
-26144
-60116
-26098
-60136
-26051
-60156
-26005
-60175
-25959
-60195
-25913
-60215
-25867
-60235
-25821
-60255
-25774
-60274
-25728
-60294
-25682
-60314
-25636
-60334
-25589
-60353
-25543
-60373
-25497
-60392
-25450
-60412
-25404
-60431
-25358
-60451
-25312
-60470
-25265
-60490
-25219
-60509
-25172
-60528
-25126
-60547
-25080
-60566
-25033
-60586
-24987
-60605
-24940
-60624
-24894
-60643
-24847
-60662
-24801
-60681
-24754
-60700
-24708
-60719
-24661
-60738
-24614
-60757
-24568
-60776
-24521
-60794
-24474
-60813
-24428
-60832
-24381
-60850
-24335
-60869
-24288
-60888
-24241
-60906
-24194
-60925
-24148
-60943
-24101
-60962
-24054
-60980
-24008
-60999
-23961
-61017
-23914
-61035
-23867
-61054
-23820
-61072
-23774
-61090
-23727
-61108
-23680
-61126
-23633
-61144
-23586
-61163
-23539
-61181
-23492
-61199
-23445
-61217
-23398
-61234
-23351
-61252
-23304
-61270
-23257
-61288
-23210
-61306
-23163
-61324
-23116
-61341
-23069
-61359
-23022
-61377
-22975
-61394
-22928
-61412
-22881
-61429
-22834
-61447
-22787
-61464
-22740
-61482
-22692
-61499
-22645
-61516
-22598
-61534
-22551
-61551
-22504
-61568
-22456
-61586
-22409
-61603
-22362
-61620
-22315
-61637
-22268
-61654
-22220
-61671
-22173
-61688
-22126
-61705
-22078
-61722
-22031
-61739
-21984
-61756
-21936
-61772
-21889
-61789
-21842
-61806
-21794
-61823
-21747
-61839
-21699
-61856
-21652
-61872
-21604
-61889
-21557
-61906
-21510
-61922
-21462
-61938
-21414
-61955
-21367
-61971
-21320
-61988
-21272
-62004
-21224
-62020
-21177
-62036
-21129
-62053
-21082
-62069
-21034
-62085
-20986
-62101
-20939
-62117
-20891
-62133
-20844
-62149
-20796
-62165
-20748
-62181
-20700
-62197
-20653
-62212
-20605
-62228
-20557
-62244
-20510
-62260
-20462
-62275
-20414
-62291
-20366
-62307
-20319
-62322
-20271
-62338
-20223
-62353
-20175
-62369
-20127
-62384
-20080
-62400
-20032
-62415
-19984
-62430
-19936
-62445
-19888
-62461
-19840
-62476
-19792
-62491
-19744
-62506
-19696
-62521
-19648
-62536
-19600
-62551
-19552
-62566
-19504
-62581
-19456
-62596
-19408
-62611
-19360
-62626
-19312
-62640
-19264
-62655
-19216
-62670
-19168
-62685
-19120
-62699
-19072
-62714
-19024
-62728
-18976
-62743
-18928
-62758
-18880
-62772
-18832
-62786
-18783
-62801
-18735
-62815
-18687
-62830
-18639
-62844
-18591
-62858
-18542
-62872
-18494
-62886
-18446
-62900
-18398
-62915
-18350
-62929
-18301
-62943
-18253
-62957
-18205
-62971
-18156
-62984
-18108
-62998
-18060
-63012
-18012
-63026
-17963
-63040
-17915
-63054
-17866
-63067
-17818
-63081
-17770
-63094
-17721
-63108
-17673
-63122
-17624
-63135
-17576
-63148
-17528
-63162
-17479
-63175
-17431
-63189
-17382
-63202
-17334
-63215
-17285
-63228
-17237
-63242
-17188
-63255
-17140
-63268
-17091
-63281
-17043
-63294
-16994
-63307
-16946
-63320
-16897
-63333
-16849
-63346
-16800
-63359
-16751
-63372
-16703
-63384
-16654
-63397
-16606
-63410
-16557
-63423
-16508
-63435
-16460
-63448
-16411
-63460
-16362
-63473
-16314
-63486
-16265
-63498
-16216
-63510
-16168
-63523
-16119
-63535
-16070
-63547
-16021
-63560
-15973
-63572
-15924
-63584
-15875
-63596
-15826
-63608
-15778
-63620
-15729
-63632
-15680
-63644
-15631
-63656
-15582
-63668
-15534
-63680
-15485
-63692
-15436
-63704
-15387
-63716
-15338
-63728
-15289
-63739
-15240
-63751
-15192
-63762
-15142
-63774
-15094
-63786
-15045
-63797
-14996
-63809
-14947
-63820
-14898
-63832
-14849
-63843
-14800
-63854
-14751
-63866
-14702
-63877
-14653
-63888
-14604
-63899
-14555
-63910
-14506
-63922
-14457
-63932
-14408
-63944
-14359
-63954
-14310
-63966
-14261
-63976
-14212
-63987
-14163
-63998
-14114
-64009
-14064
-64020
-14016
-64030
-13966
-64041
-13917
-64052
-13868
-64062
-13819
-64073
-13770
-64084
-13721
-64094
-13672
-64104
-13622
-64115
-13573
-64125
-13524
-64136
-13475
-64146
-13426
-64156
-13376
-64166
-13327
-64177
-13278
-64187
-13229
-64197
-13180
-64207
-13130
-64217
-13081
-64227
-13032
-64237
-12982
-64247
-12933
-64257
-12884
-64267
-12835
-64277
-12785
-64286
-12736
-64296
-12687
-64306
-12638
-64316
-12588
-64325
-12539
-64335
-12490
-64344
-12440
-64354
-12391
-64363
-12341
-64373
-12292
-64382
-12243
-64392
-12193
-64401
-12144
-64410
-12094
-64420
-12045
-64429
-11996
-64438
-11946
-64447
-11897
-64456
-11847
-64465
-11798
-64474
-11748
-64483
-11699
-64492
-11650
-64501
-11600
-64510
-11551
-64519
-11501
-64528
-11452
-64536
-11402
-64545
-11353
-64554
-11303
-64562
-11254
-64571
-11204
-64580
-11155
-64588
-11105
-64597
-11056
-64605
-11006
-64614
-10956
-64622
-10907
-64630
-10857
-64639
-10808
-64647
-10758
-64655
-10708
-64663
-10659
-64672
-10609
-64680
-10560
-64688
-10510
-64696
-10460
-64704
-10411
-64712
-10361
-64720
-10312
-64728
-10262
-64735
-10212
-64743
-10163
-64751
-10113
-64759
-10063
-64766
-10014
-64774
-9964
-64782
-9914
-64789
-9865
-64797
-9815
-64804
-9765
-64812
-9716
-64819
-9666
-64827
-9616
-64834
-9566
-64841
-9517
-64849
-9467
-64856
-9417
-64863
-9367
-64870
-9318
-64877
-9268
-64884
-9218
-64892
-9168
-64898
-9119
-64905
-9069
-64912
-9019
-64919
-8969
-64926
-8919
-64933
-8870
-64940
-8820
-64946
-8770
-64953
-8720
-64960
-8670
-64966
-8620
-64973
-8571
-64980
-8521
-64986
-8471
-64993
-8421
-64999
-8371
-65006
-8322
-65012
-8272
-65018
-8222
-65024
-8172
-65031
-8122
-65037
-8072
-65043
-8022
-65049
-7972
-65055
-7922
-65061
-7872
-65067
-7823
-65073
-7773
-65079
-7723
-65085
-7673
-65091
-7623
-65097
-7573
-65103
-7523
-65108
-7473
-65114
-7423
-65120
-7373
-65126
-7323
-65131
-7273
-65137
-7224
-65142
-7174
-65148
-7124
-65153
-7074
-65158
-7024
-65164
-6974
-65169
-6924
-65174
-6874
-65180
-6824
-65185
-6774
-65190
-6724
-65195
-6674
-65200
-6624
-65205
-6574
-65210
-6524
-65215
-6474
-65220
-6424
-65225
-6374
-65230
-6324
-65235
-6274
-65240
-6224
-65244
-6173
-65249
-6123
-65254
-6073
-65258
-6023
-65263
-5973
-65268
-5923
-65272
-5873
-65277
-5823
-65281
-5773
-65286
-5723
-65290
-5673
-65294
-5623
-65299
-5573
-65303
-5523
-65307
-5472
-65311
-5422
-65315
-5372
-65320
-5322
-65324
-5272
-65328
-5222
-65332
-5172
-65336
-5122
-65339
-5072
-65343
-5022
-65347
-4972
-65351
-4921
-65355
-4871
-65358
-4821
-65362
-4771
-65366
-4721
-65369
-4671
-65373
-4620
-65376
-4570
-65380
-4520
-65383
-4470
-65387
-4420
-65390
-4370
-65393
-4320
-65397
-4270
-65400
-4219
-65403
-4169
-65406
-4119
-65410
-4069
-65413
-4019
-65416
-3968
-65419
-3918
-65422
-3868
-65425
-3818
-65428
-3768
-65430
-3718
-65433
-3667
-65436
-3617
-65439
-3567
-65442
-3517
-65444
-3467
-65447
-3416
-65449
-3366
-65452
-3316
-65454
-3266
-65457
-3216
-65460
-3165
-65462
-3115
-65464
-3065
-65466
-3015
-65469
-2965
-65471
-2914
-65473
-2864
-65476
-2814
-65478
-2764
-65480
-2714
-65482
-2663
-65484
-2613
-65486
-2563
-65488
-2513
-65490
-2462
-65492
-2412
-65493
-2362
-65495
-2312
-65497
-2261
-65499
-2211
-65500
-2161
-65502
-2111
-65504
-2060
-65505
-2010
-65507
-1960
-65508
-1910
-65510
-1860
-65511
-1809
-65512
-1759
-65514
-1709
-65515
-1658
-65516
-1608
-65517
-1558
-65519
-1508
-65520
-1458
-65521
-1407
-65522
-1357
-65523
-1307
-65524
-1256
-65525
-1206
-65526
-1156
-65527
-1106
-65527
-1056
-65528
-1005
-65529
-955
-65530
-905
-65530
-854
-65531
-804
-65532
-754
-65532
-704
-65533
-653
-65533
-603
-65534
-553
-65534
-503
-65534
-452
-65535
-402
-65535
-352
-65535
-302
-65536
-251
-65536
-201
-65536
-151
-65536
-100
-65536
-50
