4095
0
4095
-25
4095
-50
4095
-75
4095
-100
4094
-126
4093
-151
4092
-176
4091
-201
4090
-226
4088
-251
4087
-276
4085
-301
4083
-326
4081
-351
4079
-376
4076
-401
4074
-426
4071
-451
4068
-476
4065
-501
4062
-526
4059
-551
4055
-576
4052
-601
4048
-626
4044
-651
4040
-675
4036
-700
4031
-725
4027
-750
4022
-774
4017
-799
4012
-824
4007
-848
4002
-873
3996
-897
3991
-922
3985
-946
3979
-971
3973
-995
3967
-1020
3961
-1044
3954
-1068
3948
-1092
3941
-1117
3934
-1141
3927
-1165
3920
-1189
3912
-1213
3905
-1237
3897
-1261
3889
-1285
3881
-1309
3873
-1332
3865
-1356
3856
-1380
3848
-1404
3839
-1427
3830
-1451
3822
-1474
3812
-1498
3803
-1521
3794
-1544
3784
-1567
3774
-1591
3765
-1614
3755
-1637
3744
-1660
3734
-1683
3724
-1706
3713
-1728
3703
-1751
3692
-1774
3681
-1796
3670
-1819
3659
-1842
3647
-1864
3636
-1886
3624
-1909
3612
-1931
3600
-1953
3588
-1975
3576
-1997
3564
-2019
3551
-2041
3539
-2062
3526
-2084
3513
-2106
3500
-2127
3487
-2149
3474
-2170
3460
-2191
3447
-2212
3433
-2234
3420
-2255
3406
-2276
3392
-2296
3378
-2317
3363
-2338
3349
-2358
3334
-2379
3320
-2399
3305
-2420
3290
-2440
3275
-2460
3260
-2480
3244
-2500
3229
-2520
3214
-2540
3198
-2559
3182
-2579
3166
-2598
3150
-2618
3134
-2637
3118
-2656
3102
-2675
3085
-2694
3068
-2713
3052
-2732
3035
-2751
3018
-2769
3001
-2788
2984
-2806
2966
-2824
2949
-2842
2932
-2860
2914
-2878
2896
-2896
2878
-2914
2860
-2932
2842
-2949
2824
-2966
2806
-2984
2788
-3001
2769
-3018
2751
-3035
2732
-3052
2713
-3068
2694
-3085
2675
-3102
2656
-3118
2637
-3134
2618
-3150
2598
-3166
2579
-3182
2559
-3198
2540
-3214
2520
-3229
2500
-3244
2480
-3260
2460
-3275
2440
-3290
2420
-3305
2399
-3320
2379
-3334
2358
-3349
2338
-3363
2317
-3378
2296
-3392
2276
-3406
2255
-3420
2234
-3433
2212
-3447
2191
-3460
2170
-3474
2149
-3487
2127
-3500
2106
-3513
2084
-3526
2062
-3539
2041
-3551
2019
-3564
1997
-3576
1975
-3588
1953
-3600
1931
-3612
1909
-3624
1886
-3636
1864
-3647
1842
-3659
1819
-3670
1796
-3681
1774
-3692
1751
-3703
1728
-3713
1706
-3724
1683
-3734
1660
-3744
1637
-3755
1614
-3765
1591
-3774
1567
-3784
1544
-3794
1521
-3803
1498
-3812
1474
-3822
1451
-3830
1427
-3839
1404
-3848
1380
-3856
1356
-3865
1332
-3873
1309
-3881
1285
-3889
1261
-3897
1237
-3905
1213
-3912
1189
-3920
1165
-3927
1141
-3934
1117
-3941
1092
-3948
1068
-3954
1044
-3961
1020
-3967
995
-3973
971
-3979
946
-3985
922
-3991
897
-3996
873
-4002
848
-4007
824
-4012
799
-4017
774
-4022
750
-4027
725
-4031
700
-4036
675
-4040
651
-4044
626
-4048
601
-4052
576
-4055
551
-4059
526
-4062
501
-4065
476
-4068
451
-4071
426
-4074
401
-4076
376
-4079
351
-4081
326
-4083
301
-4085
276
-4087
251
-4088
226
-4090
201
-4091
176
-4092
151
-4093
126
-4094
100
-4095
75
-4095
50
-4096
25
-4096
0
-4096
-25
-4096
-50
-4096
-75
-4095
-100
-4095
-126
-4094
-151
-4093
-176
-4092
-201
-4091
-226
-4090
-251
-4088
-276
-4087
-301
-4085
-326
-4083
-351
-4081
-376
-4079
-401
-4076
-426
-4074
-451
-4071
-476
-4068
-501
-4065
-526
-4062
-551
-4059
-576
-4055
-601
-4052
-626
-4048
-651
-4044
-675
-4040
-700
-4036
-725
-4031
-750
-4027
-774
-4022
-799
-4017
-824
-4012
-848
-4007
-873
-4002
-897
-3996
-922
-3991
-946
-3985
-971
-3979
-995
-3973
-1020
-3967
-1044
-3961
-1068
-3954
-1092
-3948
-1117
-3941
-1141
-3934
-1165
-3927
-1189
-3920
-1213
-3912
-1237
-3905
-1261
-3897
-1285
-3889
-1309
-3881
-1332
-3873
-1356
-3865
-1380
-3856
-1404
-3848
-1427
-3839
-1451
-3830
-1474
-3822
-1498
-3812
-1521
-3803
-1544
-3794
-1567
-3784
-1591
-3774
-1614
-3765
-1637
-3755
-1660
-3744
-1683
-3734
-1706
-3724
-1728
-3713
-1751
-3703
-1774
-3692
-1796
-3681
-1819
-3670
-1842
-3659
-1864
-3647
-1886
-3636
-1909
-3624
-1931
-3612
-1953
-3600
-1975
-3588
-1997
-3576
-2019
-3564
-2041
-3551
-2062
-3539
-2084
-3526
-2106
-3513
-2127
-3500
-2149
-3487
-2170
-3474
-2191
-3460
-2212
-3447
-2234
-3433
-2255
-3420
-2276
-3406
-2296
-3392
-2317
-3378
-2338
-3363
-2358
-3349
-2379
-3334
-2399
-3320
-2420
-3305
-2440
-3290
-2460
-3275
-2480
-3260
-2500
-3244
-2520
-3229
-2540
-3214
-2559
-3198
-2579
-3182
-2598
-3166
-2618
-3150
-2637
-3134
-2656
-3118
-2675
-3102
-2694
-3085
-2713
-3068
-2732
-3052
-2751
-3035
-2769
-3018
-2788
-3001
-2806
-2984
-2824
-2966
-2842
-2949
-2860
-2932
-2878
-2914
-2896
-2896
-2914
-2878
-2932
-2860
-2949
-2842
-2966
-2824
-2984
-2806
-3001
-2788
-3018
-2769
-3035
-2751
-3052
-2732
-3068
-2713
-3085
-2694
-3102
-2675
-3118
-2656
-3134
-2637
-3150
-2618
-3166
-2598
-3182
-2579
-3198
-2559
-3214
-2540
-3229
-2520
-3244
-2500
-3260
-2480
-3275
-2460
-3290
-2440
-3305
-2420
-3320
-2399
-3334
-2379
-3349
-2358
-3363
-2338
-3378
-2317
-3392
-2296
-3406
-2276
-3420
-2255
-3433
-2234
-3447
-2212
-3460
-2191
-3474
-2170
-3487
-2149
-3500
-2127
-3513
-2106
-3526
-2084
-3539
-2062
-3551
-2041
-3564
-2019
-3576
-1997
-3588
-1975
-3600
-1953
-3612
-1931
-3624
-1909
-3636
-1886
-3647
-1864
-3659
-1842
-3670
-1819
-3681
-1796
-3692
-1774
-3703
-1751
-3713
-1728
-3724
-1706
-3734
-1683
-3744
-1660
-3755
-1637
-3765
-1614
-3774
-1591
-3784
-1567
-3794
-1544
-3803
-1521
-3812
-1498
-3822
-1474
-3830
-1451
-3839
-1427
-3848
-1404
-3856
-1380
-3865
-1356
-3873
-1332
-3881
-1309
-3889
-1285
-3897
-1261
-3905
-1237
-3912
-1213
-3920
-1189
-3927
-1165
-3934
-1141
-3941
-1117
-3948
-1092
-3954
-1068
-3961
-1044
-3967
-1020
-3973
-995
-3979
-971
-3985
-946
-3991
-922
-3996
-897
-4002
-873
-4007
-848
-4012
-824
-4017
-799
-4022
-774
-4027
-750
-4031
-725
-4036
-700
-4040
-675
-4044
-651
-4048
-626
-4052
-601
-4055
-576
-4059
-551
-4062
-526
-4065
-501
-4068
-476
-4071
-451
-4074
-426
-4076
-401
-4079
-376
-4081
-351
-4083
-326
-4085
-301
-4087
-276
-4088
-251
-4090
-226
-4091
-201
-4092
-176
-4093
-151
-4094
-126
-4095
-100
-4095
-75
-4096
-50
-4096
-25
