4095
0
4091
-201
4076
-401
4052
-601
4017
-799
3973
-995
3920
-1189
3856
-1380
3784
-1567
3703
-1751
3612
-1931
3513
-2106
3406
-2276
3290
-2440
3166
-2598
3035
-2751
2896
-2896
2751
-3035
2598
-3166
2440
-3290
2276
-3406
2106
-3513
1931
-3612
1751
-3703
1567
-3784
1380
-3856
1189
-3920
995
-3973
799
-4017
601
-4052
401
-4076
201
-4091
0
-4096
-201
-4091
-401
-4076
-601
-4052
-799
-4017
-995
-3973
-1189
-3920
-1380
-3856
-1567
-3784
-1751
-3703
-1931
-3612
-2106
-3513
-2276
-3406
-2440
-3290
-2598
-3166
-2751
-3035
-2896
-2896
-3035
-2751
-3166
-2598
-3290
-2440
-3406
-2276
-3513
-2106
-3612
-1931
-3703
-1751
-3784
-1567
-3856
-1380
-3920
-1189
-3973
-995
-4017
-799
-4052
-601
-4076
-401
-4091
-201
