8191
0
8191
-50
8191
-100
8190
-151
8190
-201
8188
-251
8186
-302
8184
-352
8182
-402
8180
-452
8176
-502
8173
-552
8170
-603
8166
-653
8162
-703
8157
-753
8152
-803
8147
-853
8142
-903
8136
-953
8130
-1003
8124
-1053
8117
-1102
8110
-1152
8103
-1202
8096
-1252
8088
-1301
8080
-1351
8071
-1400
8063
-1450
8054
-1499
8044
-1549
8034
-1598
8025
-1647
8014
-1697
8004
-1746
7993
-1795
7982
-1844
7970
-1893
7958
-1942
7946
-1990
7934
-2039
7921
-2088
7908
-2136
7895
-2185
7882
-2233
7868
-2282
7854
-2330
7839
-2378
7824
-2426
7809
-2474
7794
-2522
7778
-2570
7762
-2617
7746
-2665
7730
-2712
7713
-2760
7696
-2807
7679
-2854
7661
-2901
7643
-2948
7625
-2995
7606
-3042
7588
-3088
7568
-3135
7549
-3181
7529
-3228
7509
-3274
7489
-3320
7469
-3366
7448
-3411
7427
-3457
7405
-3502
7384
-3548
7362
-3593
7340
-3638
7317
-3683
7294
-3728
7272
-3773
7248
-3817
7225
-3862
7201
-3906
7177
-3950
7152
-3994
7128
-4038
7103
-4081
7078
-4125
7052
-4168
7026
-4212
7000
-4254
6974
-4297
6948
-4340
6921
-4383
6894
-4425
6867
-4467
6839
-4509
6811
-4551
6783
-4593
6755
-4634
6726
-4676
6698
-4717
6668
-4758
6639
-4799
6610
-4840
6580
-4880
6550
-4920
6519
-4960
6489
-5000
6458
-5040
6427
-5080
6396
-5119
6364
-5158
6332
-5197
6300
-5236
6268
-5274
6236
-5313
6203
-5351
6170
-5389
6137
-5426
6104
-5464
6070
-5501
6036
-5538
6002
-5575
5968
-5612
5933
-5649
5898
-5685
5863
-5721
5828
-5757
5792
-5792
5757
-5828
5721
-5863
5685
-5898
5649
-5933
5612
-5968
5575
-6002
5538
-6036
5501
-6070
5464
-6104
5426
-6137
5389
-6170
5351
-6203
5313
-6236
5274
-6268
5236
-6300
5197
-6332
5158
-6364
5119
-6396
5080
-6427
5040
-6458
5000
-6489
4960
-6519
4920
-6550
4880
-6580
4840
-6610
4799
-6639
4758
-6668
4717
-6698
4676
-6726
4634
-6755
4593
-6783
4551
-6811
4509
-6839
4467
-6867
4425
-6894
4383
-6921
4340
-6948
4297
-6974
4254
-7000
4212
-7026
4168
-7052
4125
-7078
4081
-7103
4038
-7128
3994
-7152
3950
-7177
3906
-7201
3862
-7225
3817
-7248
3773
-7272
3728
-7294
3683
-7317
3638
-7340
3593
-7362
3548
-7384
3502
-7405
3457
-7427
3411
-7448
3366
-7469
3320
-7489
3274
-7509
3228
-7529
3181
-7549
3135
-7568
3088
-7588
3042
-7606
2995
-7625
2948
-7643
2901
-7661
2854
-7679
2807
-7696
2760
-7713
2712
-7730
2665
-7746
2617
-7762
2570
-7778
2522
-7794
2474
-7809
2426
-7824
2378
-7839
2330
-7854
2282
-7868
2233
-7882
2185
-7895
2136
-7908
2088
-7921
2039
-7934
1990
-7946
1942
-7958
1893
-7970
1844
-7982
1795
-7993
1746
-8004
1697
-8014
1647
-8025
1598
-8034
1549
-8044
1499
-8054
1450
-8063
1400
-8071
1351
-8080
1301
-8088
1252
-8096
1202
-8103
1152
-8110
1102
-8117
1053
-8124
1003
-8130
953
-8136
903
-8142
853
-8147
803
-8152
753
-8157
703
-8162
653
-8166
603
-8170
552
-8173
502
-8176
452
-8180
402
-8182
352
-8184
302
-8186
251
-8188
201
-8190
151
-8190
100
-8191
50
-8192
0
-8192
-50
-8192
-100
-8191
-151
-8190
-201
-8190
-251
-8188
-302
-8186
-352
-8184
-402
-8182
-452
-8180
-502
-8176
-552
-8173
-603
-8170
-653
-8166
-703
-8162
-753
-8157
-803
-8152
-853
-8147
-903
-8142
-953
-8136
-1003
-8130
-1053
-8124
-1102
-8117
-1152
-8110
-1202
-8103
-1252
-8096
-1301
-8088
-1351
-8080
-1400
-8071
-1450
-8063
-1499
-8054
-1549
-8044
-1598
-8034
-1647
-8025
-1697
-8014
-1746
-8004
-1795
-7993
-1844
-7982
-1893
-7970
-1942
-7958
-1990
-7946
-2039
-7934
-2088
-7921
-2136
-7908
-2185
-7895
-2233
-7882
-2282
-7868
-2330
-7854
-2378
-7839
-2426
-7824
-2474
-7809
-2522
-7794
-2570
-7778
-2617
-7762
-2665
-7746
-2712
-7730
-2760
-7713
-2807
-7696
-2854
-7679
-2901
-7661
-2948
-7643
-2995
-7625
-3042
-7606
-3088
-7588
-3135
-7568
-3181
-7549
-3228
-7529
-3274
-7509
-3320
-7489
-3366
-7469
-3411
-7448
-3457
-7427
-3502
-7405
-3548
-7384
-3593
-7362
-3638
-7340
-3683
-7317
-3728
-7294
-3773
-7272
-3817
-7248
-3862
-7225
-3906
-7201
-3950
-7177
-3994
-7152
-4038
-7128
-4081
-7103
-4125
-7078
-4168
-7052
-4212
-7026
-4254
-7000
-4297
-6974
-4340
-6948
-4383
-6921
-4425
-6894
-4467
-6867
-4509
-6839
-4551
-6811
-4593
-6783
-4634
-6755
-4676
-6726
-4717
-6698
-4758
-6668
-4799
-6639
-4840
-6610
-4880
-6580
-4920
-6550
-4960
-6519
-5000
-6489
-5040
-6458
-5080
-6427
-5119
-6396
-5158
-6364
-5197
-6332
-5236
-6300
-5274
-6268
-5313
-6236
-5351
-6203
-5389
-6170
-5426
-6137
-5464
-6104
-5501
-6070
-5538
-6036
-5575
-6002
-5612
-5968
-5649
-5933
-5685
-5898
-5721
-5863
-5757
-5828
-5792
-5792
-5828
-5757
-5863
-5721
-5898
-5685
-5933
-5649
-5968
-5612
-6002
-5575
-6036
-5538
-6070
-5501
-6104
-5464
-6137
-5426
-6170
-5389
-6203
-5351
-6236
-5313
-6268
-5274
-6300
-5236
-6332
-5197
-6364
-5158
-6396
-5119
-6427
-5080
-6458
-5040
-6489
-5000
-6519
-4960
-6550
-4920
-6580
-4880
-6610
-4840
-6639
-4799
-6668
-4758
-6698
-4717
-6726
-4676
-6755
-4634
-6783
-4593
-6811
-4551
-6839
-4509
-6867
-4467
-6894
-4425
-6921
-4383
-6948
-4340
-6974
-4297
-7000
-4254
-7026
-4212
-7052
-4168
-7078
-4125
-7103
-4081
-7128
-4038
-7152
-3994
-7177
-3950
-7201
-3906
-7225
-3862
-7248
-3817
-7272
-3773
-7294
-3728
-7317
-3683
-7340
-3638
-7362
-3593
-7384
-3548
-7405
-3502
-7427
-3457
-7448
-3411
-7469
-3366
-7489
-3320
-7509
-3274
-7529
-3228
-7549
-3181
-7568
-3135
-7588
-3088
-7606
-3042
-7625
-2995
-7643
-2948
-7661
-2901
-7679
-2854
-7696
-2807
-7713
-2760
-7730
-2712
-7746
-2665
-7762
-2617
-7778
-2570
-7794
-2522
-7809
-2474
-7824
-2426
-7839
-2378
-7854
-2330
-7868
-2282
-7882
-2233
-7895
-2185
-7908
-2136
-7921
-2088
-7934
-2039
-7946
-1990
-7958
-1942
-7970
-1893
-7982
-1844
-7993
-1795
-8004
-1746
-8014
-1697
-8025
-1647
-8034
-1598
-8044
-1549
-8054
-1499
-8063
-1450
-8071
-1400
-8080
-1351
-8088
-1301
-8096
-1252
-8103
-1202
-8110
-1152
-8117
-1102
-8124
-1053
-8130
-1003
-8136
-953
-8142
-903
-8147
-853
-8152
-803
-8157
-753
-8162
-703
-8166
-653
-8170
-603
-8173
-552
-8176
-502
-8180
-452
-8182
-402
-8184
-352
-8186
-302
-8188
-251
-8190
-201
-8190
-151
-8191
-100
-8192
-50
