65535
0
65535
-402
65531
-804
65525
-1206
65516
-1608
65505
-2010
65492
-2412
65476
-2814
65457
-3216
65436
-3617
65413
-4019
65387
-4420
65358
-4821
65328
-5222
65294
-5623
65258
-6023
65220
-6424
65180
-6824
65137
-7224
65091
-7623
65043
-8022
64993
-8421
64940
-8820
64884
-9218
64827
-9616
64766
-10014
64704
-10411
64639
-10808
64571
-11204
64501
-11600
64429
-11996
64354
-12391
64277
-12785
64197
-13180
64115
-13573
64030
-13966
63944
-14359
63854
-14751
63762
-15142
63668
-15534
63572
-15924
63473
-16314
63372
-16703
63268
-17091
63162
-17479
63054
-17866
62943
-18253
62830
-18639
62714
-19024
62596
-19408
62476
-19792
62353
-20175
62228
-20557
62101
-20939
61971
-21320
61839
-21699
61705
-22078
61568
-22456
61429
-22834
61288
-23210
61144
-23586
60999
-23961
60850
-24335
60700
-24708
60547
-25080
60392
-25450
60235
-25821
60075
-26190
59914
-26558
59750
-26925
59583
-27291
59415
-27656
59244
-28020
59071
-28383
58896
-28745
58718
-29106
58538
-29466
58356
-29824
58172
-30182
57986
-30538
57798
-30893
57607
-31248
57414
-31600
57219
-31952
57022
-32302
56823
-32652
56621
-33000
56418
-33347
56212
-33692
56004
-34036
55794
-34380
55582
-34721
55368
-35062
55152
-35401
54934
-35738
54714
-36075
54491
-36410
54267
-36744
54040
-37076
53812
-37407
53581
-37736
53349
-38064
53114
-38391
52878
-38716
52639
-39040
52398
-39362
52156
-39683
51911
-40002
51665
-40320
51417
-40636
51166
-40951
50914
-41264
50660
-41576
50404
-41886
50146
-42194
49886
-42501
49624
-42806
49361
-43110
49095
-43412
48828
-43712
48559
-44011
48288
-44308
48015
-44604
47741
-44898
47464
-45190
47186
-45480
46906
-45769
46624
-46056
46341
-46341
46056
-46624
45769
-46906
45480
-47186
45190
-47464
44898
-47741
44604
-48015
44308
-48288
44011
-48559
43712
-48828
43412
-49095
43110
-49361
42806
-49624
42501
-49886
42194
-50146
41886
-50404
41576
-50660
41264
-50914
40951
-51166
40636
-51417
40320
-51665
40002
-51911
39683
-52156
39362
-52398
39040
-52639
38716
-52878
38391
-53114
38064
-53349
37736
-53581
37407
-53812
37076
-54040
36744
-54267
36410
-54491
36075
-54714
35738
-54934
35401
-55152
35062
-55368
34721
-55582
34380
-55794
34036
-56004
33692
-56212
33347
-56418
33000
-56621
32652
-56823
32302
-57022
31952
-57219
31600
-57414
31248
-57607
30893
-57798
30538
-57986
30182
-58172
29824
-58356
29466
-58538
29106
-58718
28745
-58896
28383
-59071
28020
-59244
27656
-59415
27291
-59583
26925
-59750
26558
-59914
26190
-60075
25821
-60235
25450
-60392
25080
-60547
24708
-60700
24335
-60850
23961
-60999
23586
-61144
23210
-61288
22834
-61429
22456
-61568
22078
-61705
21699
-61839
21320
-61971
20939
-62101
20557
-62228
20175
-62353
19792
-62476
19408
-62596
19024
-62714
18639
-62830
18253
-62943
17866
-63054
17479
-63162
17091
-63268
16703
-63372
16314
-63473
15924
-63572
15534
-63668
15142
-63762
14751
-63854
14359
-63944
13966
-64030
13573
-64115
13180
-64197
12785
-64277
12391
-64354
11996
-64429
11600
-64501
11204
-64571
10808
-64639
10411
-64704
10014
-64766
9616
-64827
9218
-64884
8820
-64940
8421
-64993
8022
-65043
7623
-65091
7224
-65137
6824
-65180
6424
-65220
6023
-65258
5623
-65294
5222
-65328
4821
-65358
4420
-65387
4019
-65413
3617
-65436
3216
-65457
2814
-65476
2412
-65492
2010
-65505
1608
-65516
1206
-65525
804
-65531
402
-65535
0
-65536
-402
-65535
-804
-65531
-1206
-65525
-1608
-65516
-2010
-65505
-2412
-65492
-2814
-65476
-3216
-65457
-3617
-65436
-4019
-65413
-4420
-65387
-4821
-65358
-5222
-65328
-5623
-65294
-6023
-65258
-6424
-65220
-6824
-65180
-7224
-65137
-7623
-65091
-8022
-65043
-8421
-64993
-8820
-64940
-9218
-64884
-9616
-64827
-10014
-64766
-10411
-64704
-10808
-64639
-11204
-64571
-11600
-64501
-11996
-64429
-12391
-64354
-12785
-64277
-13180
-64197
-13573
-64115
-13966
-64030
-14359
-63944
-14751
-63854
-15142
-63762
-15534
-63668
-15924
-63572
-16314
-63473
-16703
-63372
-17091
-63268
-17479
-63162
-17866
-63054
-18253
-62943
-18639
-62830
-19024
-62714
-19408
-62596
-19792
-62476
-20175
-62353
-20557
-62228
-20939
-62101
-21320
-61971
-21699
-61839
-22078
-61705
-22456
-61568
-22834
-61429
-23210
-61288
-23586
-61144
-23961
-60999
-24335
-60850
-24708
-60700
-25080
-60547
-25450
-60392
-25821
-60235
-26190
-60075
-26558
-59914
-26925
-59750
-27291
-59583
-27656
-59415
-28020
-59244
-28383
-59071
-28745
-58896
-29106
-58718
-29466
-58538
-29824
-58356
-30182
-58172
-30538
-57986
-30893
-57798
-31248
-57607
-31600
-57414
-31952
-57219
-32302
-57022
-32652
-56823
-33000
-56621
-33347
-56418
-33692
-56212
-34036
-56004
-34380
-55794
-34721
-55582
-35062
-55368
-35401
-55152
-35738
-54934
-36075
-54714
-36410
-54491
-36744
-54267
-37076
-54040
-37407
-53812
-37736
-53581
-38064
-53349
-38391
-53114
-38716
-52878
-39040
-52639
-39362
-52398
-39683
-52156
-40002
-51911
-40320
-51665
-40636
-51417
-40951
-51166
-41264
-50914
-41576
-50660
-41886
-50404
-42194
-50146
-42501
-49886
-42806
-49624
-43110
-49361
-43412
-49095
-43712
-48828
-44011
-48559
-44308
-48288
-44604
-48015
-44898
-47741
-45190
-47464
-45480
-47186
-45769
-46906
-46056
-46624
-46341
-46341
-46624
-46056
-46906
-45769
-47186
-45480
-47464
-45190
-47741
-44898
-48015
-44604
-48288
-44308
-48559
-44011
-48828
-43712
-49095
-43412
-49361
-43110
-49624
-42806
-49886
-42501
-50146
-42194
-50404
-41886
-50660
-41576
-50914
-41264
-51166
-40951
-51417
-40636
-51665
-40320
-51911
-40002
-52156
-39683
-52398
-39362
-52639
-39040
-52878
-38716
-53114
-38391
-53349
-38064
-53581
-37736
-53812
-37407
-54040
-37076
-54267
-36744
-54491
-36410
-54714
-36075
-54934
-35738
-55152
-35401
-55368
-35062
-55582
-34721
-55794
-34380
-56004
-34036
-56212
-33692
-56418
-33347
-56621
-33000
-56823
-32652
-57022
-32302
-57219
-31952
-57414
-31600
-57607
-31248
-57798
-30893
-57986
-30538
-58172
-30182
-58356
-29824
-58538
-29466
-58718
-29106
-58896
-28745
-59071
-28383
-59244
-28020
-59415
-27656
-59583
-27291
-59750
-26925
-59914
-26558
-60075
-26190
-60235
-25821
-60392
-25450
-60547
-25080
-60700
-24708
-60850
-24335
-60999
-23961
-61144
-23586
-61288
-23210
-61429
-22834
-61568
-22456
-61705
-22078
-61839
-21699
-61971
-21320
-62101
-20939
-62228
-20557
-62353
-20175
-62476
-19792
-62596
-19408
-62714
-19024
-62830
-18639
-62943
-18253
-63054
-17866
-63162
-17479
-63268
-17091
-63372
-16703
-63473
-16314
-63572
-15924
-63668
-15534
-63762
-15142
-63854
-14751
-63944
-14359
-64030
-13966
-64115
-13573
-64197
-13180
-64277
-12785
-64354
-12391
-64429
-11996
-64501
-11600
-64571
-11204
-64639
-10808
-64704
-10411
-64766
-10014
-64827
-9616
-64884
-9218
-64940
-8820
-64993
-8421
-65043
-8022
-65091
-7623
-65137
-7224
-65180
-6824
-65220
-6424
-65258
-6023
-65294
-5623
-65328
-5222
-65358
-4821
-65387
-4420
-65413
-4019
-65436
-3617
-65457
-3216
-65476
-2814
-65492
-2412
-65505
-2010
-65516
-1608
-65525
-1206
-65531
-804
-65535
-402
