2097151
0
2096520
-51467
2094626
-102902
2091470
-154276
2087054
-205557
2081380
-256714
2074453
-307716
2066277
-358533
2056856
-409134
2046196
-459488
2034303
-509566
2021185
-559337
2006849
-608771
1991305
-657838
1974561
-706509
1956628
-754754
1937516
-802545
1917237
-849853
1895803
-896648
1873227
-942903
1849523
-988590
1824705
-1033682
1798787
-1078152
1771786
-1121971
1743718
-1165115
1714600
-1207557
1684448
-1249272
1653282
-1290234
1621120
-1330419
1587982
-1369803
1553887
-1408361
1518856
-1446071
1482910
-1482910
1446071
-1518856
1408361
-1553887
1369803
-1587982
1330419
-1621120
1290234
-1653282
1249272
-1684448
1207557
-1714600
1165115
-1743718
1121971
-1771786
1078152
-1798787
1033682
-1824705
988590
-1849523
942903
-1873227
896648
-1895803
849853
-1917237
802545
-1937516
754754
-1956628
706509
-1974561
657838
-1991305
608771
-2006849
559337
-2021185
509566
-2034303
459488
-2046196
409134
-2056856
358533
-2066277
307716
-2074453
256714
-2081380
205557
-2087054
154276
-2091470
102902
-2094626
51467
-2096520
0
-2097152
-51467
-2096520
-102902
-2094626
-154276
-2091470
-205557
-2087054
-256714
-2081380
-307716
-2074453
-358533
-2066277
-409134
-2056856
-459488
-2046196
-509566
-2034303
-559337
-2021185
-608771
-2006849
-657838
-1991305
-706509
-1974561
-754754
-1956628
-802545
-1937516
-849853
-1917237
-896648
-1895803
-942903
-1873227
-988590
-1849523
-1033682
-1824705
-1078152
-1798787
-1121971
-1771786
-1165115
-1743718
-1207557
-1714600
-1249272
-1684448
-1290234
-1653282
-1330419
-1621120
-1369803
-1587982
-1408361
-1553887
-1446071
-1518856
-1482910
-1482910
-1518856
-1446071
-1553887
-1408361
-1587982
-1369803
-1621120
-1330419
-1653282
-1290234
-1684448
-1249272
-1714600
-1207557
-1743718
-1165115
-1771786
-1121971
-1798787
-1078152
-1824705
-1033682
-1849523
-988590
-1873227
-942903
-1895803
-896648
-1917237
-849853
-1937516
-802545
-1956628
-754754
-1974561
-706509
-1991305
-657838
-2006849
-608771
-2021185
-559337
-2034303
-509566
-2046196
-459488
-2056856
-409134
-2066277
-358533
-2074453
-307716
-2081380
-256714
-2087054
-205557
-2091470
-154276
-2094626
-102902
-2096520
-51467
