4194303
0
4194284
-12868
4194225
-25736
4194126
-38603
4193988
-51470
4193810
-64337
4193593
-77203
4193337
-90069
4193041
-102933
4192705
-115797
4192330
-128659
4191916
-141521
4191462
-154381
4190968
-167239
4190436
-180096
4189863
-192951
4189252
-205805
4188601
-218656
4187910
-231506
4187180
-244353
4186411
-257198
4185602
-270040
4184754
-282880
4183866
-295718
4182939
-308552
4181973
-321384
4180967
-334212
4179922
-347038
4178838
-359860
4177714
-372679
4176551
-385494
4175349
-398306
4174107
-411114
4172826
-423918
4171506
-436718
4170147
-449514
4168748
-462305
4167310
-475093
4165833
-487876
4164316
-500654
4162761
-513428
4161166
-526196
4159532
-538960
4157859
-551719
4156147
-564472
4154396
-577221
4152605
-589963
4150776
-602701
4148907
-615432
4146999
-628158
4145053
-640878
4143067
-653592
4141042
-666299
4138978
-679001
4136876
-691696
4134734
-704384
4132554
-717066
4130334
-729741
4128076
-742410
4125779
-755071
4123443
-767725
4121068
-780372
4118655
-793011
4116203
-805644
4113712
-818268
4111182
-830885
4108613
-843494
4106006
-856095
4103360
-868688
4100676
-881273
4097953
-893849
4095191
-906418
4092391
-918977
4089553
-931528
4086676
-944070
4083760
-956604
4080806
-969128
4077813
-981643
4074783
-994149
4071713
-1006646
4068606
-1019133
4065460
-1031610
4062276
-1044078
4059054
-1056536
4055793
-1068984
4052494
-1081422
4049158
-1093850
4045783
-1106267
4042370
-1118674
4038919
-1131071
4035430
-1143457
4031902
-1155832
4028338
-1168196
4024735
-1180550
4021094
-1192892
4017415
-1205222
4013699
-1217542
4009944
-1229850
4006152
-1242147
4002323
-1254432
3998455
-1266705
3994550
-1278966
3990608
-1291215
3986628
-1303452
3982610
-1315676
3978555
-1327889
3974462
-1340089
3970332
-1352276
3966164
-1364450
3961960
-1376612
3957718
-1388760
3953438
-1400896
3949122
-1413018
3944768
-1425128
3940378
-1437223
3935950
-1449305
3931485
-1461374
3926983
-1473428
3922444
-1485469
3917868
-1497496
3913255
-1509509
3908606
-1521508
3903920
-1533492
3899196
-1545462
3894437
-1557417
3889640
-1569358
3884807
-1581284
3879938
-1593195
3875032
-1605091
3870089
-1616972
3865110
-1628837
3860095
-1640688
3855043
-1652522
3849955
-1664342
3844831
-1676145
3839670
-1687933
3834474
-1699705
3829241
-1711461
3823972
-1723201
3818668
-1734925
3813327
-1746632
3807950
-1758323
3802538
-1769997
3797090
-1781655
3791606
-1793296
3786086
-1804920
3780531
-1816527
3774940
-1828117
3769314
-1839690
3763652
-1851245
3757955
-1862783
3752222
-1874304
3746454
-1885806
3740651
-1897292
3734813
-1908759
3728939
-1920208
3723030
-1931639
3717087
-1943052
3711108
-1954447
3705094
-1965823
3699046
-1977181
3692962
-1988520
3686844
-1999841
3680692
-2011142
3674504
-2022425
3668282
-2033689
3662026
-2044934
3655735
-2056159
3649409
-2067365
3643050
-2078551
3636656
-2089718
3630227
-2100866
3623765
-2111993
3617268
-2123101
3610738
-2134188
3604173
-2145256
3597574
-2156303
3590942
-2167330
3584276
-2178337
3577576
-2189323
3570842
-2200288
3564075
-2211233
3557274
-2222157
3550440
-2233060
3543573
-2243943
3536672
-2254804
3529737
-2265643
3522770
-2276462
3515769
-2287259
3508735
-2298034
3501669
-2308788
3494569
-2319520
3487436
-2330230
3480271
-2340919
3473073
-2351585
3465842
-2362229
3458578
-2372851
3451282
-2383451
3443954
-2394028
3436592
-2404582
3429199
-2415114
3421774
-2425624
3414316
-2436110
3406826
-2446574
3399304
-2457014
3391750
-2467432
3384164
-2477826
3376546
-2488196
3368896
-2498544
3361215
-2508868
3353502
-2519168
3345758
-2529445
3337982
-2539697
3330174
-2549926
3322336
-2560131
3314466
-2570312
3306564
-2580468
3298632
-2590600
3290669
-2600708
3282674
-2610792
3274649
-2620851
3266593
-2630885
3258506
-2640894
3250389
-2650879
3242241
-2660838
3234062
-2670773
3225853
-2680682
3217614
-2690566
3209344
-2700425
3201044
-2710259
3192714
-2720066
3184354
-2729849
3175964
-2739605
3167544
-2749336
3159094
-2759041
3150615
-2768720
3142106
-2778373
3133567
-2788000
3124999
-2797600
3116401
-2807175
3107774
-2816722
3099118
-2826244
3090433
-2835738
3081718
-2845206
3072975
-2854647
3064202
-2864062
3055401
-2873449
3046571
-2882809
3037712
-2892143
3028825
-2901448
3019909
-2910727
3010965
-2919978
3001993
-2929202
2992992
-2938398
2983963
-2947567
2974906
-2956708
2965821
-2965821
2956708
-2974906
2947567
-2983963
2938398
-2992992
2929202
-3001993
2919978
-3010965
2910727
-3019909
2901448
-3028825
2892143
-3037712
2882809
-3046571
2873449
-3055401
2864062
-3064202
2854647
-3072975
2845206
-3081718
2835738
-3090433
2826244
-3099118
2816722
-3107774
2807175
-3116401
2797600
-3124999
2788000
-3133567
2778373
-3142106
2768720
-3150615
2759041
-3159094
2749336
-3167544
2739605
-3175964
2729849
-3184354
2720066
-3192714
2710259
-3201044
2700425
-3209344
2690566
-3217614
2680682
-3225853
2670773
-3234062
2660838
-3242241
2650879
-3250389
2640894
-3258506
2630885
-3266593
2620851
-3274649
2610792
-3282674
2600708
-3290669
2590600
-3298632
2580468
-3306564
2570312
-3314466
2560131
-3322336
2549926
-3330174
2539697
-3337982
2529445
-3345758
2519168
-3353502
2508868
-3361215
2498544
-3368896
2488196
-3376546
2477826
-3384164
2467432
-3391750
2457014
-3399304
2446574
-3406826
2436110
-3414316
2425624
-3421774
2415114
-3429199
2404582
-3436592
2394028
-3443954
2383451
-3451282
2372851
-3458578
2362229
-3465842
2351585
-3473073
2340919
-3480271
2330230
-3487436
2319520
-3494569
2308788
-3501669
2298034
-3508735
2287259
-3515769
2276462
-3522770
2265643
-3529737
2254804
-3536672
2243943
-3543573
2233060
-3550440
2222157
-3557274
2211233
-3564075
2200288
-3570842
2189323
-3577576
2178337
-3584276
2167330
-3590942
2156303
-3597574
2145256
-3604173
2134188
-3610738
2123101
-3617268
2111993
-3623765
2100866
-3630227
2089718
-3636656
2078551
-3643050
2067365
-3649409
2056159
-3655735
2044934
-3662026
2033689
-3668282
2022425
-3674504
2011142
-3680692
1999841
-3686844
1988520
-3692962
1977181
-3699046
1965823
-3705094
1954447
-3711108
1943052
-3717087
1931639
-3723030
1920208
-3728939
1908759
-3734813
1897292
-3740651
1885806
-3746454
1874304
-3752222
1862783
-3757955
1851245
-3763652
1839690
-3769314
1828117
-3774940
1816527
-3780531
1804920
-3786086
1793296
-3791606
1781655
-3797090
1769997
-3802538
1758323
-3807950
1746632
-3813327
1734925
-3818668
1723201
-3823972
1711461
-3829241
1699705
-3834474
1687933
-3839670
1676145
-3844831
1664342
-3849955
1652522
-3855043
1640688
-3860095
1628837
-3865110
1616972
-3870089
1605091
-3875032
1593195
-3879938
1581284
-3884807
1569358
-3889640
1557417
-3894437
1545462
-3899196
1533492
-3903920
1521508
-3908606
1509509
-3913255
1497496
-3917868
1485469
-3922444
1473428
-3926983
1461374
-3931485
1449305
-3935950
1437223
-3940378
1425128
-3944768
1413018
-3949122
1400896
-3953438
1388760
-3957718
1376612
-3961960
1364450
-3966164
1352276
-3970332
1340089
-3974462
1327889
-3978555
1315676
-3982610
1303452
-3986628
1291215
-3990608
1278966
-3994550
1266705
-3998455
1254432
-4002323
1242147
-4006152
1229850
-4009944
1217542
-4013699
1205222
-4017415
1192892
-4021094
1180550
-4024735
1168196
-4028338
1155832
-4031902
1143457
-4035430
1131071
-4038919
1118674
-4042370
1106267
-4045783
1093850
-4049158
1081422
-4052494
1068984
-4055793
1056536
-4059054
1044078
-4062276
1031610
-4065460
1019133
-4068606
1006646
-4071713
994149
-4074783
981643
-4077813
969128
-4080806
956604
-4083760
944070
-4086676
931528
-4089553
918977
-4092391
906418
-4095191
893849
-4097953
881273
-4100676
868688
-4103360
856095
-4106006
843494
-4108613
830885
-4111182
818268
-4113712
805644
-4116203
793011
-4118655
780372
-4121068
767725
-4123443
755071
-4125779
742410
-4128076
729741
-4130334
717066
-4132554
704384
-4134734
691696
-4136876
679001
-4138978
666299
-4141042
653592
-4143067
640878
-4145053
628158
-4146999
615432
-4148907
602701
-4150776
589963
-4152605
577221
-4154396
564472
-4156147
551719
-4157859
538960
-4159532
526196
-4161166
513428
-4162761
500654
-4164316
487876
-4165833
475093
-4167310
462305
-4168748
449514
-4170147
436718
-4171506
423918
-4172826
411114
-4174107
398306
-4175349
385494
-4176551
372679
-4177714
359860
-4178838
347038
-4179922
334212
-4180967
321384
-4181973
308552
-4182939
295718
-4183866
282880
-4184754
270040
-4185602
257198
-4186411
244353
-4187180
231506
-4187910
218656
-4188601
205805
-4189252
192951
-4189863
180096
-4190436
167239
-4190968
154381
-4191462
141521
-4191916
128659
-4192330
115797
-4192705
102933
-4193041
90069
-4193337
77203
-4193593
64337
-4193810
51470
-4193988
38603
-4194126
25736
-4194225
12868
-4194284
0
-4194304
-12868
-4194284
-25736
-4194225
-38603
-4194126
-51470
-4193988
-64337
-4193810
-77203
-4193593
-90069
-4193337
-102933
-4193041
-115797
-4192705
-128659
-4192330
-141521
-4191916
-154381
-4191462
-167239
-4190968
-180096
-4190436
-192951
-4189863
-205805
-4189252
-218656
-4188601
-231506
-4187910
-244353
-4187180
-257198
-4186411
-270040
-4185602
-282880
-4184754
-295718
-4183866
-308552
-4182939
-321384
-4181973
-334212
-4180967
-347038
-4179922
-359860
-4178838
-372679
-4177714
-385494
-4176551
-398306
-4175349
-411114
-4174107
-423918
-4172826
-436718
-4171506
-449514
-4170147
-462305
-4168748
-475093
-4167310
-487876
-4165833
-500654
-4164316
-513428
-4162761
-526196
-4161166
-538960
-4159532
-551719
-4157859
-564472
-4156147
-577221
-4154396
-589963
-4152605
-602701
-4150776
-615432
-4148907
-628158
-4146999
-640878
-4145053
-653592
-4143067
-666299
-4141042
-679001
-4138978
-691696
-4136876
-704384
-4134734
-717066
-4132554
-729741
-4130334
-742410
-4128076
-755071
-4125779
-767725
-4123443
-780372
-4121068
-793011
-4118655
-805644
-4116203
-818268
-4113712
-830885
-4111182
-843494
-4108613
-856095
-4106006
-868688
-4103360
-881273
-4100676
-893849
-4097953
-906418
-4095191
-918977
-4092391
-931528
-4089553
-944070
-4086676
-956604
-4083760
-969128
-4080806
-981643
-4077813
-994149
-4074783
-1006646
-4071713
-1019133
-4068606
-1031610
-4065460
-1044078
-4062276
-1056536
-4059054
-1068984
-4055793
-1081422
-4052494
-1093850
-4049158
-1106267
-4045783
-1118674
-4042370
-1131071
-4038919
-1143457
-4035430
-1155832
-4031902
-1168196
-4028338
-1180550
-4024735
-1192892
-4021094
-1205222
-4017415
-1217542
-4013699
-1229850
-4009944
-1242147
-4006152
-1254432
-4002323
-1266705
-3998455
-1278966
-3994550
-1291215
-3990608
-1303452
-3986628
-1315676
-3982610
-1327889
-3978555
-1340089
-3974462
-1352276
-3970332
-1364450
-3966164
-1376612
-3961960
-1388760
-3957718
-1400896
-3953438
-1413018
-3949122
-1425128
-3944768
-1437223
-3940378
-1449305
-3935950
-1461374
-3931485
-1473428
-3926983
-1485469
-3922444
-1497496
-3917868
-1509509
-3913255
-1521508
-3908606
-1533492
-3903920
-1545462
-3899196
-1557417
-3894437
-1569358
-3889640
-1581284
-3884807
-1593195
-3879938
-1605091
-3875032
-1616972
-3870089
-1628837
-3865110
-1640688
-3860095
-1652522
-3855043
-1664342
-3849955
-1676145
-3844831
-1687933
-3839670
-1699705
-3834474
-1711461
-3829241
-1723201
-3823972
-1734925
-3818668
-1746632
-3813327
-1758323
-3807950
-1769997
-3802538
-1781655
-3797090
-1793296
-3791606
-1804920
-3786086
-1816527
-3780531
-1828117
-3774940
-1839690
-3769314
-1851245
-3763652
-1862783
-3757955
-1874304
-3752222
-1885806
-3746454
-1897292
-3740651
-1908759
-3734813
-1920208
-3728939
-1931639
-3723030
-1943052
-3717087
-1954447
-3711108
-1965823
-3705094
-1977181
-3699046
-1988520
-3692962
-1999841
-3686844
-2011142
-3680692
-2022425
-3674504
-2033689
-3668282
-2044934
-3662026
-2056159
-3655735
-2067365
-3649409
-2078551
-3643050
-2089718
-3636656
-2100866
-3630227
-2111993
-3623765
-2123101
-3617268
-2134188
-3610738
-2145256
-3604173
-2156303
-3597574
-2167330
-3590942
-2178337
-3584276
-2189323
-3577576
-2200288
-3570842
-2211233
-3564075
-2222157
-3557274
-2233060
-3550440
-2243943
-3543573
-2254804
-3536672
-2265643
-3529737
-2276462
-3522770
-2287259
-3515769
-2298034
-3508735
-2308788
-3501669
-2319520
-3494569
-2330230
-3487436
-2340919
-3480271
-2351585
-3473073
-2362229
-3465842
-2372851
-3458578
-2383451
-3451282
-2394028
-3443954
-2404582
-3436592
-2415114
-3429199
-2425624
-3421774
-2436110
-3414316
-2446574
-3406826
-2457014
-3399304
-2467432
-3391750
-2477826
-3384164
-2488196
-3376546
-2498544
-3368896
-2508868
-3361215
-2519168
-3353502
-2529445
-3345758
-2539697
-3337982
-2549926
-3330174
-2560131
-3322336
-2570312
-3314466
-2580468
-3306564
-2590600
-3298632
-2600708
-3290669
-2610792
-3282674
-2620851
-3274649
-2630885
-3266593
-2640894
-3258506
-2650879
-3250389
-2660838
-3242241
-2670773
-3234062
-2680682
-3225853
-2690566
-3217614
-2700425
-3209344
-2710259
-3201044
-2720066
-3192714
-2729849
-3184354
-2739605
-3175964
-2749336
-3167544
-2759041
-3159094
-2768720
-3150615
-2778373
-3142106
-2788000
-3133567
-2797600
-3124999
-2807175
-3116401
-2816722
-3107774
-2826244
-3099118
-2835738
-3090433
-2845206
-3081718
-2854647
-3072975
-2864062
-3064202
-2873449
-3055401
-2882809
-3046571
-2892143
-3037712
-2901448
-3028825
-2910727
-3019909
-2919978
-3010965
-2929202
-3001993
-2938398
-2992992
-2947567
-2983963
-2956708
-2974906
-2965821
-2965821
-2974906
-2956708
-2983963
-2947567
-2992992
-2938398
-3001993
-2929202
-3010965
-2919978
-3019909
-2910727
-3028825
-2901448
-3037712
-2892143
-3046571
-2882809
-3055401
-2873449
-3064202
-2864062
-3072975
-2854647
-3081718
-2845206
-3090433
-2835738
-3099118
-2826244
-3107774
-2816722
-3116401
-2807175
-3124999
-2797600
-3133567
-2788000
-3142106
-2778373
-3150615
-2768720
-3159094
-2759041
-3167544
-2749336
-3175964
-2739605
-3184354
-2729849
-3192714
-2720066
-3201044
-2710259
-3209344
-2700425
-3217614
-2690566
-3225853
-2680682
-3234062
-2670773
-3242241
-2660838
-3250389
-2650879
-3258506
-2640894
-3266593
-2630885
-3274649
-2620851
-3282674
-2610792
-3290669
-2600708
-3298632
-2590600
-3306564
-2580468
-3314466
-2570312
-3322336
-2560131
-3330174
-2549926
-3337982
-2539697
-3345758
-2529445
-3353502
-2519168
-3361215
-2508868
-3368896
-2498544
-3376546
-2488196
-3384164
-2477826
-3391750
-2467432
-3399304
-2457014
-3406826
-2446574
-3414316
-2436110
-3421774
-2425624
-3429199
-2415114
-3436592
-2404582
-3443954
-2394028
-3451282
-2383451
-3458578
-2372851
-3465842
-2362229
-3473073
-2351585
-3480271
-2340919
-3487436
-2330230
-3494569
-2319520
-3501669
-2308788
-3508735
-2298034
-3515769
-2287259
-3522770
-2276462
-3529737
-2265643
-3536672
-2254804
-3543573
-2243943
-3550440
-2233060
-3557274
-2222157
-3564075
-2211233
-3570842
-2200288
-3577576
-2189323
-3584276
-2178337
-3590942
-2167330
-3597574
-2156303
-3604173
-2145256
-3610738
-2134188
-3617268
-2123101
-3623765
-2111993
-3630227
-2100866
-3636656
-2089718
-3643050
-2078551
-3649409
-2067365
-3655735
-2056159
-3662026
-2044934
-3668282
-2033689
-3674504
-2022425
-3680692
-2011142
-3686844
-1999841
-3692962
-1988520
-3699046
-1977181
-3705094
-1965823
-3711108
-1954447
-3717087
-1943052
-3723030
-1931639
-3728939
-1920208
-3734813
-1908759
-3740651
-1897292
-3746454
-1885806
-3752222
-1874304
-3757955
-1862783
-3763652
-1851245
-3769314
-1839690
-3774940
-1828117
-3780531
-1816527
-3786086
-1804920
-3791606
-1793296
-3797090
-1781655
-3802538
-1769997
-3807950
-1758323
-3813327
-1746632
-3818668
-1734925
-3823972
-1723201
-3829241
-1711461
-3834474
-1699705
-3839670
-1687933
-3844831
-1676145
-3849955
-1664342
-3855043
-1652522
-3860095
-1640688
-3865110
-1628837
-3870089
-1616972
-3875032
-1605091
-3879938
-1593195
-3884807
-1581284
-3889640
-1569358
-3894437
-1557417
-3899196
-1545462
-3903920
-1533492
-3908606
-1521508
-3913255
-1509509
-3917868
-1497496
-3922444
-1485469
-3926983
-1473428
-3931485
-1461374
-3935950
-1449305
-3940378
-1437223
-3944768
-1425128
-3949122
-1413018
-3953438
-1400896
-3957718
-1388760
-3961960
-1376612
-3966164
-1364450
-3970332
-1352276
-3974462
-1340089
-3978555
-1327889
-3982610
-1315676
-3986628
-1303452
-3990608
-1291215
-3994550
-1278966
-3998455
-1266705
-4002323
-1254432
-4006152
-1242147
-4009944
-1229850
-4013699
-1217542
-4017415
-1205222
-4021094
-1192892
-4024735
-1180550
-4028338
-1168196
-4031902
-1155832
-4035430
-1143457
-4038919
-1131071
-4042370
-1118674
-4045783
-1106267
-4049158
-1093850
-4052494
-1081422
-4055793
-1068984
-4059054
-1056536
-4062276
-1044078
-4065460
-1031610
-4068606
-1019133
-4071713
-1006646
-4074783
-994149
-4077813
-981643
-4080806
-969128
-4083760
-956604
-4086676
-944070
-4089553
-931528
-4092391
-918977
-4095191
-906418
-4097953
-893849
-4100676
-881273
-4103360
-868688
-4106006
-856095
-4108613
-843494
-4111182
-830885
-4113712
-818268
-4116203
-805644
-4118655
-793011
-4121068
-780372
-4123443
-767725
-4125779
-755071
-4128076
-742410
-4130334
-729741
-4132554
-717066
-4134734
-704384
-4136876
-691696
-4138978
-679001
-4141042
-666299
-4143067
-653592
-4145053
-640878
-4146999
-628158
-4148907
-615432
-4150776
-602701
-4152605
-589963
-4154396
-577221
-4156147
-564472
-4157859
-551719
-4159532
-538960
-4161166
-526196
-4162761
-513428
-4164316
-500654
-4165833
-487876
-4167310
-475093
-4168748
-462305
-4170147
-449514
-4171506
-436718
-4172826
-423918
-4174107
-411114
-4175349
-398306
-4176551
-385494
-4177714
-372679
-4178838
-359860
-4179922
-347038
-4180967
-334212
-4181973
-321384
-4182939
-308552
-4183866
-295718
-4184754
-282880
-4185602
-270040
-4186411
-257198
-4187180
-244353
-4187910
-231506
-4188601
-218656
-4189252
-205805
-4189863
-192951
-4190436
-180096
-4190968
-167239
-4191462
-154381
-4191916
-141521
-4192330
-128659
-4192705
-115797
-4193041
-102933
-4193337
-90069
-4193593
-77203
-4193810
-64337
-4193988
-51470
-4194126
-38603
-4194225
-25736
-4194284
-12868
