2097151
0
2097150
-3217
2097142
-6434
2097130
-9651
2097112
-12868
2097090
-16085
2097063
-19302
2097031
-22518
2096994
-25735
2096952
-28952
2096905
-32169
2096853
-35385
2096797
-38602
2096735
-41818
2096668
-45034
2096597
-48250
2096520
-51467
2096439
-54683
2096352
-57898
2096261
-61114
2096165
-64330
2096064
-67545
2095958
-70760
2095847
-73975
2095731
-77190
2095610
-80405
2095484
-83620
2095354
-86834
2095218
-90048
2095077
-93262
2094932
-96476
2094781
-99689
2094626
-102902
2094466
-106115
2094300
-109328
2094130
-112540
2093955
-115753
2093775
-118965
2093590
-122176
2093400
-125388
2093205
-128599
2093006
-131810
2092801
-135020
2092591
-138230
2092377
-141440
2092157
-144650
2091933
-147859
2091704
-151068
2091470
-154276
2091230
-157484
2090986
-160692
2090738
-163899
2090484
-167106
2090225
-170313
2089961
-173519
2089692
-176725
2089419
-179930
2089140
-183135
2088857
-186339
2088569
-189543
2088276
-192747
2087977
-195950
2087674
-199153
2087366
-202355
2087054
-205557
2086736
-208758
2086413
-211959
2086086
-215159
2085753
-218359
2085416
-221558
2085073
-224757
2084726
-227955
2084374
-231153
2084017
-234350
2083655
-237546
2083288
-240742
2082916
-243938
2082540
-247133
2082158
-250327
2081772
-253521
2081380
-256714
2080984
-259906
2080583
-263098
2080177
-266289
2079766
-269480
2079350
-272670
2078930
-275859
2078504
-279048
2078073
-282236
2077638
-285424
2077198
-288610
2076752
-291796
2076302
-294982
2075848
-298166
2075388
-301350
2074923
-304534
2074453
-307716
2073979
-310898
2073500
-314079
2073015
-317259
2072526
-320439
2072032
-323618
2071533
-326796
2071030
-329973
2070521
-333150
2070008
-336325
2069489
-339500
2068966
-342674
2068438
-345848
2067905
-349020
2067367
-352192
2066824
-355363
2066277
-358533
2065724
-361702
2065167
-364871
2064605
-368038
2064038
-371205
2063466
-374370
2062890
-377535
2062308
-380699
2061722
-383862
2061130
-387025
2060534
-390186
2059933
-393346
2059327
-396506
2058717
-399664
2058101
-402822
2057481
-405978
2056856
-409134
2056226
-412289
2055591
-415442
2054951
-418595
2054307
-421747
2053657
-424898
2053003
-428048
2052344
-431196
2051680
-434344
2051012
-437491
2050338
-440636
2049660
-443781
2048976
-446925
2048288
-450067
2047596
-453209
2046898
-456349
2046196
-459488
2045488
-462627
2044776
-465764
2044059
-468900
2043338
-472035
2042611
-475169
2041880
-478302
2041144
-481433
2040403
-484564
2039657
-487693
2038907
-490822
2038151
-493949
2037391
-497074
2036626
-500199
2035857
-503323
2035082
-506445
2034303
-509566
2033519
-512686
2032730
-515805
2031936
-518923
2031138
-522039
2030335
-525154
2029527
-528268
2028714
-531381
2027897
-534492
2027074
-537602
2026247
-540711
2025415
-543818
2024579
-546925
2023738
-550030
2022891
-553134
2022040
-556236
2021185
-559337
2020324
-562437
2019459
-565535
2018589
-568632
2017715
-571728
2016835
-574823
2015951
-577916
2015062
-581008
2014169
-584098
2013270
-587187
2012367
-590275
2011459
-593361
2010547
-596446
2009630
-599529
2008708
-602611
2007781
-605692
2006849
-608771
2005913
-611849
2004972
-614925
2004026
-618000
2003076
-621073
2002121
-624145
2001161
-627216
2000197
-630285
1999228
-633352
1998254
-636418
1997275
-639483
1996292
-642546
1995304
-645607
1994311
-648667
1993314
-651726
1992312
-654783
1991305
-657838
1990293
-660892
1989277
-663944
1988256
-666995
1987231
-670044
1986201
-673092
1985166
-676138
1984126
-679182
1983082
-682225
1982033
-685266
1980980
-688306
1979922
-691344
1978859
-694380
1977791
-697415
1976719
-700448
1975642
-703479
1974561
-706509
1973475
-709537
1972384
-712564
1971289
-715588
1970189
-718612
1969084
-721633
1967975
-724653
1966861
-727671
1965742
-730687
1964619
-733701
1963491
-736714
1962359
-739725
1961222
-742735
1960080
-745742
1958934
-748748
1957783
-751752
1956628
-754754
1955468
-757755
1954303
-760754
1953134
-763751
1951960
-766746
1950781
-769739
1949598
-772731
1948410
-775721
1947218
-778708
1946022
-781695
1944820
-784679
1943614
-787661
1942404
-790642
1941188
-793620
1939969
-796597
1938744
-799572
1937516
-802545
1936282
-805516
1935044
-808486
1933802
-811453
1932555
-814418
1931303
-817382
1930047
-820344
1928787
-823303
1927521
-826261
1926252
-829217
1924977
-832171
1923699
-835123
1922415
-838073
1921127
-841021
1919835
-843967
1918538
-846911
1917237
-849853
1915931
-852793
1914620
-855731
1913306
-858666
1911986
-861600
1910662
-864532
1909334
-867462
1908001
-870390
1906663
-873316
1905322
-876240
1903975
-879162
1902624
-882081
1901269
-884999
1899909
-887914
1898545
-890828
1897176
-893739
1895803
-896648
1894425
-899555
1893043
-902460
1891656
-905363
1890266
-908264
1888870
-911162
1887470
-914058
1886066
-916953
1884657
-919845
1883244
-922735
1881826
-925623
1880404
-928508
1878977
-931392
1877546
-934273
1876111
-937152
1874671
-940029
1873227
-942903
1871778
-945776
1870326
-948646
1868868
-951514
1867406
-954379
1865940
-957243
1864470
-960104
1862994
-962963
1861515
-965820
1860031
-968674
1858543
-971526
1857051
-974376
1855554
-977224
1854053
-980069
1852547
-982912
1851037
-985752
1849523
-988590
1848004
-991426
1846481
-994260
1844954
-997092
1843422
-999920
1841886
-1002747
1840346
-1005571
1838801
-1008393
1837252
-1011213
1835699
-1014030
1834141
-1016844
1832579
-1019657
1831013
-1022467
1829442
-1025274
1827867
-1028079
1826288
-1030882
1824705
-1033682
1823117
-1036480
1821525
-1039276
1819928
-1042069
1818328
-1044859
1816723
-1047647
1815114
-1050433
1813500
-1053216
1811882
-1055996
1810260
-1058775
1808634
-1061550
1807004
-1064323
1805369
-1067094
1803730
-1069862
1802086
-1072628
1800439
-1075391
1798787
-1078152
1797131
-1080910
1795471
-1083665
1793807
-1086418
1792138
-1089168
1790465
-1091916
1788788
-1094662
1787107
-1097404
1785421
-1100144
1783732
-1102882
1782038
-1105617
1780340
-1108349
1778637
-1111079
1776931
-1113806
1775220
-1116530
1773505
-1119252
1771786
-1121971
1770063
-1124688
1768336
-1127402
1766604
-1130113
1764869
-1132822
1763129
-1135528
1761385
-1138231
1759637
-1140931
1757884
-1143629
1756128
-1146324
1754368
-1149017
1752603
-1151707
1750834
-1154394
1749061
-1157078
1747284
-1159760
1745503
-1162439
1743718
-1165115
1741929
-1167789
1740135
-1170459
1738338
-1173127
1736536
-1175792
1734731
-1178455
1732921
-1181115
1731107
-1183772
1729289
-1186426
1727467
-1189077
1725641
-1191725
1723811
-1194371
1721977
-1197014
1720138
-1199654
1718296
-1202291
1716450
-1204926
1714600
-1207557
1712745
-1210186
1710887
-1212812
1709024
-1215435
1707158
-1218055
1705287
-1220672
1703413
-1223287
1701534
-1225898
1699652
-1228507
1697765
-1231113
1695875
-1233716
1693980
-1236316
1692082
-1238913
1690180
-1241507
1688273
-1244098
1686363
-1246686
1684448
-1249272
1682530
-1251854
1680608
-1254434
1678681
-1257010
1676751
-1259584
1674817
-1262155
1672879
-1264722
1670937
-1267287
1668991
-1269849
1667041
-1272407
1665087
-1274963
1663130
-1277516
1661168
-1280066
1659202
-1282612
1657233
-1285156
1655260
-1287696
1653282
-1290234
1651301
-1292769
1649316
-1295300
1647327
-1297829
1645334
-1300354
1643338
-1302876
1641337
-1305396
1639333
-1307912
1637325
-1310425
1635312
-1312935
1633296
-1315442
1631277
-1317946
1629253
-1320447
1627226
-1322945
1625194
-1325439
1623159
-1327931
1621120
-1330419
1619078
-1332904
1617031
-1335386
1614981
-1337865
1612926
-1340341
1610869
-1342814
1608807
-1345283
1606741
-1347749
1604672
-1350212
1602599
-1352672
1600522
-1355129
1598441
-1357583
1596357
-1360033
1594269
-1362480
1592177
-1364924
1590081
-1367365
1587982
-1369803
1585879
-1372237
1583772
-1374668
1581662
-1377096
1579547
-1379520
1577429
-1381942
1575307
-1384360
1573182
-1386775
1571053
-1389186
1568920
-1391595
1566784
-1394000
1564643
-1396402
1562499
-1398800
1560352
-1401195
1558200
-1403587
1556046
-1405976
1553887
-1408361
1551725
-1410743
1549559
-1413122
1547390
-1415497
1545216
-1417869
1543040
-1420238
1540859
-1422603
1538675
-1424965
1536487
-1427324
1534296
-1429679
1532101
-1432031
1529903
-1434379
1527700
-1436724
1525495
-1439066
1523286
-1441405
1521073
-1443740
1518856
-1446071
1516636
-1448400
1514412
-1450724
1512185
-1453046
1509955
-1455364
1507720
-1457678
1505482
-1459989
1503241
-1462297
1500996
-1464601
1498748
-1466902
1496496
-1469199
1494240
-1471493
1491981
-1473784
1489719
-1476070
1487453
-1478354
1485183
-1480634
1482910
-1482910
1480634
-1485183
1478354
-1487453
1476070
-1489719
1473784
-1491981
1471493
-1494240
1469199
-1496496
1466902
-1498748
1464601
-1500996
1462297
-1503241
1459989
-1505482
1457678
-1507720
1455364
-1509955
1453046
-1512185
1450724
-1514412
1448400
-1516636
1446071
-1518856
1443740
-1521073
1441405
-1523286
1439066
-1525495
1436724
-1527700
1434379
-1529903
1432031
-1532101
1429679
-1534296
1427324
-1536487
1424965
-1538675
1422603
-1540859
1420238
-1543040
1417869
-1545216
1415497
-1547390
1413122
-1549559
1410743
-1551725
1408361
-1553887
1405976
-1556046
1403587
-1558200
1401195
-1560352
1398800
-1562499
1396402
-1564643
1394000
-1566784
1391595
-1568920
1389186
-1571053
1386775
-1573182
1384360
-1575307
1381942
-1577429
1379520
-1579547
1377096
-1581662
1374668
-1583772
1372237
-1585879
1369803
-1587982
1367365
-1590081
1364924
-1592177
1362480
-1594269
1360033
-1596357
1357583
-1598441
1355129
-1600522
1352672
-1602599
1350212
-1604672
1347749
-1606741
1345283
-1608807
1342814
-1610869
1340341
-1612926
1337865
-1614981
1335386
-1617031
1332904
-1619078
1330419
-1621120
1327931
-1623159
1325439
-1625194
1322945
-1627226
1320447
-1629253
1317946
-1631277
1315442
-1633296
1312935
-1635312
1310425
-1637325
1307912
-1639333
1305396
-1641337
1302876
-1643338
1300354
-1645334
1297829
-1647327
1295300
-1649316
1292769
-1651301
1290234
-1653282
1287696
-1655260
1285156
-1657233
1282612
-1659202
1280066
-1661168
1277516
-1663130
1274963
-1665087
1272407
-1667041
1269849
-1668991
1267287
-1670937
1264722
-1672879
1262155
-1674817
1259584
-1676751
1257010
-1678681
1254434
-1680608
1251854
-1682530
1249272
-1684448
1246686
-1686363
1244098
-1688273
1241507
-1690180
1238913
-1692082
1236316
-1693980
1233716
-1695875
1231113
-1697765
1228507
-1699652
1225898
-1701534
1223287
-1703413
1220672
-1705287
1218055
-1707158
1215435
-1709024
1212812
-1710887
1210186
-1712745
1207557
-1714600
1204926
-1716450
1202291
-1718296
1199654
-1720138
1197014
-1721977
1194371
-1723811
1191725
-1725641
1189077
-1727467
1186426
-1729289
1183772
-1731107
1181115
-1732921
1178455
-1734731
1175792
-1736536
1173127
-1738338
1170459
-1740135
1167789
-1741929
1165115
-1743718
1162439
-1745503
1159760
-1747284
1157078
-1749061
1154394
-1750834
1151707
-1752603
1149017
-1754368
1146324
-1756128
1143629
-1757884
1140931
-1759637
1138231
-1761385
1135528
-1763129
1132822
-1764869
1130113
-1766604
1127402
-1768336
1124688
-1770063
1121971
-1771786
1119252
-1773505
1116530
-1775220
1113806
-1776931
1111079
-1778637
1108349
-1780340
1105617
-1782038
1102882
-1783732
1100144
-1785421
1097404
-1787107
1094662
-1788788
1091916
-1790465
1089168
-1792138
1086418
-1793807
1083665
-1795471
1080910
-1797131
1078152
-1798787
1075391
-1800439
1072628
-1802086
1069862
-1803730
1067094
-1805369
1064323
-1807004
1061550
-1808634
1058775
-1810260
1055996
-1811882
1053216
-1813500
1050433
-1815114
1047647
-1816723
1044859
-1818328
1042069
-1819928
1039276
-1821525
1036480
-1823117
1033682
-1824705
1030882
-1826288
1028079
-1827867
1025274
-1829442
1022467
-1831013
1019657
-1832579
1016844
-1834141
1014030
-1835699
1011213
-1837252
1008393
-1838801
1005571
-1840346
1002747
-1841886
999920
-1843422
997092
-1844954
994260
-1846481
991426
-1848004
988590
-1849523
985752
-1851037
982912
-1852547
980069
-1854053
977224
-1855554
974376
-1857051
971526
-1858543
968674
-1860031
965820
-1861515
962963
-1862994
960104
-1864470
957243
-1865940
954379
-1867406
951514
-1868868
948646
-1870326
945776
-1871778
942903
-1873227
940029
-1874671
937152
-1876111
934273
-1877546
931392
-1878977
928508
-1880404
925623
-1881826
922735
-1883244
919845
-1884657
916953
-1886066
914058
-1887470
911162
-1888870
908264
-1890266
905363
-1891656
902460
-1893043
899555
-1894425
896648
-1895803
893739
-1897176
890828
-1898545
887914
-1899909
884999
-1901269
882081
-1902624
879162
-1903975
876240
-1905322
873316
-1906663
870390
-1908001
867462
-1909334
864532
-1910662
861600
-1911986
858666
-1913306
855731
-1914620
852793
-1915931
849853
-1917237
846911
-1918538
843967
-1919835
841021
-1921127
838073
-1922415
835123
-1923699
832171
-1924977
829217
-1926252
826261
-1927521
823303
-1928787
820344
-1930047
817382
-1931303
814418
-1932555
811453
-1933802
808486
-1935044
805516
-1936282
802545
-1937516
799572
-1938744
796597
-1939969
793620
-1941188
790642
-1942404
787661
-1943614
784679
-1944820
781695
-1946022
778708
-1947218
775721
-1948410
772731
-1949598
769739
-1950781
766746
-1951960
763751
-1953134
760754
-1954303
757755
-1955468
754754
-1956628
751752
-1957783
748748
-1958934
745742
-1960080
742735
-1961222
739725
-1962359
736714
-1963491
733701
-1964619
730687
-1965742
727671
-1966861
724653
-1967975
721633
-1969084
718612
-1970189
715588
-1971289
712564
-1972384
709537
-1973475
706509
-1974561
703479
-1975642
700448
-1976719
697415
-1977791
694380
-1978859
691344
-1979922
688306
-1980980
685266
-1982033
682225
-1983082
679182
-1984126
676138
-1985166
673092
-1986201
670044
-1987231
666995
-1988256
663944
-1989277
660892
-1990293
657838
-1991305
654783
-1992312
651726
-1993314
648667
-1994311
645607
-1995304
642546
-1996292
639483
-1997275
636418
-1998254
633352
-1999228
630285
-2000197
627216
-2001161
624145
-2002121
621073
-2003076
618000
-2004026
614925
-2004972
611849
-2005913
608771
-2006849
605692
-2007781
602611
-2008708
599529
-2009630
596446
-2010547
593361
-2011459
590275
-2012367
587187
-2013270
584098
-2014169
581008
-2015062
577916
-2015951
574823
-2016835
571728
-2017715
568632
-2018589
565535
-2019459
562437
-2020324
559337
-2021185
556236
-2022040
553134
-2022891
550030
-2023738
546925
-2024579
543818
-2025415
540711
-2026247
537602
-2027074
534492
-2027897
531381
-2028714
528268
-2029527
525154
-2030335
522039
-2031138
518923
-2031936
515805
-2032730
512686
-2033519
509566
-2034303
506445
-2035082
503323
-2035857
500199
-2036626
497074
-2037391
493949
-2038151
490822
-2038907
487693
-2039657
484564
-2040403
481433
-2041144
478302
-2041880
475169
-2042611
472035
-2043338
468900
-2044059
465764
-2044776
462627
-2045488
459488
-2046196
456349
-2046898
453209
-2047596
450067
-2048288
446925
-2048976
443781
-2049660
440636
-2050338
437491
-2051012
434344
-2051680
431196
-2052344
428048
-2053003
424898
-2053657
421747
-2054307
418595
-2054951
415442
-2055591
412289
-2056226
409134
-2056856
405978
-2057481
402822
-2058101
399664
-2058717
396506
-2059327
393346
-2059933
390186
-2060534
387025
-2061130
383862
-2061722
380699
-2062308
377535
-2062890
374370
-2063466
371205
-2064038
368038
-2064605
364871
-2065167
361702
-2065724
358533
-2066277
355363
-2066824
352192
-2067367
349020
-2067905
345848
-2068438
342674
-2068966
339500
-2069489
336325
-2070008
333150
-2070521
329973
-2071030
326796
-2071533
323618
-2072032
320439
-2072526
317259
-2073015
314079
-2073500
310898
-2073979
307716
-2074453
304534
-2074923
301350
-2075388
298166
-2075848
294982
-2076302
291796
-2076752
288610
-2077198
285424
-2077638
282236
-2078073
279048
-2078504
275859
-2078930
272670
-2079350
269480
-2079766
266289
-2080177
263098
-2080583
259906
-2080984
256714
-2081380
253521
-2081772
250327
-2082158
247133
-2082540
243938
-2082916
240742
-2083288
237546
-2083655
234350
-2084017
231153
-2084374
227955
-2084726
224757
-2085073
221558
-2085416
218359
-2085753
215159
-2086086
211959
-2086413
208758
-2086736
205557
-2087054
202355
-2087366
199153
-2087674
195950
-2087977
192747
-2088276
189543
-2088569
186339
-2088857
183135
-2089140
179930
-2089419
176725
-2089692
173519
-2089961
170313
-2090225
167106
-2090484
163899
-2090738
160692
-2090986
157484
-2091230
154276
-2091470
151068
-2091704
147859
-2091933
144650
-2092157
141440
-2092377
138230
-2092591
135020
-2092801
131810
-2093006
128599
-2093205
125388
-2093400
122176
-2093590
118965
-2093775
115753
-2093955
112540
-2094130
109328
-2094300
106115
-2094466
102902
-2094626
99689
-2094781
96476
-2094932
93262
-2095077
90048
-2095218
86834
-2095354
83620
-2095484
80405
-2095610
77190
-2095731
73975
-2095847
70760
-2095958
67545
-2096064
64330
-2096165
61114
-2096261
57898
-2096352
54683
-2096439
51467
-2096520
48250
-2096597
45034
-2096668
41818
-2096735
38602
-2096797
35385
-2096853
32169
-2096905
28952
-2096952
25735
-2096994
22518
-2097031
19302
-2097063
16085
-2097090
12868
-2097112
9651
-2097130
6434
-2097142
3217
-2097150
0
-2097152
-3217
-2097150
-6434
-2097142
-9651
-2097130
-12868
-2097112
-16085
-2097090
-19302
-2097063
-22518
-2097031
-25735
-2096994
-28952
-2096952
-32169
-2096905
-35385
-2096853
-38602
-2096797
-41818
-2096735
-45034
-2096668
-48250
-2096597
-51467
-2096520
-54683
-2096439
-57898
-2096352
-61114
-2096261
-64330
-2096165
-67545
-2096064
-70760
-2095958
-73975
-2095847
-77190
-2095731
-80405
-2095610
-83620
-2095484
-86834
-2095354
-90048
-2095218
-93262
-2095077
-96476
-2094932
-99689
-2094781
-102902
-2094626
-106115
-2094466
-109328
-2094300
-112540
-2094130
-115753
-2093955
-118965
-2093775
-122176
-2093590
-125388
-2093400
-128599
-2093205
-131810
-2093006
-135020
-2092801
-138230
-2092591
-141440
-2092377
-144650
-2092157
-147859
-2091933
-151068
-2091704
-154276
-2091470
-157484
-2091230
-160692
-2090986
-163899
-2090738
-167106
-2090484
-170313
-2090225
-173519
-2089961
-176725
-2089692
-179930
-2089419
-183135
-2089140
-186339
-2088857
-189543
-2088569
-192747
-2088276
-195950
-2087977
-199153
-2087674
-202355
-2087366
-205557
-2087054
-208758
-2086736
-211959
-2086413
-215159
-2086086
-218359
-2085753
-221558
-2085416
-224757
-2085073
-227955
-2084726
-231153
-2084374
-234350
-2084017
-237546
-2083655
-240742
-2083288
-243938
-2082916
-247133
-2082540
-250327
-2082158
-253521
-2081772
-256714
-2081380
-259906
-2080984
-263098
-2080583
-266289
-2080177
-269480
-2079766
-272670
-2079350
-275859
-2078930
-279048
-2078504
-282236
-2078073
-285424
-2077638
-288610
-2077198
-291796
-2076752
-294982
-2076302
-298166
-2075848
-301350
-2075388
-304534
-2074923
-307716
-2074453
-310898
-2073979
-314079
-2073500
-317259
-2073015
-320439
-2072526
-323618
-2072032
-326796
-2071533
-329973
-2071030
-333150
-2070521
-336325
-2070008
-339500
-2069489
-342674
-2068966
-345848
-2068438
-349020
-2067905
-352192
-2067367
-355363
-2066824
-358533
-2066277
-361702
-2065724
-364871
-2065167
-368038
-2064605
-371205
-2064038
-374370
-2063466
-377535
-2062890
-380699
-2062308
-383862
-2061722
-387025
-2061130
-390186
-2060534
-393346
-2059933
-396506
-2059327
-399664
-2058717
-402822
-2058101
-405978
-2057481
-409134
-2056856
-412289
-2056226
-415442
-2055591
-418595
-2054951
-421747
-2054307
-424898
-2053657
-428048
-2053003
-431196
-2052344
-434344
-2051680
-437491
-2051012
-440636
-2050338
-443781
-2049660
-446925
-2048976
-450067
-2048288
-453209
-2047596
-456349
-2046898
-459488
-2046196
-462627
-2045488
-465764
-2044776
-468900
-2044059
-472035
-2043338
-475169
-2042611
-478302
-2041880
-481433
-2041144
-484564
-2040403
-487693
-2039657
-490822
-2038907
-493949
-2038151
-497074
-2037391
-500199
-2036626
-503323
-2035857
-506445
-2035082
-509566
-2034303
-512686
-2033519
-515805
-2032730
-518923
-2031936
-522039
-2031138
-525154
-2030335
-528268
-2029527
-531381
-2028714
-534492
-2027897
-537602
-2027074
-540711
-2026247
-543818
-2025415
-546925
-2024579
-550030
-2023738
-553134
-2022891
-556236
-2022040
-559337
-2021185
-562437
-2020324
-565535
-2019459
-568632
-2018589
-571728
-2017715
-574823
-2016835
-577916
-2015951
-581008
-2015062
-584098
-2014169
-587187
-2013270
-590275
-2012367
-593361
-2011459
-596446
-2010547
-599529
-2009630
-602611
-2008708
-605692
-2007781
-608771
-2006849
-611849
-2005913
-614925
-2004972
-618000
-2004026
-621073
-2003076
-624145
-2002121
-627216
-2001161
-630285
-2000197
-633352
-1999228
-636418
-1998254
-639483
-1997275
-642546
-1996292
-645607
-1995304
-648667
-1994311
-651726
-1993314
-654783
-1992312
-657838
-1991305
-660892
-1990293
-663944
-1989277
-666995
-1988256
-670044
-1987231
-673092
-1986201
-676138
-1985166
-679182
-1984126
-682225
-1983082
-685266
-1982033
-688306
-1980980
-691344
-1979922
-694380
-1978859
-697415
-1977791
-700448
-1976719
-703479
-1975642
-706509
-1974561
-709537
-1973475
-712564
-1972384
-715588
-1971289
-718612
-1970189
-721633
-1969084
-724653
-1967975
-727671
-1966861
-730687
-1965742
-733701
-1964619
-736714
-1963491
-739725
-1962359
-742735
-1961222
-745742
-1960080
-748748
-1958934
-751752
-1957783
-754754
-1956628
-757755
-1955468
-760754
-1954303
-763751
-1953134
-766746
-1951960
-769739
-1950781
-772731
-1949598
-775721
-1948410
-778708
-1947218
-781695
-1946022
-784679
-1944820
-787661
-1943614
-790642
-1942404
-793620
-1941188
-796597
-1939969
-799572
-1938744
-802545
-1937516
-805516
-1936282
-808486
-1935044
-811453
-1933802
-814418
-1932555
-817382
-1931303
-820344
-1930047
-823303
-1928787
-826261
-1927521
-829217
-1926252
-832171
-1924977
-835123
-1923699
-838073
-1922415
-841021
-1921127
-843967
-1919835
-846911
-1918538
-849853
-1917237
-852793
-1915931
-855731
-1914620
-858666
-1913306
-861600
-1911986
-864532
-1910662
-867462
-1909334
-870390
-1908001
-873316
-1906663
-876240
-1905322
-879162
-1903975
-882081
-1902624
-884999
-1901269
-887914
-1899909
-890828
-1898545
-893739
-1897176
-896648
-1895803
-899555
-1894425
-902460
-1893043
-905363
-1891656
-908264
-1890266
-911162
-1888870
-914058
-1887470
-916953
-1886066
-919845
-1884657
-922735
-1883244
-925623
-1881826
-928508
-1880404
-931392
-1878977
-934273
-1877546
-937152
-1876111
-940029
-1874671
-942903
-1873227
-945776
-1871778
-948646
-1870326
-951514
-1868868
-954379
-1867406
-957243
-1865940
-960104
-1864470
-962963
-1862994
-965820
-1861515
-968674
-1860031
-971526
-1858543
-974376
-1857051
-977224
-1855554
-980069
-1854053
-982912
-1852547
-985752
-1851037
-988590
-1849523
-991426
-1848004
-994260
-1846481
-997092
-1844954
-999920
-1843422
-1002747
-1841886
-1005571
-1840346
-1008393
-1838801
-1011213
-1837252
-1014030
-1835699
-1016844
-1834141
-1019657
-1832579
-1022467
-1831013
-1025274
-1829442
-1028079
-1827867
-1030882
-1826288
-1033682
-1824705
-1036480
-1823117
-1039276
-1821525
-1042069
-1819928
-1044859
-1818328
-1047647
-1816723
-1050433
-1815114
-1053216
-1813500
-1055996
-1811882
-1058775
-1810260
-1061550
-1808634
-1064323
-1807004
-1067094
-1805369
-1069862
-1803730
-1072628
-1802086
-1075391
-1800439
-1078152
-1798787
-1080910
-1797131
-1083665
-1795471
-1086418
-1793807
-1089168
-1792138
-1091916
-1790465
-1094662
-1788788
-1097404
-1787107
-1100144
-1785421
-1102882
-1783732
-1105617
-1782038
-1108349
-1780340
-1111079
-1778637
-1113806
-1776931
-1116530
-1775220
-1119252
-1773505
-1121971
-1771786
-1124688
-1770063
-1127402
-1768336
-1130113
-1766604
-1132822
-1764869
-1135528
-1763129
-1138231
-1761385
-1140931
-1759637
-1143629
-1757884
-1146324
-1756128
-1149017
-1754368
-1151707
-1752603
-1154394
-1750834
-1157078
-1749061
-1159760
-1747284
-1162439
-1745503
-1165115
-1743718
-1167789
-1741929
-1170459
-1740135
-1173127
-1738338
-1175792
-1736536
-1178455
-1734731
-1181115
-1732921
-1183772
-1731107
-1186426
-1729289
-1189077
-1727467
-1191725
-1725641
-1194371
-1723811
-1197014
-1721977
-1199654
-1720138
-1202291
-1718296
-1204926
-1716450
-1207557
-1714600
-1210186
-1712745
-1212812
-1710887
-1215435
-1709024
-1218055
-1707158
-1220672
-1705287
-1223287
-1703413
-1225898
-1701534
-1228507
-1699652
-1231113
-1697765
-1233716
-1695875
-1236316
-1693980
-1238913
-1692082
-1241507
-1690180
-1244098
-1688273
-1246686
-1686363
-1249272
-1684448
-1251854
-1682530
-1254434
-1680608
-1257010
-1678681
-1259584
-1676751
-1262155
-1674817
-1264722
-1672879
-1267287
-1670937
-1269849
-1668991
-1272407
-1667041
-1274963
-1665087
-1277516
-1663130
-1280066
-1661168
-1282612
-1659202
-1285156
-1657233
-1287696
-1655260
-1290234
-1653282
-1292769
-1651301
-1295300
-1649316
-1297829
-1647327
-1300354
-1645334
-1302876
-1643338
-1305396
-1641337
-1307912
-1639333
-1310425
-1637325
-1312935
-1635312
-1315442
-1633296
-1317946
-1631277
-1320447
-1629253
-1322945
-1627226
-1325439
-1625194
-1327931
-1623159
-1330419
-1621120
-1332904
-1619078
-1335386
-1617031
-1337865
-1614981
-1340341
-1612926
-1342814
-1610869
-1345283
-1608807
-1347749
-1606741
-1350212
-1604672
-1352672
-1602599
-1355129
-1600522
-1357583
-1598441
-1360033
-1596357
-1362480
-1594269
-1364924
-1592177
-1367365
-1590081
-1369803
-1587982
-1372237
-1585879
-1374668
-1583772
-1377096
-1581662
-1379520
-1579547
-1381942
-1577429
-1384360
-1575307
-1386775
-1573182
-1389186
-1571053
-1391595
-1568920
-1394000
-1566784
-1396402
-1564643
-1398800
-1562499
-1401195
-1560352
-1403587
-1558200
-1405976
-1556046
-1408361
-1553887
-1410743
-1551725
-1413122
-1549559
-1415497
-1547390
-1417869
-1545216
-1420238
-1543040
-1422603
-1540859
-1424965
-1538675
-1427324
-1536487
-1429679
-1534296
-1432031
-1532101
-1434379
-1529903
-1436724
-1527700
-1439066
-1525495
-1441405
-1523286
-1443740
-1521073
-1446071
-1518856
-1448400
-1516636
-1450724
-1514412
-1453046
-1512185
-1455364
-1509955
-1457678
-1507720
-1459989
-1505482
-1462297
-1503241
-1464601
-1500996
-1466902
-1498748
-1469199
-1496496
-1471493
-1494240
-1473784
-1491981
-1476070
-1489719
-1478354
-1487453
-1480634
-1485183
-1482910
-1482910
-1485183
-1480634
-1487453
-1478354
-1489719
-1476070
-1491981
-1473784
-1494240
-1471493
-1496496
-1469199
-1498748
-1466902
-1500996
-1464601
-1503241
-1462297
-1505482
-1459989
-1507720
-1457678
-1509955
-1455364
-1512185
-1453046
-1514412
-1450724
-1516636
-1448400
-1518856
-1446071
-1521073
-1443740
-1523286
-1441405
-1525495
-1439066
-1527700
-1436724
-1529903
-1434379
-1532101
-1432031
-1534296
-1429679
-1536487
-1427324
-1538675
-1424965
-1540859
-1422603
-1543040
-1420238
-1545216
-1417869
-1547390
-1415497
-1549559
-1413122
-1551725
-1410743
-1553887
-1408361
-1556046
-1405976
-1558200
-1403587
-1560352
-1401195
-1562499
-1398800
-1564643
-1396402
-1566784
-1394000
-1568920
-1391595
-1571053
-1389186
-1573182
-1386775
-1575307
-1384360
-1577429
-1381942
-1579547
-1379520
-1581662
-1377096
-1583772
-1374668
-1585879
-1372237
-1587982
-1369803
-1590081
-1367365
-1592177
-1364924
-1594269
-1362480
-1596357
-1360033
-1598441
-1357583
-1600522
-1355129
-1602599
-1352672
-1604672
-1350212
-1606741
-1347749
-1608807
-1345283
-1610869
-1342814
-1612926
-1340341
-1614981
-1337865
-1617031
-1335386
-1619078
-1332904
-1621120
-1330419
-1623159
-1327931
-1625194
-1325439
-1627226
-1322945
-1629253
-1320447
-1631277
-1317946
-1633296
-1315442
-1635312
-1312935
-1637325
-1310425
-1639333
-1307912
-1641337
-1305396
-1643338
-1302876
-1645334
-1300354
-1647327
-1297829
-1649316
-1295300
-1651301
-1292769
-1653282
-1290234
-1655260
-1287696
-1657233
-1285156
-1659202
-1282612
-1661168
-1280066
-1663130
-1277516
-1665087
-1274963
-1667041
-1272407
-1668991
-1269849
-1670937
-1267287
-1672879
-1264722
-1674817
-1262155
-1676751
-1259584
-1678681
-1257010
-1680608
-1254434
-1682530
-1251854
-1684448
-1249272
-1686363
-1246686
-1688273
-1244098
-1690180
-1241507
-1692082
-1238913
-1693980
-1236316
-1695875
-1233716
-1697765
-1231113
-1699652
-1228507
-1701534
-1225898
-1703413
-1223287
-1705287
-1220672
-1707158
-1218055
-1709024
-1215435
-1710887
-1212812
-1712745
-1210186
-1714600
-1207557
-1716450
-1204926
-1718296
-1202291
-1720138
-1199654
-1721977
-1197014
-1723811
-1194371
-1725641
-1191725
-1727467
-1189077
-1729289
-1186426
-1731107
-1183772
-1732921
-1181115
-1734731
-1178455
-1736536
-1175792
-1738338
-1173127
-1740135
-1170459
-1741929
-1167789
-1743718
-1165115
-1745503
-1162439
-1747284
-1159760
-1749061
-1157078
-1750834
-1154394
-1752603
-1151707
-1754368
-1149017
-1756128
-1146324
-1757884
-1143629
-1759637
-1140931
-1761385
-1138231
-1763129
-1135528
-1764869
-1132822
-1766604
-1130113
-1768336
-1127402
-1770063
-1124688
-1771786
-1121971
-1773505
-1119252
-1775220
-1116530
-1776931
-1113806
-1778637
-1111079
-1780340
-1108349
-1782038
-1105617
-1783732
-1102882
-1785421
-1100144
-1787107
-1097404
-1788788
-1094662
-1790465
-1091916
-1792138
-1089168
-1793807
-1086418
-1795471
-1083665
-1797131
-1080910
-1798787
-1078152
-1800439
-1075391
-1802086
-1072628
-1803730
-1069862
-1805369
-1067094
-1807004
-1064323
-1808634
-1061550
-1810260
-1058775
-1811882
-1055996
-1813500
-1053216
-1815114
-1050433
-1816723
-1047647
-1818328
-1044859
-1819928
-1042069
-1821525
-1039276
-1823117
-1036480
-1824705
-1033682
-1826288
-1030882
-1827867
-1028079
-1829442
-1025274
-1831013
-1022467
-1832579
-1019657
-1834141
-1016844
-1835699
-1014030
-1837252
-1011213
-1838801
-1008393
-1840346
-1005571
-1841886
-1002747
-1843422
-999920
-1844954
-997092
-1846481
-994260
-1848004
-991426
-1849523
-988590
-1851037
-985752
-1852547
-982912
-1854053
-980069
-1855554
-977224
-1857051
-974376
-1858543
-971526
-1860031
-968674
-1861515
-965820
-1862994
-962963
-1864470
-960104
-1865940
-957243
-1867406
-954379
-1868868
-951514
-1870326
-948646
-1871778
-945776
-1873227
-942903
-1874671
-940029
-1876111
-937152
-1877546
-934273
-1878977
-931392
-1880404
-928508
-1881826
-925623
-1883244
-922735
-1884657
-919845
-1886066
-916953
-1887470
-914058
-1888870
-911162
-1890266
-908264
-1891656
-905363
-1893043
-902460
-1894425
-899555
-1895803
-896648
-1897176
-893739
-1898545
-890828
-1899909
-887914
-1901269
-884999
-1902624
-882081
-1903975
-879162
-1905322
-876240
-1906663
-873316
-1908001
-870390
-1909334
-867462
-1910662
-864532
-1911986
-861600
-1913306
-858666
-1914620
-855731
-1915931
-852793
-1917237
-849853
-1918538
-846911
-1919835
-843967
-1921127
-841021
-1922415
-838073
-1923699
-835123
-1924977
-832171
-1926252
-829217
-1927521
-826261
-1928787
-823303
-1930047
-820344
-1931303
-817382
-1932555
-814418
-1933802
-811453
-1935044
-808486
-1936282
-805516
-1937516
-802545
-1938744
-799572
-1939969
-796597
-1941188
-793620
-1942404
-790642
-1943614
-787661
-1944820
-784679
-1946022
-781695
-1947218
-778708
-1948410
-775721
-1949598
-772731
-1950781
-769739
-1951960
-766746
-1953134
-763751
-1954303
-760754
-1955468
-757755
-1956628
-754754
-1957783
-751752
-1958934
-748748
-1960080
-745742
-1961222
-742735
-1962359
-739725
-1963491
-736714
-1964619
-733701
-1965742
-730687
-1966861
-727671
-1967975
-724653
-1969084
-721633
-1970189
-718612
-1971289
-715588
-1972384
-712564
-1973475
-709537
-1974561
-706509
-1975642
-703479
-1976719
-700448
-1977791
-697415
-1978859
-694380
-1979922
-691344
-1980980
-688306
-1982033
-685266
-1983082
-682225
-1984126
-679182
-1985166
-676138
-1986201
-673092
-1987231
-670044
-1988256
-666995
-1989277
-663944
-1990293
-660892
-1991305
-657838
-1992312
-654783
-1993314
-651726
-1994311
-648667
-1995304
-645607
-1996292
-642546
-1997275
-639483
-1998254
-636418
-1999228
-633352
-2000197
-630285
-2001161
-627216
-2002121
-624145
-2003076
-621073
-2004026
-618000
-2004972
-614925
-2005913
-611849
-2006849
-608771
-2007781
-605692
-2008708
-602611
-2009630
-599529
-2010547
-596446
-2011459
-593361
-2012367
-590275
-2013270
-587187
-2014169
-584098
-2015062
-581008
-2015951
-577916
-2016835
-574823
-2017715
-571728
-2018589
-568632
-2019459
-565535
-2020324
-562437
-2021185
-559337
-2022040
-556236
-2022891
-553134
-2023738
-550030
-2024579
-546925
-2025415
-543818
-2026247
-540711
-2027074
-537602
-2027897
-534492
-2028714
-531381
-2029527
-528268
-2030335
-525154
-2031138
-522039
-2031936
-518923
-2032730
-515805
-2033519
-512686
-2034303
-509566
-2035082
-506445
-2035857
-503323
-2036626
-500199
-2037391
-497074
-2038151
-493949
-2038907
-490822
-2039657
-487693
-2040403
-484564
-2041144
-481433
-2041880
-478302
-2042611
-475169
-2043338
-472035
-2044059
-468900
-2044776
-465764
-2045488
-462627
-2046196
-459488
-2046898
-456349
-2047596
-453209
-2048288
-450067
-2048976
-446925
-2049660
-443781
-2050338
-440636
-2051012
-437491
-2051680
-434344
-2052344
-431196
-2053003
-428048
-2053657
-424898
-2054307
-421747
-2054951
-418595
-2055591
-415442
-2056226
-412289
-2056856
-409134
-2057481
-405978
-2058101
-402822
-2058717
-399664
-2059327
-396506
-2059933
-393346
-2060534
-390186
-2061130
-387025
-2061722
-383862
-2062308
-380699
-2062890
-377535
-2063466
-374370
-2064038
-371205
-2064605
-368038
-2065167
-364871
-2065724
-361702
-2066277
-358533
-2066824
-355363
-2067367
-352192
-2067905
-349020
-2068438
-345848
-2068966
-342674
-2069489
-339500
-2070008
-336325
-2070521
-333150
-2071030
-329973
-2071533
-326796
-2072032
-323618
-2072526
-320439
-2073015
-317259
-2073500
-314079
-2073979
-310898
-2074453
-307716
-2074923
-304534
-2075388
-301350
-2075848
-298166
-2076302
-294982
-2076752
-291796
-2077198
-288610
-2077638
-285424
-2078073
-282236
-2078504
-279048
-2078930
-275859
-2079350
-272670
-2079766
-269480
-2080177
-266289
-2080583
-263098
-2080984
-259906
-2081380
-256714
-2081772
-253521
-2082158
-250327
-2082540
-247133
-2082916
-243938
-2083288
-240742
-2083655
-237546
-2084017
-234350
-2084374
-231153
-2084726
-227955
-2085073
-224757
-2085416
-221558
-2085753
-218359
-2086086
-215159
-2086413
-211959
-2086736
-208758
-2087054
-205557
-2087366
-202355
-2087674
-199153
-2087977
-195950
-2088276
-192747
-2088569
-189543
-2088857
-186339
-2089140
-183135
-2089419
-179930
-2089692
-176725
-2089961
-173519
-2090225
-170313
-2090484
-167106
-2090738
-163899
-2090986
-160692
-2091230
-157484
-2091470
-154276
-2091704
-151068
-2091933
-147859
-2092157
-144650
-2092377
-141440
-2092591
-138230
-2092801
-135020
-2093006
-131810
-2093205
-128599
-2093400
-125388
-2093590
-122176
-2093775
-118965
-2093955
-115753
-2094130
-112540
-2094300
-109328
-2094466
-106115
-2094626
-102902
-2094781
-99689
-2094932
-96476
-2095077
-93262
-2095218
-90048
-2095354
-86834
-2095484
-83620
-2095610
-80405
-2095731
-77190
-2095847
-73975
-2095958
-70760
-2096064
-67545
-2096165
-64330
-2096261
-61114
-2096352
-57898
-2096439
-54683
-2096520
-51467
-2096597
-48250
-2096668
-45034
-2096735
-41818
-2096797
-38602
-2096853
-35385
-2096905
-32169
-2096952
-28952
-2096994
-25735
-2097031
-22518
-2097063
-19302
-2097090
-16085
-2097112
-12868
-2097130
-9651
-2097142
-6434
-2097150
-3217
