524287
0
524287
-804
524286
-1608
524282
-2413
524278
-3217
524272
-4021
524266
-4825
524258
-5630
524248
-6434
524238
-7238
524226
-8042
524213
-8846
524199
-9650
524184
-10454
524167
-11258
524149
-12063
524130
-12867
524110
-13671
524088
-14474
524065
-15278
524041
-16082
524016
-16886
523989
-17690
523962
-18494
523933
-19298
523902
-20101
523871
-20905
523838
-21708
523804
-22512
523769
-23315
523733
-24119
523695
-24922
523656
-25726
523616
-26529
523575
-27332
523532
-28135
523489
-28938
523444
-29741
523398
-30544
523350
-31347
523301
-32150
523251
-32952
523200
-33755
523148
-34558
523094
-35360
523039
-36162
522983
-36965
522926
-37767
522867
-38569
522808
-39371
522747
-40173
522684
-40975
522621
-41776
522556
-42578
522490
-43380
522423
-44181
522355
-44982
522285
-45784
522214
-46585
522142
-47386
522069
-48187
521994
-48988
521918
-49788
521842
-50589
521763
-51389
521684
-52190
521603
-52990
521521
-53790
521438
-54590
521354
-55390
521268
-56189
521182
-56989
521093
-57788
521004
-58587
520914
-59386
520822
-60186
520729
-60984
520635
-61783
520540
-62582
520443
-63380
520345
-64178
520246
-64976
520146
-65774
520044
-66572
519942
-67370
519838
-68168
519732
-68965
519626
-69762
519518
-70559
519410
-71356
519299
-72152
519188
-72949
519076
-73745
518962
-74542
518847
-75338
518731
-76133
518613
-76929
518495
-77724
518375
-78520
518254
-79315
518132
-80110
518008
-80904
517883
-81699
517757
-82493
517630
-83287
517502
-84081
517372
-84875
517242
-85669
517109
-86462
516976
-87255
516842
-88048
516706
-88841
516569
-89633
516431
-90426
516292
-91218
516151
-92010
516010
-92801
515866
-93593
515722
-94384
515577
-95175
515430
-95966
515282
-96756
515134
-97546
514983
-98336
514832
-99126
514679
-99916
514525
-100705
514370
-101494
514214
-102284
514056
-103072
513898
-103860
513738
-104649
513577
-105437
513414
-106224
513251
-107012
513086
-107799
512920
-108586
512753
-109373
512584
-110159
512415
-110945
512244
-111731
512072
-112517
511899
-113302
511724
-114087
511549
-114872
511372
-115657
511194
-116441
511015
-117225
510834
-118009
510653
-118792
510470
-119575
510286
-120358
510101
-121141
509914
-121923
509727
-122705
509538
-123487
509348
-124269
509156
-125050
508964
-125831
508770
-126611
508576
-127392
508380
-128172
508182
-128951
507984
-129731
507784
-130510
507584
-131288
507382
-132067
507178
-132845
506974
-133623
506768
-134400
506562
-135178
506354
-135955
506145
-136731
505934
-137507
505723
-138283
505510
-139059
505296
-139834
505081
-140609
504865
-141384
504647
-142158
504429
-142932
504209
-143706
503988
-144479
503766
-145252
503542
-146024
503318
-146797
503092
-147569
502865
-148340
502637
-149111
502407
-149882
502177
-150653
501945
-151423
501712
-152193
501478
-152962
501243
-153731
501007
-154500
500769
-155268
500530
-156036
500290
-156804
500049
-157571
499807
-158338
499563
-159104
499319
-159871
499073
-160636
498826
-161402
498578
-162167
498328
-162931
498078
-163696
497826
-164460
497573
-165223
497319
-165986
497064
-166749
496808
-167511
496550
-168273
496291
-169034
496032
-169796
495770
-170556
495508
-171316
495245
-172076
494980
-172836
494715
-173595
494448
-174354
494180
-175112
493910
-175870
493640
-176627
493369
-177384
493096
-178141
492822
-178897
492547
-179653
492271
-180408
491994
-181163
491715
-181918
491436
-182672
491155
-183425
490873
-184178
490590
-184931
490305
-185684
490020
-186436
489734
-187187
489446
-187938
489157
-188689
488867
-189439
488576
-190188
488283
-190938
487990
-191686
487695
-192435
487400
-193183
487103
-193930
486804
-194677
486505
-195424
486205
-196170
485904
-196915
485601
-197660
485297
-198405
484992
-199149
484686
-199893
484379
-200636
484070
-201379
483761
-202121
483450
-202863
483139
-203605
482826
-204346
482512
-205086
482197
-205826
481880
-206565
481563
-207304
481244
-208043
480925
-208781
480604
-209518
480282
-210255
479959
-210992
479634
-211728
479309
-212463
478983
-213198
478655
-213933
478326
-214667
477996
-215400
477666
-216133
477333
-216866
477000
-217598
476666
-218329
476330
-219060
475994
-219790
475656
-220520
475317
-221250
474977
-221978
474636
-222707
474294
-223435
473951
-224162
473606
-224889
473261
-225615
472914
-226341
472566
-227066
472218
-227790
471868
-228515
471516
-229238
471164
-229961
470811
-230684
470456
-231406
470101
-232127
469744
-232848
469386
-233568
469028
-234288
468668
-235007
468307
-235726
467945
-236444
467581
-237161
467217
-237878
466852
-238595
466485
-239311
466117
-240026
465749
-240741
465379
-241455
465008
-242168
464636
-242882
464263
-243594
463888
-244306
463513
-245017
463137
-245728
462759
-246438
462381
-247148
462001
-247857
461620
-248565
461238
-249273
460856
-249980
460472
-250687
460086
-251393
459700
-252098
459313
-252803
458925
-253507
458535
-254211
458145
-254914
457753
-255617
457360
-256318
456967
-257020
456572
-257720
456176
-258420
455779
-259120
455381
-259819
454982
-260517
454582
-261215
454181
-261912
453778
-262608
453375
-263304
452970
-263999
452565
-264694
452158
-265388
451751
-266081
451342
-266774
450932
-267466
450522
-268157
450110
-268848
449697
-269538
449283
-270227
448868
-270916
448452
-271604
448034
-272292
447616
-272979
447197
-273665
446777
-274351
446355
-275036
445933
-275720
445509
-276404
445085
-277087
444659
-277770
444233
-278451
443805
-279132
443376
-279813
442946
-280493
442516
-281172
442084
-281850
441651
-282528
441217
-283205
440782
-283882
440346
-284558
439909
-285233
439471
-285907
439032
-286581
438592
-287254
438151
-287927
437708
-288598
437265
-289270
436821
-289940
436376
-290610
435930
-291279
435482
-291947
435034
-292615
434584
-293282
434134
-293948
433683
-294614
433230
-295279
432777
-295943
432322
-296606
431867
-297269
431410
-297931
430953
-298593
430494
-299253
430035
-299914
429574
-300573
429112
-301231
428650
-301889
428186
-302546
427722
-303203
427256
-303859
426789
-304514
426322
-305168
425853
-305822
425384
-306474
424913
-307127
424441
-307778
423969
-308429
423495
-309079
423020
-309728
422545
-310377
422068
-311024
421591
-311672
421112
-312318
420632
-312964
420152
-313608
419670
-314252
419188
-314896
418704
-315539
418220
-316180
417734
-316822
417248
-317462
416760
-318102
416272
-318741
415782
-319379
415292
-320016
414800
-320653
414308
-321289
413815
-321924
413320
-322558
412825
-323192
412329
-323825
411832
-324457
411334
-325088
410834
-325719
410334
-326349
409833
-326978
409331
-327606
408828
-328234
408324
-328860
407819
-329486
407313
-330112
406806
-330736
406298
-331360
405790
-331983
405280
-332605
404769
-333226
404258
-333846
403745
-334466
403232
-335085
402717
-335703
402202
-336321
401685
-336937
401168
-337553
400650
-338168
400130
-338782
399610
-339396
399089
-340008
398567
-340620
398044
-341231
397520
-341841
396996
-342451
396470
-343059
395943
-343667
395415
-344274
394887
-344880
394357
-345485
393827
-346090
393296
-346694
392763
-347297
392230
-347899
391696
-348500
391161
-349100
390625
-349700
390088
-350299
389550
-350897
389011
-351494
388472
-352090
387931
-352686
387390
-353280
386847
-353874
386304
-354467
385760
-355059
385215
-355651
384669
-356241
384122
-356831
383574
-357420
383025
-358008
382476
-358595
381925
-359181
381374
-359766
380821
-360351
380268
-360935
379714
-361518
379159
-362100
378603
-362681
378046
-363261
377489
-363841
376930
-364420
376371
-364997
375810
-365574
375249
-366150
374687
-366725
374124
-367300
373560
-367873
372995
-368446
372430
-369018
371863
-369588
371296
-370158
370728
-370728
370158
-371296
369588
-371863
369018
-372430
368446
-372995
367873
-373560
367300
-374124
366725
-374687
366150
-375249
365574
-375810
364997
-376371
364420
-376930
363841
-377489
363261
-378046
362681
-378603
362100
-379159
361518
-379714
360935
-380268
360351
-380821
359766
-381374
359181
-381925
358595
-382476
358008
-383025
357420
-383574
356831
-384122
356241
-384669
355651
-385215
355059
-385760
354467
-386304
353874
-386847
353280
-387390
352686
-387931
352090
-388472
351494
-389011
350897
-389550
350299
-390088
349700
-390625
349100
-391161
348500
-391696
347899
-392230
347297
-392763
346694
-393296
346090
-393827
345485
-394357
344880
-394887
344274
-395415
343667
-395943
343059
-396470
342451
-396996
341841
-397520
341231
-398044
340620
-398567
340008
-399089
339396
-399610
338782
-400130
338168
-400650
337553
-401168
336937
-401685
336321
-402202
335703
-402717
335085
-403232
334466
-403745
333846
-404258
333226
-404769
332605
-405280
331983
-405790
331360
-406298
330736
-406806
330112
-407313
329486
-407819
328860
-408324
328234
-408828
327606
-409331
326978
-409833
326349
-410334
325719
-410834
325088
-411334
324457
-411832
323825
-412329
323192
-412825
322558
-413320
321924
-413815
321289
-414308
320653
-414800
320016
-415292
319379
-415782
318741
-416272
318102
-416760
317462
-417248
316822
-417734
316180
-418220
315539
-418704
314896
-419188
314252
-419670
313608
-420152
312964
-420632
312318
-421112
311672
-421591
311024
-422068
310377
-422545
309728
-423020
309079
-423495
308429
-423969
307778
-424441
307127
-424913
306474
-425384
305822
-425853
305168
-426322
304514
-426789
303859
-427256
303203
-427722
302546
-428186
301889
-428650
301231
-429112
300573
-429574
299914
-430035
299253
-430494
298593
-430953
297931
-431410
297269
-431867
296606
-432322
295943
-432777
295279
-433230
294614
-433683
293948
-434134
293282
-434584
292615
-435034
291947
-435482
291279
-435930
290610
-436376
289940
-436821
289270
-437265
288598
-437708
287927
-438151
287254
-438592
286581
-439032
285907
-439471
285233
-439909
284558
-440346
283882
-440782
283205
-441217
282528
-441651
281850
-442084
281172
-442516
280493
-442946
279813
-443376
279132
-443805
278451
-444233
277770
-444659
277087
-445085
276404
-445509
275720
-445933
275036
-446355
274351
-446777
273665
-447197
272979
-447616
272292
-448034
271604
-448452
270916
-448868
270227
-449283
269538
-449697
268848
-450110
268157
-450522
267466
-450932
266774
-451342
266081
-451751
265388
-452158
264694
-452565
263999
-452970
263304
-453375
262608
-453778
261912
-454181
261215
-454582
260517
-454982
259819
-455381
259120
-455779
258420
-456176
257720
-456572
257020
-456967
256318
-457360
255617
-457753
254914
-458145
254211
-458535
253507
-458925
252803
-459313
252098
-459700
251393
-460086
250687
-460472
249980
-460856
249273
-461238
248565
-461620
247857
-462001
247148
-462381
246438
-462759
245728
-463137
245017
-463513
244306
-463888
243594
-464263
242882
-464636
242168
-465008
241455
-465379
240741
-465749
240026
-466117
239311
-466485
238595
-466852
237878
-467217
237161
-467581
236444
-467945
235726
-468307
235007
-468668
234288
-469028
233568
-469386
232848
-469744
232127
-470101
231406
-470456
230684
-470811
229961
-471164
229238
-471516
228515
-471868
227790
-472218
227066
-472566
226341
-472914
225615
-473261
224889
-473606
224162
-473951
223435
-474294
222707
-474636
221978
-474977
221250
-475317
220520
-475656
219790
-475994
219060
-476330
218329
-476666
217598
-477000
216866
-477333
216133
-477666
215400
-477996
214667
-478326
213933
-478655
213198
-478983
212463
-479309
211728
-479634
210992
-479959
210255
-480282
209518
-480604
208781
-480925
208043
-481244
207304
-481563
206565
-481880
205826
-482197
205086
-482512
204346
-482826
203605
-483139
202863
-483450
202121
-483761
201379
-484070
200636
-484379
199893
-484686
199149
-484992
198405
-485297
197660
-485601
196915
-485904
196170
-486205
195424
-486505
194677
-486804
193930
-487103
193183
-487400
192435
-487695
191686
-487990
190938
-488283
190188
-488576
189439
-488867
188689
-489157
187938
-489446
187187
-489734
186436
-490020
185684
-490305
184931
-490590
184178
-490873
183425
-491155
182672
-491436
181918
-491715
181163
-491994
180408
-492271
179653
-492547
178897
-492822
178141
-493096
177384
-493369
176627
-493640
175870
-493910
175112
-494180
174354
-494448
173595
-494715
172836
-494980
172076
-495245
171316
-495508
170556
-495770
169796
-496032
169034
-496291
168273
-496550
167511
-496808
166749
-497064
165986
-497319
165223
-497573
164460
-497826
163696
-498078
162931
-498328
162167
-498578
161402
-498826
160636
-499073
159871
-499319
159104
-499563
158338
-499807
157571
-500049
156804
-500290
156036
-500530
155268
-500769
154500
-501007
153731
-501243
152962
-501478
152193
-501712
151423
-501945
150653
-502177
149882
-502407
149111
-502637
148340
-502865
147569
-503092
146797
-503318
146024
-503542
145252
-503766
144479
-503988
143706
-504209
142932
-504429
142158
-504647
141384
-504865
140609
-505081
139834
-505296
139059
-505510
138283
-505723
137507
-505934
136731
-506145
135955
-506354
135178
-506562
134400
-506768
133623
-506974
132845
-507178
132067
-507382
131288
-507584
130510
-507784
129731
-507984
128951
-508182
128172
-508380
127392
-508576
126611
-508770
125831
-508964
125050
-509156
124269
-509348
123487
-509538
122705
-509727
121923
-509914
121141
-510101
120358
-510286
119575
-510470
118792
-510653
118009
-510834
117225
-511015
116441
-511194
115657
-511372
114872
-511549
114087
-511724
113302
-511899
112517
-512072
111731
-512244
110945
-512415
110159
-512584
109373
-512753
108586
-512920
107799
-513086
107012
-513251
106224
-513414
105437
-513577
104649
-513738
103860
-513898
103072
-514056
102284
-514214
101494
-514370
100705
-514525
99916
-514679
99126
-514832
98336
-514983
97546
-515134
96756
-515282
95966
-515430
95175
-515577
94384
-515722
93593
-515866
92801
-516010
92010
-516151
91218
-516292
90426
-516431
89633
-516569
88841
-516706
88048
-516842
87255
-516976
86462
-517109
85669
-517242
84875
-517372
84081
-517502
83287
-517630
82493
-517757
81699
-517883
80904
-518008
80110
-518132
79315
-518254
78520
-518375
77724
-518495
76929
-518613
76133
-518731
75338
-518847
74542
-518962
73745
-519076
72949
-519188
72152
-519299
71356
-519410
70559
-519518
69762
-519626
68965
-519732
68168
-519838
67370
-519942
66572
-520044
65774
-520146
64976
-520246
64178
-520345
63380
-520443
62582
-520540
61783
-520635
60984
-520729
60186
-520822
59386
-520914
58587
-521004
57788
-521093
56989
-521182
56189
-521268
55390
-521354
54590
-521438
53790
-521521
52990
-521603
52190
-521684
51389
-521763
50589
-521842
49788
-521918
48988
-521994
48187
-522069
47386
-522142
46585
-522214
45784
-522285
44982
-522355
44181
-522423
43380
-522490
42578
-522556
41776
-522621
40975
-522684
40173
-522747
39371
-522808
38569
-522867
37767
-522926
36965
-522983
36162
-523039
35360
-523094
34558
-523148
33755
-523200
32952
-523251
32150
-523301
31347
-523350
30544
-523398
29741
-523444
28938
-523489
28135
-523532
27332
-523575
26529
-523616
25726
-523656
24922
-523695
24119
-523733
23315
-523769
22512
-523804
21708
-523838
20905
-523871
20101
-523902
19298
-523933
18494
-523962
17690
-523989
16886
-524016
16082
-524041
15278
-524065
14474
-524088
13671
-524110
12867
-524130
12063
-524149
11258
-524167
10454
-524184
9650
-524199
8846
-524213
8042
-524226
7238
-524238
6434
-524248
5630
-524258
4825
-524266
4021
-524272
3217
-524278
2413
-524282
1608
-524286
804
-524287
0
-524288
-804
-524287
-1608
-524286
-2413
-524282
-3217
-524278
-4021
-524272
-4825
-524266
-5630
-524258
-6434
-524248
-7238
-524238
-8042
-524226
-8846
-524213
-9650
-524199
-10454
-524184
-11258
-524167
-12063
-524149
-12867
-524130
-13671
-524110
-14474
-524088
-15278
-524065
-16082
-524041
-16886
-524016
-17690
-523989
-18494
-523962
-19298
-523933
-20101
-523902
-20905
-523871
-21708
-523838
-22512
-523804
-23315
-523769
-24119
-523733
-24922
-523695
-25726
-523656
-26529
-523616
-27332
-523575
-28135
-523532
-28938
-523489
-29741
-523444
-30544
-523398
-31347
-523350
-32150
-523301
-32952
-523251
-33755
-523200
-34558
-523148
-35360
-523094
-36162
-523039
-36965
-522983
-37767
-522926
-38569
-522867
-39371
-522808
-40173
-522747
-40975
-522684
-41776
-522621
-42578
-522556
-43380
-522490
-44181
-522423
-44982
-522355
-45784
-522285
-46585
-522214
-47386
-522142
-48187
-522069
-48988
-521994
-49788
-521918
-50589
-521842
-51389
-521763
-52190
-521684
-52990
-521603
-53790
-521521
-54590
-521438
-55390
-521354
-56189
-521268
-56989
-521182
-57788
-521093
-58587
-521004
-59386
-520914
-60186
-520822
-60984
-520729
-61783
-520635
-62582
-520540
-63380
-520443
-64178
-520345
-64976
-520246
-65774
-520146
-66572
-520044
-67370
-519942
-68168
-519838
-68965
-519732
-69762
-519626
-70559
-519518
-71356
-519410
-72152
-519299
-72949
-519188
-73745
-519076
-74542
-518962
-75338
-518847
-76133
-518731
-76929
-518613
-77724
-518495
-78520
-518375
-79315
-518254
-80110
-518132
-80904
-518008
-81699
-517883
-82493
-517757
-83287
-517630
-84081
-517502
-84875
-517372
-85669
-517242
-86462
-517109
-87255
-516976
-88048
-516842
-88841
-516706
-89633
-516569
-90426
-516431
-91218
-516292
-92010
-516151
-92801
-516010
-93593
-515866
-94384
-515722
-95175
-515577
-95966
-515430
-96756
-515282
-97546
-515134
-98336
-514983
-99126
-514832
-99916
-514679
-100705
-514525
-101494
-514370
-102284
-514214
-103072
-514056
-103860
-513898
-104649
-513738
-105437
-513577
-106224
-513414
-107012
-513251
-107799
-513086
-108586
-512920
-109373
-512753
-110159
-512584
-110945
-512415
-111731
-512244
-112517
-512072
-113302
-511899
-114087
-511724
-114872
-511549
-115657
-511372
-116441
-511194
-117225
-511015
-118009
-510834
-118792
-510653
-119575
-510470
-120358
-510286
-121141
-510101
-121923
-509914
-122705
-509727
-123487
-509538
-124269
-509348
-125050
-509156
-125831
-508964
-126611
-508770
-127392
-508576
-128172
-508380
-128951
-508182
-129731
-507984
-130510
-507784
-131288
-507584
-132067
-507382
-132845
-507178
-133623
-506974
-134400
-506768
-135178
-506562
-135955
-506354
-136731
-506145
-137507
-505934
-138283
-505723
-139059
-505510
-139834
-505296
-140609
-505081
-141384
-504865
-142158
-504647
-142932
-504429
-143706
-504209
-144479
-503988
-145252
-503766
-146024
-503542
-146797
-503318
-147569
-503092
-148340
-502865
-149111
-502637
-149882
-502407
-150653
-502177
-151423
-501945
-152193
-501712
-152962
-501478
-153731
-501243
-154500
-501007
-155268
-500769
-156036
-500530
-156804
-500290
-157571
-500049
-158338
-499807
-159104
-499563
-159871
-499319
-160636
-499073
-161402
-498826
-162167
-498578
-162931
-498328
-163696
-498078
-164460
-497826
-165223
-497573
-165986
-497319
-166749
-497064
-167511
-496808
-168273
-496550
-169034
-496291
-169796
-496032
-170556
-495770
-171316
-495508
-172076
-495245
-172836
-494980
-173595
-494715
-174354
-494448
-175112
-494180
-175870
-493910
-176627
-493640
-177384
-493369
-178141
-493096
-178897
-492822
-179653
-492547
-180408
-492271
-181163
-491994
-181918
-491715
-182672
-491436
-183425
-491155
-184178
-490873
-184931
-490590
-185684
-490305
-186436
-490020
-187187
-489734
-187938
-489446
-188689
-489157
-189439
-488867
-190188
-488576
-190938
-488283
-191686
-487990
-192435
-487695
-193183
-487400
-193930
-487103
-194677
-486804
-195424
-486505
-196170
-486205
-196915
-485904
-197660
-485601
-198405
-485297
-199149
-484992
-199893
-484686
-200636
-484379
-201379
-484070
-202121
-483761
-202863
-483450
-203605
-483139
-204346
-482826
-205086
-482512
-205826
-482197
-206565
-481880
-207304
-481563
-208043
-481244
-208781
-480925
-209518
-480604
-210255
-480282
-210992
-479959
-211728
-479634
-212463
-479309
-213198
-478983
-213933
-478655
-214667
-478326
-215400
-477996
-216133
-477666
-216866
-477333
-217598
-477000
-218329
-476666
-219060
-476330
-219790
-475994
-220520
-475656
-221250
-475317
-221978
-474977
-222707
-474636
-223435
-474294
-224162
-473951
-224889
-473606
-225615
-473261
-226341
-472914
-227066
-472566
-227790
-472218
-228515
-471868
-229238
-471516
-229961
-471164
-230684
-470811
-231406
-470456
-232127
-470101
-232848
-469744
-233568
-469386
-234288
-469028
-235007
-468668
-235726
-468307
-236444
-467945
-237161
-467581
-237878
-467217
-238595
-466852
-239311
-466485
-240026
-466117
-240741
-465749
-241455
-465379
-242168
-465008
-242882
-464636
-243594
-464263
-244306
-463888
-245017
-463513
-245728
-463137
-246438
-462759
-247148
-462381
-247857
-462001
-248565
-461620
-249273
-461238
-249980
-460856
-250687
-460472
-251393
-460086
-252098
-459700
-252803
-459313
-253507
-458925
-254211
-458535
-254914
-458145
-255617
-457753
-256318
-457360
-257020
-456967
-257720
-456572
-258420
-456176
-259120
-455779
-259819
-455381
-260517
-454982
-261215
-454582
-261912
-454181
-262608
-453778
-263304
-453375
-263999
-452970
-264694
-452565
-265388
-452158
-266081
-451751
-266774
-451342
-267466
-450932
-268157
-450522
-268848
-450110
-269538
-449697
-270227
-449283
-270916
-448868
-271604
-448452
-272292
-448034
-272979
-447616
-273665
-447197
-274351
-446777
-275036
-446355
-275720
-445933
-276404
-445509
-277087
-445085
-277770
-444659
-278451
-444233
-279132
-443805
-279813
-443376
-280493
-442946
-281172
-442516
-281850
-442084
-282528
-441651
-283205
-441217
-283882
-440782
-284558
-440346
-285233
-439909
-285907
-439471
-286581
-439032
-287254
-438592
-287927
-438151
-288598
-437708
-289270
-437265
-289940
-436821
-290610
-436376
-291279
-435930
-291947
-435482
-292615
-435034
-293282
-434584
-293948
-434134
-294614
-433683
-295279
-433230
-295943
-432777
-296606
-432322
-297269
-431867
-297931
-431410
-298593
-430953
-299253
-430494
-299914
-430035
-300573
-429574
-301231
-429112
-301889
-428650
-302546
-428186
-303203
-427722
-303859
-427256
-304514
-426789
-305168
-426322
-305822
-425853
-306474
-425384
-307127
-424913
-307778
-424441
-308429
-423969
-309079
-423495
-309728
-423020
-310377
-422545
-311024
-422068
-311672
-421591
-312318
-421112
-312964
-420632
-313608
-420152
-314252
-419670
-314896
-419188
-315539
-418704
-316180
-418220
-316822
-417734
-317462
-417248
-318102
-416760
-318741
-416272
-319379
-415782
-320016
-415292
-320653
-414800
-321289
-414308
-321924
-413815
-322558
-413320
-323192
-412825
-323825
-412329
-324457
-411832
-325088
-411334
-325719
-410834
-326349
-410334
-326978
-409833
-327606
-409331
-328234
-408828
-328860
-408324
-329486
-407819
-330112
-407313
-330736
-406806
-331360
-406298
-331983
-405790
-332605
-405280
-333226
-404769
-333846
-404258
-334466
-403745
-335085
-403232
-335703
-402717
-336321
-402202
-336937
-401685
-337553
-401168
-338168
-400650
-338782
-400130
-339396
-399610
-340008
-399089
-340620
-398567
-341231
-398044
-341841
-397520
-342451
-396996
-343059
-396470
-343667
-395943
-344274
-395415
-344880
-394887
-345485
-394357
-346090
-393827
-346694
-393296
-347297
-392763
-347899
-392230
-348500
-391696
-349100
-391161
-349700
-390625
-350299
-390088
-350897
-389550
-351494
-389011
-352090
-388472
-352686
-387931
-353280
-387390
-353874
-386847
-354467
-386304
-355059
-385760
-355651
-385215
-356241
-384669
-356831
-384122
-357420
-383574
-358008
-383025
-358595
-382476
-359181
-381925
-359766
-381374
-360351
-380821
-360935
-380268
-361518
-379714
-362100
-379159
-362681
-378603
-363261
-378046
-363841
-377489
-364420
-376930
-364997
-376371
-365574
-375810
-366150
-375249
-366725
-374687
-367300
-374124
-367873
-373560
-368446
-372995
-369018
-372430
-369588
-371863
-370158
-371296
-370728
-370728
-371296
-370158
-371863
-369588
-372430
-369018
-372995
-368446
-373560
-367873
-374124
-367300
-374687
-366725
-375249
-366150
-375810
-365574
-376371
-364997
-376930
-364420
-377489
-363841
-378046
-363261
-378603
-362681
-379159
-362100
-379714
-361518
-380268
-360935
-380821
-360351
-381374
-359766
-381925
-359181
-382476
-358595
-383025
-358008
-383574
-357420
-384122
-356831
-384669
-356241
-385215
-355651
-385760
-355059
-386304
-354467
-386847
-353874
-387390
-353280
-387931
-352686
-388472
-352090
-389011
-351494
-389550
-350897
-390088
-350299
-390625
-349700
-391161
-349100
-391696
-348500
-392230
-347899
-392763
-347297
-393296
-346694
-393827
-346090
-394357
-345485
-394887
-344880
-395415
-344274
-395943
-343667
-396470
-343059
-396996
-342451
-397520
-341841
-398044
-341231
-398567
-340620
-399089
-340008
-399610
-339396
-400130
-338782
-400650
-338168
-401168
-337553
-401685
-336937
-402202
-336321
-402717
-335703
-403232
-335085
-403745
-334466
-404258
-333846
-404769
-333226
-405280
-332605
-405790
-331983
-406298
-331360
-406806
-330736
-407313
-330112
-407819
-329486
-408324
-328860
-408828
-328234
-409331
-327606
-409833
-326978
-410334
-326349
-410834
-325719
-411334
-325088
-411832
-324457
-412329
-323825
-412825
-323192
-413320
-322558
-413815
-321924
-414308
-321289
-414800
-320653
-415292
-320016
-415782
-319379
-416272
-318741
-416760
-318102
-417248
-317462
-417734
-316822
-418220
-316180
-418704
-315539
-419188
-314896
-419670
-314252
-420152
-313608
-420632
-312964
-421112
-312318
-421591
-311672
-422068
-311024
-422545
-310377
-423020
-309728
-423495
-309079
-423969
-308429
-424441
-307778
-424913
-307127
-425384
-306474
-425853
-305822
-426322
-305168
-426789
-304514
-427256
-303859
-427722
-303203
-428186
-302546
-428650
-301889
-429112
-301231
-429574
-300573
-430035
-299914
-430494
-299253
-430953
-298593
-431410
-297931
-431867
-297269
-432322
-296606
-432777
-295943
-433230
-295279
-433683
-294614
-434134
-293948
-434584
-293282
-435034
-292615
-435482
-291947
-435930
-291279
-436376
-290610
-436821
-289940
-437265
-289270
-437708
-288598
-438151
-287927
-438592
-287254
-439032
-286581
-439471
-285907
-439909
-285233
-440346
-284558
-440782
-283882
-441217
-283205
-441651
-282528
-442084
-281850
-442516
-281172
-442946
-280493
-443376
-279813
-443805
-279132
-444233
-278451
-444659
-277770
-445085
-277087
-445509
-276404
-445933
-275720
-446355
-275036
-446777
-274351
-447197
-273665
-447616
-272979
-448034
-272292
-448452
-271604
-448868
-270916
-449283
-270227
-449697
-269538
-450110
-268848
-450522
-268157
-450932
-267466
-451342
-266774
-451751
-266081
-452158
-265388
-452565
-264694
-452970
-263999
-453375
-263304
-453778
-262608
-454181
-261912
-454582
-261215
-454982
-260517
-455381
-259819
-455779
-259120
-456176
-258420
-456572
-257720
-456967
-257020
-457360
-256318
-457753
-255617
-458145
-254914
-458535
-254211
-458925
-253507
-459313
-252803
-459700
-252098
-460086
-251393
-460472
-250687
-460856
-249980
-461238
-249273
-461620
-248565
-462001
-247857
-462381
-247148
-462759
-246438
-463137
-245728
-463513
-245017
-463888
-244306
-464263
-243594
-464636
-242882
-465008
-242168
-465379
-241455
-465749
-240741
-466117
-240026
-466485
-239311
-466852
-238595
-467217
-237878
-467581
-237161
-467945
-236444
-468307
-235726
-468668
-235007
-469028
-234288
-469386
-233568
-469744
-232848
-470101
-232127
-470456
-231406
-470811
-230684
-471164
-229961
-471516
-229238
-471868
-228515
-472218
-227790
-472566
-227066
-472914
-226341
-473261
-225615
-473606
-224889
-473951
-224162
-474294
-223435
-474636
-222707
-474977
-221978
-475317
-221250
-475656
-220520
-475994
-219790
-476330
-219060
-476666
-218329
-477000
-217598
-477333
-216866
-477666
-216133
-477996
-215400
-478326
-214667
-478655
-213933
-478983
-213198
-479309
-212463
-479634
-211728
-479959
-210992
-480282
-210255
-480604
-209518
-480925
-208781
-481244
-208043
-481563
-207304
-481880
-206565
-482197
-205826
-482512
-205086
-482826
-204346
-483139
-203605
-483450
-202863
-483761
-202121
-484070
-201379
-484379
-200636
-484686
-199893
-484992
-199149
-485297
-198405
-485601
-197660
-485904
-196915
-486205
-196170
-486505
-195424
-486804
-194677
-487103
-193930
-487400
-193183
-487695
-192435
-487990
-191686
-488283
-190938
-488576
-190188
-488867
-189439
-489157
-188689
-489446
-187938
-489734
-187187
-490020
-186436
-490305
-185684
-490590
-184931
-490873
-184178
-491155
-183425
-491436
-182672
-491715
-181918
-491994
-181163
-492271
-180408
-492547
-179653
-492822
-178897
-493096
-178141
-493369
-177384
-493640
-176627
-493910
-175870
-494180
-175112
-494448
-174354
-494715
-173595
-494980
-172836
-495245
-172076
-495508
-171316
-495770
-170556
-496032
-169796
-496291
-169034
-496550
-168273
-496808
-167511
-497064
-166749
-497319
-165986
-497573
-165223
-497826
-164460
-498078
-163696
-498328
-162931
-498578
-162167
-498826
-161402
-499073
-160636
-499319
-159871
-499563
-159104
-499807
-158338
-500049
-157571
-500290
-156804
-500530
-156036
-500769
-155268
-501007
-154500
-501243
-153731
-501478
-152962
-501712
-152193
-501945
-151423
-502177
-150653
-502407
-149882
-502637
-149111
-502865
-148340
-503092
-147569
-503318
-146797
-503542
-146024
-503766
-145252
-503988
-144479
-504209
-143706
-504429
-142932
-504647
-142158
-504865
-141384
-505081
-140609
-505296
-139834
-505510
-139059
-505723
-138283
-505934
-137507
-506145
-136731
-506354
-135955
-506562
-135178
-506768
-134400
-506974
-133623
-507178
-132845
-507382
-132067
-507584
-131288
-507784
-130510
-507984
-129731
-508182
-128951
-508380
-128172
-508576
-127392
-508770
-126611
-508964
-125831
-509156
-125050
-509348
-124269
-509538
-123487
-509727
-122705
-509914
-121923
-510101
-121141
-510286
-120358
-510470
-119575
-510653
-118792
-510834
-118009
-511015
-117225
-511194
-116441
-511372
-115657
-511549
-114872
-511724
-114087
-511899
-113302
-512072
-112517
-512244
-111731
-512415
-110945
-512584
-110159
-512753
-109373
-512920
-108586
-513086
-107799
-513251
-107012
-513414
-106224
-513577
-105437
-513738
-104649
-513898
-103860
-514056
-103072
-514214
-102284
-514370
-101494
-514525
-100705
-514679
-99916
-514832
-99126
-514983
-98336
-515134
-97546
-515282
-96756
-515430
-95966
-515577
-95175
-515722
-94384
-515866
-93593
-516010
-92801
-516151
-92010
-516292
-91218
-516431
-90426
-516569
-89633
-516706
-88841
-516842
-88048
-516976
-87255
-517109
-86462
-517242
-85669
-517372
-84875
-517502
-84081
-517630
-83287
-517757
-82493
-517883
-81699
-518008
-80904
-518132
-80110
-518254
-79315
-518375
-78520
-518495
-77724
-518613
-76929
-518731
-76133
-518847
-75338
-518962
-74542
-519076
-73745
-519188
-72949
-519299
-72152
-519410
-71356
-519518
-70559
-519626
-69762
-519732
-68965
-519838
-68168
-519942
-67370
-520044
-66572
-520146
-65774
-520246
-64976
-520345
-64178
-520443
-63380
-520540
-62582
-520635
-61783
-520729
-60984
-520822
-60186
-520914
-59386
-521004
-58587
-521093
-57788
-521182
-56989
-521268
-56189
-521354
-55390
-521438
-54590
-521521
-53790
-521603
-52990
-521684
-52190
-521763
-51389
-521842
-50589
-521918
-49788
-521994
-48988
-522069
-48187
-522142
-47386
-522214
-46585
-522285
-45784
-522355
-44982
-522423
-44181
-522490
-43380
-522556
-42578
-522621
-41776
-522684
-40975
-522747
-40173
-522808
-39371
-522867
-38569
-522926
-37767
-522983
-36965
-523039
-36162
-523094
-35360
-523148
-34558
-523200
-33755
-523251
-32952
-523301
-32150
-523350
-31347
-523398
-30544
-523444
-29741
-523489
-28938
-523532
-28135
-523575
-27332
-523616
-26529
-523656
-25726
-523695
-24922
-523733
-24119
-523769
-23315
-523804
-22512
-523838
-21708
-523871
-20905
-523902
-20101
-523933
-19298
-523962
-18494
-523989
-17690
-524016
-16886
-524041
-16082
-524065
-15278
-524088
-14474
-524110
-13671
-524130
-12867
-524149
-12063
-524167
-11258
-524184
-10454
-524199
-9650
-524213
-8846
-524226
-8042
-524238
-7238
-524248
-6434
-524258
-5630
-524266
-4825
-524272
-4021
-524278
-3217
-524282
-2413
-524286
-1608
-524287
-804
