8191
0
8191
-12
8191
-25
8191
-38
8191
-50
8191
-63
8191
-75
8191
-88
8191
-100
8191
-113
8191
-126
8191
-138
8190
-151
8190
-163
8190
-176
8190
-188
8190
-201
8189
-214
8189
-226
8188
-239
8188
-251
8188
-264
8187
-276
8187
-289
8186
-302
8186
-314
8185
-327
8185
-339
8184
-352
8184
-364
8183
-377
8183
-389
8182
-402
8182
-414
8181
-427
8180
-440
8180
-452
8179
-465
8178
-477
8177
-490
8176
-502
8176
-515
8175
-527
8174
-540
8173
-552
8172
-565
8172
-578
8171
-590
8170
-603
8169
-615
8168
-628
8167
-640
8166
-653
8165
-665
8164
-678
8163
-690
8162
-703
8161
-715
8160
-728
8158
-740
8157
-753
8156
-765
8155
-778
8154
-790
8152
-803
8151
-815
8150
-828
8149
-840
8147
-853
8146
-865
8145
-878
8143
-890
8142
-903
8141
-915
8139
-928
8138
-940
8136
-953
8135
-965
8133
-978
8132
-990
8130
-1003
8129
-1015
8127
-1028
8126
-1040
8124
-1053
8122
-1065
8121
-1078
8119
-1090
8117
-1102
8116
-1115
8114
-1127
8112
-1140
8110
-1152
8109
-1165
8107
-1177
8105
-1190
8103
-1202
8101
-1214
8100
-1227
8098
-1239
8096
-1252
8094
-1264
8092
-1276
8090
-1289
8088
-1301
8086
-1314
8084
-1326
8082
-1338
8080
-1351
8078
-1363
8076
-1376
8074
-1388
8071
-1400
8069
-1413
8067
-1425
8065
-1438
8063
-1450
8060
-1462
8058
-1475
8056
-1487
8054
-1499
8051
-1512
8049
-1524
8046
-1536
8044
-1549
8042
-1561
8039
-1574
8037
-1586
8034
-1598
8032
-1610
8030
-1623
8027
-1635
8025
-1647
8022
-1660
8020
-1672
8017
-1684
8014
-1697
8012
-1709
8009
-1721
8006
-1734
8004
-1746
8001
-1758
7998
-1770
7996
-1782
7993
-1795
7990
-1807
7987
-1819
7984
-1832
7982
-1844
7979
-1856
7976
-1868
7973
-1880
7970
-1893
7967
-1905
7964
-1917
7962
-1929
7958
-1942
7956
-1954
7952
-1966
7950
-1978
7946
-1990
7943
-2003
7940
-2015
7937
-2027
7934
-2039
7931
-2051
7928
-2064
7925
-2076
7921
-2088
7918
-2100
7915
-2112
7912
-2124
7908
-2136
7905
-2148
7902
-2161
7898
-2173
7895
-2185
7892
-2197
7888
-2209
7885
-2221
7882
-2233
7878
-2245
7875
-2257
7871
-2270
7868
-2282
7864
-2294
7861
-2306
7857
-2318
7854
-2330
7850
-2342
7846
-2354
7843
-2366
7839
-2378
7836
-2390
7832
-2402
7828
-2414
7824
-2426
7821
-2438
7817
-2450
7813
-2462
7809
-2474
7806
-2486
7802
-2498
7798
-2510
7794
-2522
7790
-2534
7786
-2546
7782
-2558
7778
-2570
7774
-2582
7770
-2594
7767
-2605
7762
-2617
7758
-2629
7754
-2641
7750
-2653
7746
-2665
7742
-2677
7738
-2689
7734
-2700
7730
-2712
7726
-2724
7722
-2736
7717
-2748
7713
-2760
7709
-2772
7705
-2783
7700
-2795
7696
-2807
7692
-2819
7687
-2831
7683
-2842
7679
-2854
7674
-2866
7670
-2878
7665
-2890
7661
-2901
7656
-2913
7652
-2925
7648
-2936
7643
-2948
7638
-2960
7634
-2972
7629
-2983
7625
-2995
7620
-3007
7616
-3018
7611
-3030
7606
-3042
7602
-3053
7597
-3065
7592
-3077
7588
-3088
7583
-3100
7578
-3112
7573
-3123
7568
-3135
7564
-3146
7559
-3158
7554
-3170
7549
-3181
7544
-3193
7539
-3204
7534
-3216
7529
-3228
7524
-3239
7519
-3251
7514
-3262
7509
-3274
7504
-3285
7499
-3297
7494
-3308
7489
-3320
7484
-3331
7479
-3343
7474
-3354
7469
-3366
7464
-3377
7458
-3388
7453
-3400
7448
-3411
7443
-3423
7437
-3434
7432
-3446
7427
-3457
7422
-3468
7416
-3480
7411
-3491
7405
-3502
7400
-3514
7395
-3525
7389
-3536
7384
-3548
7378
-3559
7373
-3570
7367
-3582
7362
-3593
7356
-3604
7351
-3616
7345
-3627
7340
-3638
7334
-3650
7328
-3661
7323
-3672
7317
-3683
7312
-3694
7306
-3706
7300
-3717
7294
-3728
7289
-3739
7283
-3750
7277
-3762
7272
-3773
7266
-3784
7260
-3795
7254
-3806
7248
-3817
7242
-3828
7236
-3839
7230
-3850
7225
-3862
7219
-3873
7213
-3884
7207
-3895
7201
-3906
7195
-3917
7189
-3928
7183
-3939
7177
-3950
7171
-3961
7164
-3972
7158
-3983
7152
-3994
7146
-4005
7140
-4016
7134
-4027
7128
-4038
7122
-4049
7115
-4060
7109
-4070
7103
-4081
7096
-4092
7090
-4103
7084
-4114
7078
-4125
7071
-4136
7065
-4147
7058
-4158
7052
-4168
7046
-4179
7039
-4190
7033
-4201
7026
-4212
7020
-4222
7014
-4233
7007
-4244
7000
-4254
6994
-4265
6987
-4276
6981
-4287
6974
-4297
6968
-4308
6961
-4319
6954
-4329
6948
-4340
6941
-4351
6934
-4361
6928
-4372
6921
-4383
6914
-4393
6908
-4404
6901
-4414
6894
-4425
6887
-4436
6880
-4446
6874
-4457
6867
-4467
6860
-4478
6853
-4488
6846
-4499
6839
-4509
6832
-4520
6825
-4530
6818
-4541
6811
-4551
6804
-4562
6797
-4572
6790
-4582
6783
-4593
6776
-4603
6769
-4614
6762
-4624
6755
-4634
6748
-4645
6741
-4655
6734
-4666
6726
-4676
6719
-4686
6712
-4696
6705
-4707
6698
-4717
6690
-4727
6683
-4738
6676
-4748
6668
-4758
6661
-4768
6654
-4778
6646
-4789
6639
-4799
6632
-4809
6624
-4819
6617
-4829
6610
-4840
6602
-4850
6595
-4860
6587
-4870
6580
-4880
6572
-4890
6565
-4900
6557
-4910
6550
-4920
6542
-4930
6535
-4940
6527
-4950
6519
-4960
6512
-4970
6504
-4980
6496
-4990
6489
-5000
6481
-5010
6474
-5020
6466
-5030
6458
-5040
6450
-5050
6443
-5060
6435
-5070
6427
-5080
6419
-5089
6411
-5099
6404
-5109
6396
-5119
6388
-5129
6380
-5138
6372
-5148
6364
-5158
6356
-5168
6348
-5177
6340
-5187
6332
-5197
6324
-5207
6316
-5216
6308
-5226
6300
-5236
6292
-5245
6284
-5255
6276
-5265
6268
-5274
6260
-5284
6252
-5293
6244
-5303
6236
-5313
6228
-5322
6219
-5332
6211
-5341
6203
-5351
6195
-5360
6186
-5370
6178
-5379
6170
-5389
6162
-5398
6154
-5408
6145
-5417
6137
-5426
6128
-5436
6120
-5445
6112
-5455
6104
-5464
6095
-5473
6087
-5483
6078
-5492
6070
-5501
6061
-5511
6053
-5520
6044
-5529
6036
-5538
6027
-5548
6019
-5557
6010
-5566
6002
-5575
5993
-5585
5985
-5594
5976
-5603
5968
-5612
5959
-5621
5950
-5630
5942
-5640
5933
-5649
5924
-5658
5916
-5667
5907
-5676
5898
-5685
5890
-5694
5881
-5703
5872
-5712
5863
-5721
5854
-5730
5846
-5739
5837
-5748
5828
-5757
5819
-5766
5810
-5775
5801
-5784
5792
-5792
5784
-5801
5775
-5810
5766
-5819
5757
-5828
5748
-5837
5739
-5846
5730
-5854
5721
-5863
5712
-5872
5703
-5881
5694
-5890
5685
-5898
5676
-5907
5667
-5916
5658
-5924
5649
-5933
5640
-5942
5630
-5950
5621
-5959
5612
-5968
5603
-5976
5594
-5985
5585
-5993
5575
-6002
5566
-6010
5557
-6019
5548
-6027
5538
-6036
5529
-6044
5520
-6053
5511
-6061
5501
-6070
5492
-6078
5483
-6087
5473
-6095
5464
-6104
5455
-6112
5445
-6120
5436
-6128
5426
-6137
5417
-6145
5408
-6154
5398
-6162
5389
-6170
5379
-6178
5370
-6186
5360
-6195
5351
-6203
5341
-6211
5332
-6219
5322
-6228
5313
-6236
5303
-6244
5293
-6252
5284
-6260
5274
-6268
5265
-6276
5255
-6284
5245
-6292
5236
-6300
5226
-6308
5216
-6316
5207
-6324
5197
-6332
5187
-6340
5177
-6348
5168
-6356
5158
-6364
5148
-6372
5138
-6380
5129
-6388
5119
-6396
5109
-6404
5099
-6411
5089
-6419
5080
-6427
5070
-6435
5060
-6443
5050
-6450
5040
-6458
5030
-6466
5020
-6474
5010
-6481
5000
-6489
4990
-6496
4980
-6504
4970
-6512
4960
-6519
4950
-6527
4940
-6535
4930
-6542
4920
-6550
4910
-6557
4900
-6565
4890
-6572
4880
-6580
4870
-6587
4860
-6595
4850
-6602
4840
-6610
4829
-6617
4819
-6624
4809
-6632
4799
-6639
4789
-6646
4778
-6654
4768
-6661
4758
-6668
4748
-6676
4738
-6683
4727
-6690
4717
-6698
4707
-6705
4696
-6712
4686
-6719
4676
-6726
4666
-6734
4655
-6741
4645
-6748
4634
-6755
4624
-6762
4614
-6769
4603
-6776
4593
-6783
4582
-6790
4572
-6797
4562
-6804
4551
-6811
4541
-6818
4530
-6825
4520
-6832
4509
-6839
4499
-6846
4488
-6853
4478
-6860
4467
-6867
4457
-6874
4446
-6880
4436
-6887
4425
-6894
4414
-6901
4404
-6908
4393
-6914
4383
-6921
4372
-6928
4361
-6934
4351
-6941
4340
-6948
4329
-6954
4319
-6961
4308
-6968
4297
-6974
4287
-6981
4276
-6987
4265
-6994
4254
-7000
4244
-7007
4233
-7014
4222
-7020
4212
-7026
4201
-7033
4190
-7039
4179
-7046
4168
-7052
4158
-7058
4147
-7065
4136
-7071
4125
-7078
4114
-7084
4103
-7090
4092
-7096
4081
-7103
4070
-7109
4060
-7115
4049
-7122
4038
-7128
4027
-7134
4016
-7140
4005
-7146
3994
-7152
3983
-7158
3972
-7164
3961
-7171
3950
-7177
3939
-7183
3928
-7189
3917
-7195
3906
-7201
3895
-7207
3884
-7213
3873
-7219
3862
-7225
3850
-7230
3839
-7236
3828
-7242
3817
-7248
3806
-7254
3795
-7260
3784
-7266
3773
-7272
3762
-7277
3750
-7283
3739
-7289
3728
-7294
3717
-7300
3706
-7306
3694
-7312
3683
-7317
3672
-7323
3661
-7328
3650
-7334
3638
-7340
3627
-7345
3616
-7351
3604
-7356
3593
-7362
3582
-7367
3570
-7373
3559
-7378
3548
-7384
3536
-7389
3525
-7395
3514
-7400
3502
-7405
3491
-7411
3480
-7416
3468
-7422
3457
-7427
3446
-7432
3434
-7437
3423
-7443
3411
-7448
3400
-7453
3388
-7458
3377
-7464
3366
-7469
3354
-7474
3343
-7479
3331
-7484
3320
-7489
3308
-7494
3297
-7499
3285
-7504
3274
-7509
3262
-7514
3251
-7519
3239
-7524
3228
-7529
3216
-7534
3204
-7539
3193
-7544
3181
-7549
3170
-7554
3158
-7559
3146
-7564
3135
-7568
3123
-7573
3112
-7578
3100
-7583
3088
-7588
3077
-7592
3065
-7597
3053
-7602
3042
-7606
3030
-7611
3018
-7616
3007
-7620
2995
-7625
2983
-7629
2972
-7634
2960
-7638
2948
-7643
2936
-7648
2925
-7652
2913
-7656
2901
-7661
2890
-7665
2878
-7670
2866
-7674
2854
-7679
2842
-7683
2831
-7687
2819
-7692
2807
-7696
2795
-7700
2783
-7705
2772
-7709
2760
-7713
2748
-7717
2736
-7722
2724
-7726
2712
-7730
2700
-7734
2689
-7738
2677
-7742
2665
-7746
2653
-7750
2641
-7754
2629
-7758
2617
-7762
2605
-7767
2594
-7770
2582
-7774
2570
-7778
2558
-7782
2546
-7786
2534
-7790
2522
-7794
2510
-7798
2498
-7802
2486
-7806
2474
-7809
2462
-7813
2450
-7817
2438
-7821
2426
-7824
2414
-7828
2402
-7832
2390
-7836
2378
-7839
2366
-7843
2354
-7846
2342
-7850
2330
-7854
2318
-7857
2306
-7861
2294
-7864
2282
-7868
2270
-7871
2257
-7875
2245
-7878
2233
-7882
2221
-7885
2209
-7888
2197
-7892
2185
-7895
2173
-7898
2161
-7902
2148
-7905
2136
-7908
2124
-7912
2112
-7915
2100
-7918
2088
-7921
2076
-7925
2064
-7928
2051
-7931
2039
-7934
2027
-7937
2015
-7940
2003
-7943
1990
-7946
1978
-7950
1966
-7952
1954
-7956
1942
-7958
1929
-7962
1917
-7964
1905
-7967
1893
-7970
1880
-7973
1868
-7976
1856
-7979
1844
-7982
1832
-7984
1819
-7987
1807
-7990
1795
-7993
1782
-7996
1770
-7998
1758
-8001
1746
-8004
1734
-8006
1721
-8009
1709
-8012
1697
-8014
1684
-8017
1672
-8020
1660
-8022
1647
-8025
1635
-8027
1623
-8030
1610
-8032
1598
-8034
1586
-8037
1574
-8039
1561
-8042
1549
-8044
1536
-8046
1524
-8049
1512
-8051
1499
-8054
1487
-8056
1475
-8058
1462
-8060
1450
-8063
1438
-8065
1425
-8067
1413
-8069
1400
-8071
1388
-8074
1376
-8076
1363
-8078
1351
-8080
1338
-8082
1326
-8084
1314
-8086
1301
-8088
1289
-8090
1276
-8092
1264
-8094
1252
-8096
1239
-8098
1227
-8100
1214
-8101
1202
-8103
1190
-8105
1177
-8107
1165
-8109
1152
-8110
1140
-8112
1127
-8114
1115
-8116
1102
-8117
1090
-8119
1078
-8121
1065
-8122
1053
-8124
1040
-8126
1028
-8127
1015
-8129
1003
-8130
990
-8132
978
-8133
965
-8135
953
-8136
940
-8138
928
-8139
915
-8141
903
-8142
890
-8143
878
-8145
865
-8146
853
-8147
840
-8149
828
-8150
815
-8151
803
-8152
790
-8154
778
-8155
765
-8156
753
-8157
740
-8158
728
-8160
715
-8161
703
-8162
690
-8163
678
-8164
665
-8165
653
-8166
640
-8167
628
-8168
615
-8169
603
-8170
590
-8171
578
-8172
565
-8172
552
-8173
540
-8174
527
-8175
515
-8176
502
-8176
490
-8177
477
-8178
465
-8179
452
-8180
440
-8180
427
-8181
414
-8182
402
-8182
389
-8183
377
-8183
364
-8184
352
-8184
339
-8185
327
-8185
314
-8186
302
-8186
289
-8187
276
-8187
264
-8188
251
-8188
239
-8188
226
-8189
214
-8189
201
-8190
188
-8190
176
-8190
163
-8190
151
-8190
138
-8191
126
-8191
113
-8191
100
-8191
88
-8192
75
-8192
63
-8192
50
-8192
38
-8192
25
-8192
12
-8192
0
-8192
-12
-8192
-25
-8192
-38
-8192
-50
-8192
-63
-8192
-75
-8192
-88
-8192
-100
-8191
-113
-8191
-126
-8191
-138
-8191
-151
-8190
-163
-8190
-176
-8190
-188
-8190
-201
-8190
-214
-8189
-226
-8189
-239
-8188
-251
-8188
-264
-8188
-276
-8187
-289
-8187
-302
-8186
-314
-8186
-327
-8185
-339
-8185
-352
-8184
-364
-8184
-377
-8183
-389
-8183
-402
-8182
-414
-8182
-427
-8181
-440
-8180
-452
-8180
-465
-8179
-477
-8178
-490
-8177
-502
-8176
-515
-8176
-527
-8175
-540
-8174
-552
-8173
-565
-8172
-578
-8172
-590
-8171
-603
-8170
-615
-8169
-628
-8168
-640
-8167
-653
-8166
-665
-8165
-678
-8164
-690
-8163
-703
-8162
-715
-8161
-728
-8160
-740
-8158
-753
-8157
-765
-8156
-778
-8155
-790
-8154
-803
-8152
-815
-8151
-828
-8150
-840
-8149
-853
-8147
-865
-8146
-878
-8145
-890
-8143
-903
-8142
-915
-8141
-928
-8139
-940
-8138
-953
-8136
-965
-8135
-978
-8133
-990
-8132
-1003
-8130
-1015
-8129
-1028
-8127
-1040
-8126
-1053
-8124
-1065
-8122
-1078
-8121
-1090
-8119
-1102
-8117
-1115
-8116
-1127
-8114
-1140
-8112
-1152
-8110
-1165
-8109
-1177
-8107
-1190
-8105
-1202
-8103
-1214
-8101
-1227
-8100
-1239
-8098
-1252
-8096
-1264
-8094
-1276
-8092
-1289
-8090
-1301
-8088
-1314
-8086
-1326
-8084
-1338
-8082
-1351
-8080
-1363
-8078
-1376
-8076
-1388
-8074
-1400
-8071
-1413
-8069
-1425
-8067
-1438
-8065
-1450
-8063
-1462
-8060
-1475
-8058
-1487
-8056
-1499
-8054
-1512
-8051
-1524
-8049
-1536
-8046
-1549
-8044
-1561
-8042
-1574
-8039
-1586
-8037
-1598
-8034
-1610
-8032
-1623
-8030
-1635
-8027
-1647
-8025
-1660
-8022
-1672
-8020
-1684
-8017
-1697
-8014
-1709
-8012
-1721
-8009
-1734
-8006
-1746
-8004
-1758
-8001
-1770
-7998
-1782
-7996
-1795
-7993
-1807
-7990
-1819
-7987
-1832
-7984
-1844
-7982
-1856
-7979
-1868
-7976
-1880
-7973
-1893
-7970
-1905
-7967
-1917
-7964
-1929
-7962
-1942
-7958
-1954
-7956
-1966
-7952
-1978
-7950
-1990
-7946
-2003
-7943
-2015
-7940
-2027
-7937
-2039
-7934
-2051
-7931
-2064
-7928
-2076
-7925
-2088
-7921
-2100
-7918
-2112
-7915
-2124
-7912
-2136
-7908
-2148
-7905
-2161
-7902
-2173
-7898
-2185
-7895
-2197
-7892
-2209
-7888
-2221
-7885
-2233
-7882
-2245
-7878
-2257
-7875
-2270
-7871
-2282
-7868
-2294
-7864
-2306
-7861
-2318
-7857
-2330
-7854
-2342
-7850
-2354
-7846
-2366
-7843
-2378
-7839
-2390
-7836
-2402
-7832
-2414
-7828
-2426
-7824
-2438
-7821
-2450
-7817
-2462
-7813
-2474
-7809
-2486
-7806
-2498
-7802
-2510
-7798
-2522
-7794
-2534
-7790
-2546
-7786
-2558
-7782
-2570
-7778
-2582
-7774
-2594
-7770
-2605
-7767
-2617
-7762
-2629
-7758
-2641
-7754
-2653
-7750
-2665
-7746
-2677
-7742
-2689
-7738
-2700
-7734
-2712
-7730
-2724
-7726
-2736
-7722
-2748
-7717
-2760
-7713
-2772
-7709
-2783
-7705
-2795
-7700
-2807
-7696
-2819
-7692
-2831
-7687
-2842
-7683
-2854
-7679
-2866
-7674
-2878
-7670
-2890
-7665
-2901
-7661
-2913
-7656
-2925
-7652
-2936
-7648
-2948
-7643
-2960
-7638
-2972
-7634
-2983
-7629
-2995
-7625
-3007
-7620
-3018
-7616
-3030
-7611
-3042
-7606
-3053
-7602
-3065
-7597
-3077
-7592
-3088
-7588
-3100
-7583
-3112
-7578
-3123
-7573
-3135
-7568
-3146
-7564
-3158
-7559
-3170
-7554
-3181
-7549
-3193
-7544
-3204
-7539
-3216
-7534
-3228
-7529
-3239
-7524
-3251
-7519
-3262
-7514
-3274
-7509
-3285
-7504
-3297
-7499
-3308
-7494
-3320
-7489
-3331
-7484
-3343
-7479
-3354
-7474
-3366
-7469
-3377
-7464
-3388
-7458
-3400
-7453
-3411
-7448
-3423
-7443
-3434
-7437
-3446
-7432
-3457
-7427
-3468
-7422
-3480
-7416
-3491
-7411
-3502
-7405
-3514
-7400
-3525
-7395
-3536
-7389
-3548
-7384
-3559
-7378
-3570
-7373
-3582
-7367
-3593
-7362
-3604
-7356
-3616
-7351
-3627
-7345
-3638
-7340
-3650
-7334
-3661
-7328
-3672
-7323
-3683
-7317
-3694
-7312
-3706
-7306
-3717
-7300
-3728
-7294
-3739
-7289
-3750
-7283
-3762
-7277
-3773
-7272
-3784
-7266
-3795
-7260
-3806
-7254
-3817
-7248
-3828
-7242
-3839
-7236
-3850
-7230
-3862
-7225
-3873
-7219
-3884
-7213
-3895
-7207
-3906
-7201
-3917
-7195
-3928
-7189
-3939
-7183
-3950
-7177
-3961
-7171
-3972
-7164
-3983
-7158
-3994
-7152
-4005
-7146
-4016
-7140
-4027
-7134
-4038
-7128
-4049
-7122
-4060
-7115
-4070
-7109
-4081
-7103
-4092
-7096
-4103
-7090
-4114
-7084
-4125
-7078
-4136
-7071
-4147
-7065
-4158
-7058
-4168
-7052
-4179
-7046
-4190
-7039
-4201
-7033
-4212
-7026
-4222
-7020
-4233
-7014
-4244
-7007
-4254
-7000
-4265
-6994
-4276
-6987
-4287
-6981
-4297
-6974
-4308
-6968
-4319
-6961
-4329
-6954
-4340
-6948
-4351
-6941
-4361
-6934
-4372
-6928
-4383
-6921
-4393
-6914
-4404
-6908
-4414
-6901
-4425
-6894
-4436
-6887
-4446
-6880
-4457
-6874
-4467
-6867
-4478
-6860
-4488
-6853
-4499
-6846
-4509
-6839
-4520
-6832
-4530
-6825
-4541
-6818
-4551
-6811
-4562
-6804
-4572
-6797
-4582
-6790
-4593
-6783
-4603
-6776
-4614
-6769
-4624
-6762
-4634
-6755
-4645
-6748
-4655
-6741
-4666
-6734
-4676
-6726
-4686
-6719
-4696
-6712
-4707
-6705
-4717
-6698
-4727
-6690
-4738
-6683
-4748
-6676
-4758
-6668
-4768
-6661
-4778
-6654
-4789
-6646
-4799
-6639
-4809
-6632
-4819
-6624
-4829
-6617
-4840
-6610
-4850
-6602
-4860
-6595
-4870
-6587
-4880
-6580
-4890
-6572
-4900
-6565
-4910
-6557
-4920
-6550
-4930
-6542
-4940
-6535
-4950
-6527
-4960
-6519
-4970
-6512
-4980
-6504
-4990
-6496
-5000
-6489
-5010
-6481
-5020
-6474
-5030
-6466
-5040
-6458
-5050
-6450
-5060
-6443
-5070
-6435
-5080
-6427
-5089
-6419
-5099
-6411
-5109
-6404
-5119
-6396
-5129
-6388
-5138
-6380
-5148
-6372
-5158
-6364
-5168
-6356
-5177
-6348
-5187
-6340
-5197
-6332
-5207
-6324
-5216
-6316
-5226
-6308
-5236
-6300
-5245
-6292
-5255
-6284
-5265
-6276
-5274
-6268
-5284
-6260
-5293
-6252
-5303
-6244
-5313
-6236
-5322
-6228
-5332
-6219
-5341
-6211
-5351
-6203
-5360
-6195
-5370
-6186
-5379
-6178
-5389
-6170
-5398
-6162
-5408
-6154
-5417
-6145
-5426
-6137
-5436
-6128
-5445
-6120
-5455
-6112
-5464
-6104
-5473
-6095
-5483
-6087
-5492
-6078
-5501
-6070
-5511
-6061
-5520
-6053
-5529
-6044
-5538
-6036
-5548
-6027
-5557
-6019
-5566
-6010
-5575
-6002
-5585
-5993
-5594
-5985
-5603
-5976
-5612
-5968
-5621
-5959
-5630
-5950
-5640
-5942
-5649
-5933
-5658
-5924
-5667
-5916
-5676
-5907
-5685
-5898
-5694
-5890
-5703
-5881
-5712
-5872
-5721
-5863
-5730
-5854
-5739
-5846
-5748
-5837
-5757
-5828
-5766
-5819
-5775
-5810
-5784
-5801
-5792
-5792
-5801
-5784
-5810
-5775
-5819
-5766
-5828
-5757
-5837
-5748
-5846
-5739
-5854
-5730
-5863
-5721
-5872
-5712
-5881
-5703
-5890
-5694
-5898
-5685
-5907
-5676
-5916
-5667
-5924
-5658
-5933
-5649
-5942
-5640
-5950
-5630
-5959
-5621
-5968
-5612
-5976
-5603
-5985
-5594
-5993
-5585
-6002
-5575
-6010
-5566
-6019
-5557
-6027
-5548
-6036
-5538
-6044
-5529
-6053
-5520
-6061
-5511
-6070
-5501
-6078
-5492
-6087
-5483
-6095
-5473
-6104
-5464
-6112
-5455
-6120
-5445
-6128
-5436
-6137
-5426
-6145
-5417
-6154
-5408
-6162
-5398
-6170
-5389
-6178
-5379
-6186
-5370
-6195
-5360
-6203
-5351
-6211
-5341
-6219
-5332
-6228
-5322
-6236
-5313
-6244
-5303
-6252
-5293
-6260
-5284
-6268
-5274
-6276
-5265
-6284
-5255
-6292
-5245
-6300
-5236
-6308
-5226
-6316
-5216
-6324
-5207
-6332
-5197
-6340
-5187
-6348
-5177
-6356
-5168
-6364
-5158
-6372
-5148
-6380
-5138
-6388
-5129
-6396
-5119
-6404
-5109
-6411
-5099
-6419
-5089
-6427
-5080
-6435
-5070
-6443
-5060
-6450
-5050
-6458
-5040
-6466
-5030
-6474
-5020
-6481
-5010
-6489
-5000
-6496
-4990
-6504
-4980
-6512
-4970
-6519
-4960
-6527
-4950
-6535
-4940
-6542
-4930
-6550
-4920
-6557
-4910
-6565
-4900
-6572
-4890
-6580
-4880
-6587
-4870
-6595
-4860
-6602
-4850
-6610
-4840
-6617
-4829
-6624
-4819
-6632
-4809
-6639
-4799
-6646
-4789
-6654
-4778
-6661
-4768
-6668
-4758
-6676
-4748
-6683
-4738
-6690
-4727
-6698
-4717
-6705
-4707
-6712
-4696
-6719
-4686
-6726
-4676
-6734
-4666
-6741
-4655
-6748
-4645
-6755
-4634
-6762
-4624
-6769
-4614
-6776
-4603
-6783
-4593
-6790
-4582
-6797
-4572
-6804
-4562
-6811
-4551
-6818
-4541
-6825
-4530
-6832
-4520
-6839
-4509
-6846
-4499
-6853
-4488
-6860
-4478
-6867
-4467
-6874
-4457
-6880
-4446
-6887
-4436
-6894
-4425
-6901
-4414
-6908
-4404
-6914
-4393
-6921
-4383
-6928
-4372
-6934
-4361
-6941
-4351
-6948
-4340
-6954
-4329
-6961
-4319
-6968
-4308
-6974
-4297
-6981
-4287
-6987
-4276
-6994
-4265
-7000
-4254
-7007
-4244
-7014
-4233
-7020
-4222
-7026
-4212
-7033
-4201
-7039
-4190
-7046
-4179
-7052
-4168
-7058
-4158
-7065
-4147
-7071
-4136
-7078
-4125
-7084
-4114
-7090
-4103
-7096
-4092
-7103
-4081
-7109
-4070
-7115
-4060
-7122
-4049
-7128
-4038
-7134
-4027
-7140
-4016
-7146
-4005
-7152
-3994
-7158
-3983
-7164
-3972
-7171
-3961
-7177
-3950
-7183
-3939
-7189
-3928
-7195
-3917
-7201
-3906
-7207
-3895
-7213
-3884
-7219
-3873
-7225
-3862
-7230
-3850
-7236
-3839
-7242
-3828
-7248
-3817
-7254
-3806
-7260
-3795
-7266
-3784
-7272
-3773
-7277
-3762
-7283
-3750
-7289
-3739
-7294
-3728
-7300
-3717
-7306
-3706
-7312
-3694
-7317
-3683
-7323
-3672
-7328
-3661
-7334
-3650
-7340
-3638
-7345
-3627
-7351
-3616
-7356
-3604
-7362
-3593
-7367
-3582
-7373
-3570
-7378
-3559
-7384
-3548
-7389
-3536
-7395
-3525
-7400
-3514
-7405
-3502
-7411
-3491
-7416
-3480
-7422
-3468
-7427
-3457
-7432
-3446
-7437
-3434
-7443
-3423
-7448
-3411
-7453
-3400
-7458
-3388
-7464
-3377
-7469
-3366
-7474
-3354
-7479
-3343
-7484
-3331
-7489
-3320
-7494
-3308
-7499
-3297
-7504
-3285
-7509
-3274
-7514
-3262
-7519
-3251
-7524
-3239
-7529
-3228
-7534
-3216
-7539
-3204
-7544
-3193
-7549
-3181
-7554
-3170
-7559
-3158
-7564
-3146
-7568
-3135
-7573
-3123
-7578
-3112
-7583
-3100
-7588
-3088
-7592
-3077
-7597
-3065
-7602
-3053
-7606
-3042
-7611
-3030
-7616
-3018
-7620
-3007
-7625
-2995
-7629
-2983
-7634
-2972
-7638
-2960
-7643
-2948
-7648
-2936
-7652
-2925
-7656
-2913
-7661
-2901
-7665
-2890
-7670
-2878
-7674
-2866
-7679
-2854
-7683
-2842
-7687
-2831
-7692
-2819
-7696
-2807
-7700
-2795
-7705
-2783
-7709
-2772
-7713
-2760
-7717
-2748
-7722
-2736
-7726
-2724
-7730
-2712
-7734
-2700
-7738
-2689
-7742
-2677
-7746
-2665
-7750
-2653
-7754
-2641
-7758
-2629
-7762
-2617
-7767
-2605
-7770
-2594
-7774
-2582
-7778
-2570
-7782
-2558
-7786
-2546
-7790
-2534
-7794
-2522
-7798
-2510
-7802
-2498
-7806
-2486
-7809
-2474
-7813
-2462
-7817
-2450
-7821
-2438
-7824
-2426
-7828
-2414
-7832
-2402
-7836
-2390
-7839
-2378
-7843
-2366
-7846
-2354
-7850
-2342
-7854
-2330
-7857
-2318
-7861
-2306
-7864
-2294
-7868
-2282
-7871
-2270
-7875
-2257
-7878
-2245
-7882
-2233
-7885
-2221
-7888
-2209
-7892
-2197
-7895
-2185
-7898
-2173
-7902
-2161
-7905
-2148
-7908
-2136
-7912
-2124
-7915
-2112
-7918
-2100
-7921
-2088
-7925
-2076
-7928
-2064
-7931
-2051
-7934
-2039
-7937
-2027
-7940
-2015
-7943
-2003
-7946
-1990
-7950
-1978
-7952
-1966
-7956
-1954
-7958
-1942
-7962
-1929
-7964
-1917
-7967
-1905
-7970
-1893
-7973
-1880
-7976
-1868
-7979
-1856
-7982
-1844
-7984
-1832
-7987
-1819
-7990
-1807
-7993
-1795
-7996
-1782
-7998
-1770
-8001
-1758
-8004
-1746
-8006
-1734
-8009
-1721
-8012
-1709
-8014
-1697
-8017
-1684
-8020
-1672
-8022
-1660
-8025
-1647
-8027
-1635
-8030
-1623
-8032
-1610
-8034
-1598
-8037
-1586
-8039
-1574
-8042
-1561
-8044
-1549
-8046
-1536
-8049
-1524
-8051
-1512
-8054
-1499
-8056
-1487
-8058
-1475
-8060
-1462
-8063
-1450
-8065
-1438
-8067
-1425
-8069
-1413
-8071
-1400
-8074
-1388
-8076
-1376
-8078
-1363
-8080
-1351
-8082
-1338
-8084
-1326
-8086
-1314
-8088
-1301
-8090
-1289
-8092
-1276
-8094
-1264
-8096
-1252
-8098
-1239
-8100
-1227
-8101
-1214
-8103
-1202
-8105
-1190
-8107
-1177
-8109
-1165
-8110
-1152
-8112
-1140
-8114
-1127
-8116
-1115
-8117
-1102
-8119
-1090
-8121
-1078
-8122
-1065
-8124
-1053
-8126
-1040
-8127
-1028
-8129
-1015
-8130
-1003
-8132
-990
-8133
-978
-8135
-965
-8136
-953
-8138
-940
-8139
-928
-8141
-915
-8142
-903
-8143
-890
-8145
-878
-8146
-865
-8147
-853
-8149
-840
-8150
-828
-8151
-815
-8152
-803
-8154
-790
-8155
-778
-8156
-765
-8157
-753
-8158
-740
-8160
-728
-8161
-715
-8162
-703
-8163
-690
-8164
-678
-8165
-665
-8166
-653
-8167
-640
-8168
-628
-8169
-615
-8170
-603
-8171
-590
-8172
-578
-8172
-565
-8173
-552
-8174
-540
-8175
-527
-8176
-515
-8176
-502
-8177
-490
-8178
-477
-8179
-465
-8180
-452
-8180
-440
-8181
-427
-8182
-414
-8182
-402
-8183
-389
-8183
-377
-8184
-364
-8184
-352
-8185
-339
-8185
-327
-8186
-314
-8186
-302
-8187
-289
-8187
-276
-8188
-264
-8188
-251
-8188
-239
-8189
-226
-8189
-214
-8190
-201
-8190
-188
-8190
-176
-8190
-163
-8190
-151
-8191
-138
-8191
-126
-8191
-113
-8191
-100
-8192
-88
-8192
-75
-8192
-63
-8192
-50
-8192
-38
-8192
-25
-8192
-12
