8191
0
8191
-100
8190
-201
8186
-302
8182
-402
8176
-502
8170
-603
8162
-703
8152
-803
8142
-903
8130
-1003
8117
-1102
8103
-1202
8088
-1301
8071
-1400
8054
-1499
8034
-1598
8014
-1697
7993
-1795
7970
-1893
7946
-1990
7921
-2088
7895
-2185
7868
-2282
7839
-2378
7809
-2474
7778
-2570
7746
-2665
7713
-2760
7679
-2854
7643
-2948
7606
-3042
7568
-3135
7529
-3228
7489
-3320
7448
-3411
7405
-3502
7362
-3593
7317
-3683
7272
-3773
7225
-3862
7177
-3950
7128
-4038
7078
-4125
7026
-4212
6974
-4297
6921
-4383
6867
-4467
6811
-4551
6755
-4634
6698
-4717
6639
-4799
6580
-4880
6519
-4960
6458
-5040
6396
-5119
6332
-5197
6268
-5274
6203
-5351
6137
-5426
6070
-5501
6002
-5575
5933
-5649
5863
-5721
5792
-5792
5721
-5863
5649
-5933
5575
-6002
5501
-6070
5426
-6137
5351
-6203
5274
-6268
5197
-6332
5119
-6396
5040
-6458
4960
-6519
4880
-6580
4799
-6639
4717
-6698
4634
-6755
4551
-6811
4467
-6867
4383
-6921
4297
-6974
4212
-7026
4125
-7078
4038
-7128
3950
-7177
3862
-7225
3773
-7272
3683
-7317
3593
-7362
3502
-7405
3411
-7448
3320
-7489
3228
-7529
3135
-7568
3042
-7606
2948
-7643
2854
-7679
2760
-7713
2665
-7746
2570
-7778
2474
-7809
2378
-7839
2282
-7868
2185
-7895
2088
-7921
1990
-7946
1893
-7970
1795
-7993
1697
-8014
1598
-8034
1499
-8054
1400
-8071
1301
-8088
1202
-8103
1102
-8117
1003
-8130
903
-8142
803
-8152
703
-8162
603
-8170
502
-8176
402
-8182
302
-8186
201
-8190
100
-8191
0
-8192
-100
-8191
-201
-8190
-302
-8186
-402
-8182
-502
-8176
-603
-8170
-703
-8162
-803
-8152
-903
-8142
-1003
-8130
-1102
-8117
-1202
-8103
-1301
-8088
-1400
-8071
-1499
-8054
-1598
-8034
-1697
-8014
-1795
-7993
-1893
-7970
-1990
-7946
-2088
-7921
-2185
-7895
-2282
-7868
-2378
-7839
-2474
-7809
-2570
-7778
-2665
-7746
-2760
-7713
-2854
-7679
-2948
-7643
-3042
-7606
-3135
-7568
-3228
-7529
-3320
-7489
-3411
-7448
-3502
-7405
-3593
-7362
-3683
-7317
-3773
-7272
-3862
-7225
-3950
-7177
-4038
-7128
-4125
-7078
-4212
-7026
-4297
-6974
-4383
-6921
-4467
-6867
-4551
-6811
-4634
-6755
-4717
-6698
-4799
-6639
-4880
-6580
-4960
-6519
-5040
-6458
-5119
-6396
-5197
-6332
-5274
-6268
-5351
-6203
-5426
-6137
-5501
-6070
-5575
-6002
-5649
-5933
-5721
-5863
-5792
-5792
-5863
-5721
-5933
-5649
-6002
-5575
-6070
-5501
-6137
-5426
-6203
-5351
-6268
-5274
-6332
-5197
-6396
-5119
-6458
-5040
-6519
-4960
-6580
-4880
-6639
-4799
-6698
-4717
-6755
-4634
-6811
-4551
-6867
-4467
-6921
-4383
-6974
-4297
-7026
-4212
-7078
-4125
-7128
-4038
-7177
-3950
-7225
-3862
-7272
-3773
-7317
-3683
-7362
-3593
-7405
-3502
-7448
-3411
-7489
-3320
-7529
-3228
-7568
-3135
-7606
-3042
-7643
-2948
-7679
-2854
-7713
-2760
-7746
-2665
-7778
-2570
-7809
-2474
-7839
-2378
-7868
-2282
-7895
-2185
-7921
-2088
-7946
-1990
-7970
-1893
-7993
-1795
-8014
-1697
-8034
-1598
-8054
-1499
-8071
-1400
-8088
-1301
-8103
-1202
-8117
-1102
-8130
-1003
-8142
-903
-8152
-803
-8162
-703
-8170
-603
-8176
-502
-8182
-402
-8186
-302
-8190
-201
-8191
-100
