131071
0
130914
-6431
130441
-12847
129653
-19232
128553
-25571
127144
-31848
125428
-38048
123410
-44157
121095
-50159
118488
-56040
115595
-61787
112424
-67384
108982
-72820
105278
-78079
101320
-83151
97118
-88022
92682
-92682
88022
-97118
83151
-101320
78079
-105278
72820
-108982
67384
-112424
61787
-115595
56040
-118488
50159
-121095
44157
-123410
38048
-125428
31848
-127144
25571
-128553
19232
-129653
12847
-130441
6431
-130914
0
-131072
-6431
-130914
-12847
-130441
-19232
-129653
-25571
-128553
-31848
-127144
-38048
-125428
-44157
-123410
-50159
-121095
-56040
-118488
-61787
-115595
-67384
-112424
-72820
-108982
-78079
-105278
-83151
-101320
-88022
-97118
-92682
-92682
-97118
-88022
-101320
-83151
-105278
-78079
-108982
-72820
-112424
-67384
-115595
-61787
-118488
-56040
-121095
-50159
-123410
-44157
-125428
-38048
-127144
-31848
-128553
-25571
-129653
-19232
-130441
-12847
-130914
-6431
