4194303
0
4193988
-51470
4193041
-102933
4191462
-154381
4189252
-205805
4186411
-257198
4182939
-308552
4178838
-359860
4174107
-411114
4168748
-462305
4162761
-513428
4156147
-564472
4148907
-615432
4141042
-666299
4132554
-717066
4123443
-767725
4113712
-818268
4103360
-868688
4092391
-918977
4080806
-969128
4068606
-1019133
4055793
-1068984
4042370
-1118674
4028338
-1168196
4013699
-1217542
3998455
-1266705
3982610
-1315676
3966164
-1364450
3949122
-1413018
3931485
-1461374
3913255
-1509509
3894437
-1557417
3875032
-1605091
3855043
-1652522
3834474
-1699705
3813327
-1746632
3791606
-1793296
3769314
-1839690
3746454
-1885806
3723030
-1931639
3699046
-1977181
3674504
-2022425
3649409
-2067365
3623765
-2111993
3597574
-2156303
3570842
-2200288
3543573
-2243943
3515769
-2287259
3487436
-2330230
3458578
-2372851
3429199
-2415114
3399304
-2457014
3368896
-2498544
3337982
-2539697
3306564
-2580468
3274649
-2620851
3242241
-2660838
3209344
-2700425
3175964
-2739605
3142106
-2778373
3107774
-2816722
3072975
-2854647
3037712
-2892143
3001993
-2929202
2965821
-2965821
2929202
-3001993
2892143
-3037712
2854647
-3072975
2816722
-3107774
2778373
-3142106
2739605
-3175964
2700425
-3209344
2660838
-3242241
2620851
-3274649
2580468
-3306564
2539697
-3337982
2498544
-3368896
2457014
-3399304
2415114
-3429199
2372851
-3458578
2330230
-3487436
2287259
-3515769
2243943
-3543573
2200288
-3570842
2156303
-3597574
2111993
-3623765
2067365
-3649409
2022425
-3674504
1977181
-3699046
1931639
-3723030
1885806
-3746454
1839690
-3769314
1793296
-3791606
1746632
-3813327
1699705
-3834474
1652522
-3855043
1605091
-3875032
1557417
-3894437
1509509
-3913255
1461374
-3931485
1413018
-3949122
1364450
-3966164
1315676
-3982610
1266705
-3998455
1217542
-4013699
1168196
-4028338
1118674
-4042370
1068984
-4055793
1019133
-4068606
969128
-4080806
918977
-4092391
868688
-4103360
818268
-4113712
767725
-4123443
717066
-4132554
666299
-4141042
615432
-4148907
564472
-4156147
513428
-4162761
462305
-4168748
411114
-4174107
359860
-4178838
308552
-4182939
257198
-4186411
205805
-4189252
154381
-4191462
102933
-4193041
51470
-4193988
0
-4194304
-51470
-4193988
-102933
-4193041
-154381
-4191462
-205805
-4189252
-257198
-4186411
-308552
-4182939
-359860
-4178838
-411114
-4174107
-462305
-4168748
-513428
-4162761
-564472
-4156147
-615432
-4148907
-666299
-4141042
-717066
-4132554
-767725
-4123443
-818268
-4113712
-868688
-4103360
-918977
-4092391
-969128
-4080806
-1019133
-4068606
-1068984
-4055793
-1118674
-4042370
-1168196
-4028338
-1217542
-4013699
-1266705
-3998455
-1315676
-3982610
-1364450
-3966164
-1413018
-3949122
-1461374
-3931485
-1509509
-3913255
-1557417
-3894437
-1605091
-3875032
-1652522
-3855043
-1699705
-3834474
-1746632
-3813327
-1793296
-3791606
-1839690
-3769314
-1885806
-3746454
-1931639
-3723030
-1977181
-3699046
-2022425
-3674504
-2067365
-3649409
-2111993
-3623765
-2156303
-3597574
-2200288
-3570842
-2243943
-3543573
-2287259
-3515769
-2330230
-3487436
-2372851
-3458578
-2415114
-3429199
-2457014
-3399304
-2498544
-3368896
-2539697
-3337982
-2580468
-3306564
-2620851
-3274649
-2660838
-3242241
-2700425
-3209344
-2739605
-3175964
-2778373
-3142106
-2816722
-3107774
-2854647
-3072975
-2892143
-3037712
-2929202
-3001993
-2965821
-2965821
-3001993
-2929202
-3037712
-2892143
-3072975
-2854647
-3107774
-2816722
-3142106
-2778373
-3175964
-2739605
-3209344
-2700425
-3242241
-2660838
-3274649
-2620851
-3306564
-2580468
-3337982
-2539697
-3368896
-2498544
-3399304
-2457014
-3429199
-2415114
-3458578
-2372851
-3487436
-2330230
-3515769
-2287259
-3543573
-2243943
-3570842
-2200288
-3597574
-2156303
-3623765
-2111993
-3649409
-2067365
-3674504
-2022425
-3699046
-1977181
-3723030
-1931639
-3746454
-1885806
-3769314
-1839690
-3791606
-1793296
-3813327
-1746632
-3834474
-1699705
-3855043
-1652522
-3875032
-1605091
-3894437
-1557417
-3913255
-1509509
-3931485
-1461374
-3949122
-1413018
-3966164
-1364450
-3982610
-1315676
-3998455
-1266705
-4013699
-1217542
-4028338
-1168196
-4042370
-1118674
-4055793
-1068984
-4068606
-1019133
-4080806
-969128
-4092391
-918977
-4103360
-868688
-4113712
-818268
-4123443
-767725
-4132554
-717066
-4141042
-666299
-4148907
-615432
-4156147
-564472
-4162761
-513428
-4168748
-462305
-4174107
-411114
-4178838
-359860
-4182939
-308552
-4186411
-257198
-4189252
-205805
-4191462
-154381
-4193041
-102933
-4193988
-51470
