2047
0
2047
-12
2047
-25
2047
-38
2047
-50
2047
-63
2046
-75
2046
-88
2046
-100
2045
-113
2044
-126
2043
-138
2042
-151
2041
-163
2040
-176
2039
-188
2038
-201
2037
-213
2036
-226
2034
-238
2032
-251
2031
-263
2029
-276
2028
-288
2026
-300
2024
-313
2022
-325
2020
-338
2018
-350
2016
-362
2013
-375
2011
-387
2009
-400
2006
-412
2004
-424
2001
-436
1998
-449
1995
-461
1992
-473
1990
-485
1986
-498
1984
-510
1980
-522
1977
-534
1974
-546
1970
-558
1967
-570
1963
-582
1960
-594
1956
-606
1952
-618
1948
-630
1945
-642
1941
-654
1936
-666
1932
-678
1928
-690
1924
-702
1920
-714
1915
-725
1911
-737
1906
-749
1902
-760
1897
-772
1892
-784
1887
-795
1882
-807
1877
-818
1872
-830
1867
-841
1862
-853
1857
-864
1851
-876
1846
-887
1840
-898
1835
-910
1829
-921
1824
-932
1818
-943
1812
-954
1806
-965
1800
-976
1794
-988
1788
-998
1782
-1009
1776
-1020
1769
-1031
1763
-1042
1757
-1053
1750
-1064
1744
-1074
1737
-1085
1730
-1096
1724
-1106
1717
-1117
1710
-1127
1703
-1138
1696
-1148
1689
-1158
1682
-1169
1674
-1179
1667
-1190
1660
-1200
1652
-1210
1645
-1220
1637
-1230
1630
-1240
1622
-1250
1614
-1260
1607
-1270
1599
-1280
1591
-1289
1583
-1299
1575
-1309
1567
-1318
1559
-1328
1551
-1338
1542
-1347
1534
-1357
1526
-1366
1517
-1375
1509
-1385
1500
-1394
1492
-1403
1483
-1412
1474
-1421
1466
-1430
1457
-1439
1448
-1448
1439
-1457
1430
-1466
1421
-1474
1412
-1483
1403
-1492
1394
-1500
1385
-1509
1375
-1517
1366
-1526
1357
-1534
1347
-1542
1338
-1551
1328
-1559
1318
-1567
1309
-1575
1299
-1583
1289
-1591
1280
-1599
1270
-1607
1260
-1614
1250
-1622
1240
-1630
1230
-1637
1220
-1645
1210
-1652
1200
-1660
1190
-1667
1179
-1674
1169
-1682
1158
-1689
1148
-1696
1138
-1703
1127
-1710
1117
-1717
1106
-1724
1096
-1730
1085
-1737
1074
-1744
1064
-1750
1053
-1757
1042
-1763
1031
-1769
1020
-1776
1009
-1782
998
-1788
988
-1794
976
-1800
965
-1806
954
-1812
943
-1818
932
-1824
921
-1829
910
-1835
898
-1840
887
-1846
876
-1851
864
-1857
853
-1862
841
-1867
830
-1872
818
-1877
807
-1882
795
-1887
784
-1892
772
-1897
760
-1902
749
-1906
737
-1911
725
-1915
714
-1920
702
-1924
690
-1928
678
-1932
666
-1936
654
-1941
642
-1945
630
-1948
618
-1952
606
-1956
594
-1960
582
-1963
570
-1967
558
-1970
546
-1974
534
-1977
522
-1980
510
-1984
498
-1986
485
-1990
473
-1992
461
-1995
449
-1998
436
-2001
424
-2004
412
-2006
400
-2009
387
-2011
375
-2013
362
-2016
350
-2018
338
-2020
325
-2022
313
-2024
300
-2026
288
-2028
276
-2029
263
-2031
251
-2032
238
-2034
226
-2036
213
-2037
201
-2038
188
-2039
176
-2040
163
-2041
151
-2042
138
-2043
126
-2044
113
-2045
100
-2046
88
-2046
75
-2046
63
-2047
50
-2047
38
-2048
25
-2048
12
-2048
0
-2048
-12
-2048
-25
-2048
-38
-2048
-50
-2047
-63
-2047
-75
-2046
-88
-2046
-100
-2046
-113
-2045
-126
-2044
-138
-2043
-151
-2042
-163
-2041
-176
-2040
-188
-2039
-201
-2038
-213
-2037
-226
-2036
-238
-2034
-251
-2032
-263
-2031
-276
-2029
-288
-2028
-300
-2026
-313
-2024
-325
-2022
-338
-2020
-350
-2018
-362
-2016
-375
-2013
-387
-2011
-400
-2009
-412
-2006
-424
-2004
-436
-2001
-449
-1998
-461
-1995
-473
-1992
-485
-1990
-498
-1986
-510
-1984
-522
-1980
-534
-1977
-546
-1974
-558
-1970
-570
-1967
-582
-1963
-594
-1960
-606
-1956
-618
-1952
-630
-1948
-642
-1945
-654
-1941
-666
-1936
-678
-1932
-690
-1928
-702
-1924
-714
-1920
-725
-1915
-737
-1911
-749
-1906
-760
-1902
-772
-1897
-784
-1892
-795
-1887
-807
-1882
-818
-1877
-830
-1872
-841
-1867
-853
-1862
-864
-1857
-876
-1851
-887
-1846
-898
-1840
-910
-1835
-921
-1829
-932
-1824
-943
-1818
-954
-1812
-965
-1806
-976
-1800
-988
-1794
-998
-1788
-1009
-1782
-1020
-1776
-1031
-1769
-1042
-1763
-1053
-1757
-1064
-1750
-1074
-1744
-1085
-1737
-1096
-1730
-1106
-1724
-1117
-1717
-1127
-1710
-1138
-1703
-1148
-1696
-1158
-1689
-1169
-1682
-1179
-1674
-1190
-1667
-1200
-1660
-1210
-1652
-1220
-1645
-1230
-1637
-1240
-1630
-1250
-1622
-1260
-1614
-1270
-1607
-1280
-1599
-1289
-1591
-1299
-1583
-1309
-1575
-1318
-1567
-1328
-1559
-1338
-1551
-1347
-1542
-1357
-1534
-1366
-1526
-1375
-1517
-1385
-1509
-1394
-1500
-1403
-1492
-1412
-1483
-1421
-1474
-1430
-1466
-1439
-1457
-1448
-1448
-1457
-1439
-1466
-1430
-1474
-1421
-1483
-1412
-1492
-1403
-1500
-1394
-1509
-1385
-1517
-1375
-1526
-1366
-1534
-1357
-1542
-1347
-1551
-1338
-1559
-1328
-1567
-1318
-1575
-1309
-1583
-1299
-1591
-1289
-1599
-1280
-1607
-1270
-1614
-1260
-1622
-1250
-1630
-1240
-1637
-1230
-1645
-1220
-1652
-1210
-1660
-1200
-1667
-1190
-1674
-1179
-1682
-1169
-1689
-1158
-1696
-1148
-1703
-1138
-1710
-1127
-1717
-1117
-1724
-1106
-1730
-1096
-1737
-1085
-1744
-1074
-1750
-1064
-1757
-1053
-1763
-1042
-1769
-1031
-1776
-1020
-1782
-1009
-1788
-998
-1794
-988
-1800
-976
-1806
-965
-1812
-954
-1818
-943
-1824
-932
-1829
-921
-1835
-910
-1840
-898
-1846
-887
-1851
-876
-1857
-864
-1862
-853
-1867
-841
-1872
-830
-1877
-818
-1882
-807
-1887
-795
-1892
-784
-1897
-772
-1902
-760
-1906
-749
-1911
-737
-1915
-725
-1920
-714
-1924
-702
-1928
-690
-1932
-678
-1936
-666
-1941
-654
-1945
-642
-1948
-630
-1952
-618
-1956
-606
-1960
-594
-1963
-582
-1967
-570
-1970
-558
-1974
-546
-1977
-534
-1980
-522
-1984
-510
-1986
-498
-1990
-485
-1992
-473
-1995
-461
-1998
-449
-2001
-436
-2004
-424
-2006
-412
-2009
-400
-2011
-387
-2013
-375
-2016
-362
-2018
-350
-2020
-338
-2022
-325
-2024
-313
-2026
-300
-2028
-288
-2029
-276
-2031
-263
-2032
-251
-2034
-238
-2036
-226
-2037
-213
-2038
-201
-2039
-188
-2040
-176
-2041
-163
-2042
-151
-2043
-138
-2044
-126
-2045
-113
-2046
-100
-2046
-88
-2046
-75
-2047
-63
-2047
-50
-2048
-38
-2048
-25
-2048
-12
