262143
0
261828
-12863
260882
-25694
259307
-38464
257107
-51142
254288
-63696
250856
-76096
246820
-88314
242189
-100318
236975
-112081
231190
-123574
224848
-134769
217965
-145639
210556
-156159
202640
-166302
194236
-176045
185364
-185364
176045
-194236
166302
-202640
156159
-210556
145639
-217965
134769
-224848
123574
-231190
112081
-236975
100318
-242189
88314
-246820
76096
-250856
63696
-254288
51142
-257107
38464
-259307
25694
-260882
12863
-261828
0
-262144
-12863
-261828
-25694
-260882
-38464
-259307
-51142
-257107
-63696
-254288
-76096
-250856
-88314
-246820
-100318
-242189
-112081
-236975
-123574
-231190
-134769
-224848
-145639
-217965
-156159
-210556
-166302
-202640
-176045
-194236
-185364
-185364
-194236
-176045
-202640
-166302
-210556
-156159
-217965
-145639
-224848
-134769
-231190
-123574
-236975
-112081
-242189
-100318
-246820
-88314
-250856
-76096
-254288
-63696
-257107
-51142
-259307
-38464
-260882
-25694
-261828
-12863
