8388607
0
8388606
-6434
8388598
-12868
8388586
-19302
8388568
-25736
8388546
-32170
8388519
-38604
8388487
-45038
8388450
-51472
8388408
-57905
8388361
-64339
8388309
-70773
8388253
-77207
8388191
-83640
8388124
-90074
8388053
-96508
8387976
-102941
8387895
-109374
8387808
-115808
8387717
-122241
8387621
-128674
8387520
-135108
8387414
-141541
8387303
-147974
8387187
-154407
8387066
-160840
8386940
-167272
8386809
-173705
8386674
-180138
8386533
-186570
8386387
-193002
8386237
-199435
8386082
-205867
8385921
-212299
8385756
-218730
8385586
-225162
8385410
-231594
8385230
-238025
8385045
-244457
8384855
-250888
8384660
-257319
8384461
-263750
8384256
-270180
8384046
-276611
8383832
-283041
8383612
-289472
8383388
-295902
8383158
-302332
8382924
-308761
8382684
-315191
8382440
-321620
8382191
-328049
8381937
-334478
8381678
-340907
8381414
-347336
8381145
-353764
8380871
-360192
8380593
-366620
8380309
-373048
8380020
-379475
8379727
-385903
8379428
-392330
8379125
-398756
8378817
-405183
8378504
-411609
8378185
-418036
8377862
-424461
8377534
-430887
8377201
-437312
8376863
-443738
8376521
-450162
8376173
-456587
8375820
-463011
8375463
-469435
8375100
-475859
8374733
-482282
8374360
-488706
8373983
-495129
8373601
-501551
8373214
-507974
8372822
-514396
8372424
-520817
8372023
-527239
8371616
-533660
8371204
-540081
8370787
-546501
8370366
-552921
8369939
-559341
8369508
-565760
8369071
-572180
8368630
-578598
8368184
-585017
8367732
-591435
8367276
-597853
8366815
-604270
8366350
-610688
8365879
-617104
8365403
-623521
8364922
-629937
8364436
-636352
8363946
-642768
8363451
-649182
8362950
-655597
8362445
-662011
8361935
-668425
8361420
-674838
8360900
-681251
8360374
-687664
8359845
-694076
8359310
-700487
8358770
-706899
8358226
-713310
8357676
-719720
8357121
-726130
8356562
-732540
8355998
-738949
8355428
-745358
8354854
-751766
8354275
-758174
8353691
-764581
8353102
-770988
8352509
-777395
8351910
-783801
8351306
-790206
8350698
-796612
8350084
-803016
8349466
-809420
8348843
-815824
8348214
-822227
8347581
-828630
8346943
-835032
8346300
-841434
8345653
-847835
8345000
-854236
8344342
-860636
8343680
-867036
8343012
-873436
8342340
-879834
8341663
-886232
8340980
-892630
8340293
-899027
8339601
-905424
8338904
-911820
8338203
-918216
8337496
-924611
8336784
-931005
8336068
-937399
8335346
-943793
8334620
-950186
8333889
-956578
8333153
-962970
8332412
-969361
8331666
-975751
8330915
-982141
8330159
-988531
8329398
-994920
8328633
-1001308
8327862
-1007696
8327087
-1014083
8326307
-1020469
8325522
-1026855
8324732
-1033240
8323937
-1039625
8323137
-1046009
8322332
-1052393
8321522
-1058776
8320708
-1065158
8319889
-1071539
8319064
-1077920
8318235
-1084300
8317401
-1090680
8316562
-1097059
8315718
-1103438
8314869
-1109815
8314016
-1116192
8313157
-1122569
8312294
-1128945
8311425
-1135320
8310552
-1141694
8309674
-1148068
8308791
-1154441
8307903
-1160814
8307010
-1167185
8306113
-1173556
8305210
-1179927
8304303
-1186296
8303390
-1192665
8302473
-1199034
8301551
-1205401
8300624
-1211768
8299692
-1218134
8298756
-1224500
8297814
-1230864
8296867
-1237228
8295916
-1243592
8294960
-1249954
8293999
-1256316
8293033
-1262677
8292062
-1269037
8291086
-1275397
8290105
-1281756
8289120
-1288114
8288129
-1294471
8287134
-1300828
8286134
-1307183
8285129
-1313538
8284119
-1319892
8283104
-1326246
8282084
-1332599
8281060
-1338950
8280031
-1345302
8278996
-1351652
8277957
-1358001
8276913
-1364350
8275864
-1370698
8274810
-1377045
8273752
-1383392
8272688
-1389737
8271620
-1396082
8270547
-1402426
8269469
-1408768
8268386
-1415111
8267298
-1421452
8266205
-1427792
8265108
-1434132
8264006
-1440471
8262898
-1446809
8261786
-1453146
8260669
-1459482
8259547
-1465818
8258420
-1472152
8257289
-1478486
8256153
-1484819
8255011
-1491151
8253865
-1497482
8252714
-1503812
8251558
-1510142
8250398
-1516470
8249232
-1522798
8248062
-1529124
8246886
-1535450
8245706
-1541775
8244522
-1548098
8243332
-1554422
8242137
-1560744
8240938
-1567065
8239733
-1573385
8238524
-1579704
8237310
-1586023
8236091
-1592340
8234867
-1598657
8233639
-1604972
8232405
-1611287
8231167
-1617601
8229924
-1623914
8228676
-1630225
8227423
-1636536
8226166
-1642846
8224903
-1649155
8223636
-1655463
8222364
-1661770
8221087
-1668076
8219805
-1674381
8218518
-1680685
8217227
-1686988
8215930
-1693290
8214629
-1699591
8213323
-1705891
8212012
-1712190
8210697
-1718488
8209376
-1724785
8208051
-1731081
8206721
-1737376
8205386
-1743670
8204046
-1749963
8202702
-1756255
8201352
-1762546
8199998
-1768836
8198639
-1775124
8197275
-1781412
8195906
-1787699
8194532
-1793984
8193154
-1800269
8191771
-1806553
8190383
-1812835
8188990
-1819116
8187592
-1825397
8186190
-1831676
8184783
-1837954
8183370
-1844232
8181954
-1850508
8180532
-1856782
8179105
-1863056
8177674
-1869329
8176238
-1875601
8174797
-1881871
8173351
-1888141
8171900
-1894409
8170445
-1900676
8168985
-1906942
8167520
-1913207
8166050
-1919471
8164576
-1925734
8163096
-1931995
8161612
-1938256
8160123
-1944515
8158629
-1950773
8157130
-1957030
8155627
-1963286
8154119
-1969541
8152606
-1975794
8151088
-1982047
8149565
-1988298
8148038
-1994548
8146506
-2000797
8144969
-2007045
8143427
-2013291
8141880
-2019536
8140329
-2025781
8138773
-2032024
8137212
-2038265
8135646
-2044506
8134076
-2050745
8132500
-2056984
8130920
-2063220
8129335
-2069456
8127746
-2075691
8126151
-2081924
8124552
-2088156
8122948
-2094387
8121339
-2100616
8119726
-2106845
8118108
-2113072
8116484
-2119298
8114856
-2125522
8113224
-2131746
8111586
-2137968
8109944
-2144189
8108297
-2150408
8106646
-2156627
8104989
-2162844
8103328
-2169060
8101662
-2175274
8099991
-2181488
8098316
-2187700
8096635
-2193910
8094950
-2200120
8093260
-2206328
8091566
-2212534
8089866
-2218740
8088162
-2224944
8086453
-2231147
8084740
-2237349
8083021
-2243549
8081298
-2249748
8079570
-2255946
8077837
-2262142
8076100
-2268337
8074358
-2274530
8072611
-2280723
8070859
-2286914
8069103
-2293103
8067342
-2299292
8065576
-2305478
8063805
-2311664
8062030
-2317848
8060250
-2324031
8058465
-2330212
8056675
-2336392
8054881
-2342571
8053082
-2348748
8051278
-2354924
8049469
-2361099
8047656
-2367272
8045838
-2373444
8044015
-2379614
8042188
-2385783
8040355
-2391951
8038518
-2398117
8036677
-2404282
8034830
-2410445
8032979
-2416607
8031123
-2422768
8029263
-2428927
8027397
-2435084
8025527
-2441240
8023652
-2447395
8021773
-2453549
8019889
-2459700
8018000
-2465851
8016106
-2472000
8014208
-2478148
8012305
-2484294
8010397
-2490438
8008484
-2496582
8006567
-2502723
8004645
-2508863
8002719
-2515002
8000787
-2521139
7998851
-2527275
7996911
-2533410
7994965
-2539542
7993015
-2545674
7991060
-2551803
7989101
-2557932
7987136
-2564058
7985167
-2570184
7983194
-2576308
7981215
-2582430
7979232
-2588551
7977245
-2594670
7975252
-2600788
7973255
-2606904
7971253
-2613018
7969247
-2619132
7967236
-2625243
7965220
-2631353
7963199
-2637462
7961174
-2643568
7959144
-2649674
7957109
-2655778
7955070
-2661880
7953026
-2667981
7950977
-2674080
7948924
-2680177
7946866
-2686273
7944803
-2692368
7942736
-2698460
7940664
-2704552
7938587
-2710641
7936506
-2716729
7934420
-2722816
7932329
-2728900
7930234
-2734984
7928134
-2741065
7926029
-2747145
7923920
-2753224
7921806
-2759300
7919687
-2765376
7917564
-2771449
7915436
-2777521
7913303
-2783591
7911166
-2789660
7909024
-2795727
7906877
-2801792
7904726
-2807856
7902570
-2813918
7900409
-2819978
7898244
-2826037
7896074
-2832094
7893900
-2838149
7891720
-2844203
7889537
-2850255
7887348
-2856305
7885155
-2862354
7882958
-2868401
7880755
-2874446
7878548
-2880490
7876336
-2886532
7874120
-2892572
7871899
-2898611
7869674
-2904648
7867444
-2910683
7865209
-2916716
7862970
-2922748
7860726
-2928778
7858477
-2934806
7856224
-2940832
7853966
-2946857
7851703
-2952880
7849436
-2958902
7847164
-2964921
7844888
-2970939
7842607
-2976955
7840321
-2982969
7838031
-2988982
7835736
-2994993
7833437
-3001002
7831133
-3007009
7828824
-3013015
7826511
-3019018
7824193
-3025020
7821870
-3031020
7819543
-3037019
7817212
-3043016
7814876
-3049010
7812535
-3055003
7810189
-3060995
7807839
-3066984
7805484
-3072972
7803125
-3078958
7800761
-3084942
7798393
-3090924
7796020
-3096904
7793642
-3102883
7791260
-3108859
7788874
-3114834
7786482
-3120807
7784086
-3126779
7781686
-3132748
7779281
-3138716
7776871
-3144681
7774457
-3150645
7772038
-3156607
7769615
-3162567
7767187
-3168526
7764754
-3174482
7762317
-3180437
7759875
-3186389
7757429
-3192340
7754978
-3198289
7752523
-3204236
7750063
-3210181
7747599
-3216124
7745130
-3222066
7742656
-3228005
7740178
-3233943
7737695
-3239879
7735208
-3245812
7732716
-3251744
7730220
-3257674
7727719
-3263602
7725214
-3269528
7722704
-3275453
7720189
-3281375
7717670
-3287295
7715146
-3293214
7712618
-3299130
7710086
-3305045
7707548
-3310957
7705007
-3316868
7702460
-3322777
7699910
-3328683
7697354
-3334588
7694794
-3340491
7692230
-3346392
7689661
-3352291
7687088
-3358188
7684510
-3364082
7681927
-3369976
7679340
-3375866
7676749
-3381756
7674153
-3387642
7671552
-3393528
7668947
-3399410
7666338
-3405292
7663724
-3411170
7661105
-3417048
7658482
-3422922
7655854
-3428796
7653222
-3434666
7650586
-3440535
7647944
-3446402
7645299
-3452267
7642649
-3458130
7639994
-3463991
7637335
-3469850
7634672
-3475706
7632003
-3481561
7629331
-3487414
7626654
-3493264
7623972
-3499113
7621286
-3504959
7618596
-3510804
7615901
-3516646
7613201
-3522486
7610497
-3528325
7607789
-3534161
7605076
-3539995
7602358
-3545827
7599637
-3551657
7596910
-3557484
7594180
-3563310
7591444
-3569134
7588705
-3574955
7585960
-3580775
7583212
-3586592
7580459
-3592407
7577701
-3598220
7574939
-3604031
7572172
-3609840
7569402
-3615647
7566626
-3621451
7563846
-3627254
7561062
-3633054
7558273
-3638852
7555480
-3644648
7552682
-3650442
7549880
-3656234
7547074
-3662024
7544263
-3667811
7541448
-3673596
7538628
-3679380
7535804
-3685161
7532975
-3690939
7530142
-3696716
7527304
-3702490
7524462
-3708263
7521616
-3714033
7518765
-3719801
7515910
-3725566
7513050
-3731330
7510186
-3737091
7507317
-3742850
7504444
-3748608
7501567
-3754362
7498685
-3760115
7495799
-3765865
7492908
-3771613
7490014
-3777359
7487114
-3783103
7484210
-3788844
7481302
-3794583
7478390
-3800320
7475472
-3806055
7472551
-3811788
7469625
-3817518
7466695
-3823246
7463760
-3828972
7460822
-3834695
7457878
-3840416
7454930
-3846135
7451978
-3851852
7449022
-3857566
7446061
-3863279
7443096
-3868989
7440126
-3874696
7437152
-3880402
7434173
-3886105
7431190
-3891806
7428203
-3897504
7425212
-3903200
7422216
-3908894
7419216
-3914586
7416211
-3920275
7413202
-3925962
7410189
-3931647
7407171
-3937329
7404149
-3943009
7401122
-3948687
7398092
-3954362
7395057
-3960036
7392017
-3965706
7388973
-3971375
7385925
-3977041
7382872
-3982704
7379816
-3988366
7376754
-3994025
7373689
-3999682
7370619
-4005336
7367545
-4010988
7364466
-4016638
7361383
-4022285
7358296
-4027930
7355205
-4033573
7352109
-4039213
7349008
-4044851
7345904
-4050486
7342795
-4056119
7339682
-4061750
7336564
-4067378
7333443
-4073004
7330317
-4078627
7327186
-4084248
7324052
-4089867
7320912
-4095483
7317769
-4101097
7314621
-4106709
7311470
-4112318
7308313
-4117924
7305153
-4123528
7301988
-4129130
7298819
-4134730
7295645
-4140327
7292468
-4145921
7289285
-4151513
7286099
-4157103
7282908
-4162690
7279714
-4168274
7276514
-4173857
7273311
-4179436
7270103
-4185014
7266891
-4190589
7263675
-4196161
7260454
-4201731
7257230
-4207298
7254000
-4212864
7250767
-4218426
7247530
-4223986
7244288
-4229544
7241042
-4235099
7237791
-4240651
7234536
-4246201
7231278
-4251749
7228014
-4257294
7224747
-4262836
7221475
-4268376
7218199
-4273914
7214919
-4279449
7211635
-4284982
7208346
-4290512
7205053
-4296039
7201756
-4301564
7198455
-4307086
7195149
-4312606
7191839
-4318124
7188525
-4323638
7185207
-4329151
7181884
-4334660
7178558
-4340168
7175226
-4345672
7171891
-4351174
7168552
-4356674
7165208
-4362171
7161860
-4367665
7158508
-4373157
7155152
-4378646
7151792
-4384133
7148427
-4389617
7145058
-4395098
7141685
-4400577
7138308
-4406054
7134926
-4411527
7131540
-4416998
7128150
-4422467
7124756
-4427933
7121358
-4433396
7117956
-4438857
7114549
-4444315
7111138
-4449770
7107723
-4455223
7104304
-4460674
7100881
-4466121
7097453
-4471566
7094021
-4477008
7090585
-4482448
7087145
-4487885
7083701
-4493320
7080253
-4498752
7076800
-4504181
7073343
-4509607
7069882
-4515031
7066417
-4520452
7062948
-4525871
7059475
-4531287
7055997
-4536700
7052516
-4542110
7049030
-4547518
7045540
-4552924
7042046
-4558326
7038547
-4563726
7035045
-4569123
7031538
-4574518
7028028
-4579909
7024513
-4585298
7020994
-4590685
7017471
-4596068
7013944
-4601449
7010412
-4606828
7006877
-4612203
7003337
-4617576
6999794
-4622946
6996246
-4628314
6992694
-4633678
6989138
-4639040
6985578
-4644400
6982013
-4649756
6978445
-4655110
6974873
-4660461
6971296
-4665809
6967715
-4671155
6964130
-4676498
6960542
-4681838
6956949
-4687175
6953352
-4692509
6949750
-4697841
6946145
-4703170
6942536
-4708496
6938922
-4713820
6935305
-4719140
6931683
-4724458
6928058
-4729774
6924428
-4735086
6920794
-4740396
6917156
-4745702
6913514
-4751006
6909868
-4756308
6906218
-4761606
6902564
-4766902
6898906
-4772194
6895244
-4777484
6891577
-4782772
6887907
-4788056
6884233
-4793337
6880554
-4798616
6876872
-4803892
6873185
-4809165
6869494
-4814435
6865800
-4819703
6862101
-4824967
6858398
-4830229
6854692
-4835488
6850981
-4840744
6847266
-4845997
6843547
-4851248
6839824
-4856495
6836098
-4861740
6832366
-4866982
6828632
-4872220
6824893
-4877457
6821150
-4882690
6817403
-4887920
6813652
-4893148
6809897
-4898372
6806138
-4903594
6802375
-4908813
6798608
-4914028
6794837
-4919242
6791062
-4924452
6787283
-4929659
6783500
-4934863
6779713
-4940065
6775922
-4945263
6772127
-4950459
6768328
-4955652
6764525
-4960841
6760718
-4966028
6756907
-4971212
6753092
-4976393
6749273
-4981571
6745451
-4986746
6741624
-4991919
6737793
-4997088
6733958
-5002254
6730120
-5007418
6726277
-5012578
6722430
-5017736
6718580
-5022890
6714726
-5028042
6710867
-5033190
6707005
-5038336
6703138
-5043479
6699268
-5048619
6695394
-5053755
6691516
-5058889
6687634
-5064020
6683748
-5069148
6679858
-5074273
6675964
-5079395
6672066
-5084514
6668164
-5089630
6664258
-5094742
6660349
-5099852
6656436
-5104959
6652518
-5110063
6648597
-5115164
6644672
-5120262
6640742
-5125357
6636809
-5130449
6632872
-5135538
6628932
-5140624
6624987
-5145706
6621038
-5150786
6617086
-5155863
6613129
-5160937
6609169
-5166007
6605204
-5171075
6601236
-5176140
6597264
-5181201
6593288
-5186260
6589309
-5191315
6585325
-5196368
6581338
-5201417
6577346
-5206463
6573351
-5211506
6569352
-5216546
6565349
-5221584
6561342
-5226618
6557332
-5231649
6553317
-5236676
6549298
-5241701
6545276
-5246723
6541250
-5251742
6537220
-5256757
6533186
-5261770
6529149
-5266779
6525107
-5271785
6521062
-5276788
6517013
-5281788
6512960
-5286785
6508903
-5291779
6504842
-5296770
6500778
-5301757
6496710
-5306742
6492637
-5311723
6488561
-5316701
6484482
-5321676
6480398
-5326648
6476311
-5331617
6472219
-5336583
6468124
-5341546
6464026
-5346505
6459923
-5351461
6455817
-5356414
6451706
-5361364
6447592
-5366311
6443474
-5371255
6439353
-5376195
6435228
-5381133
6431098
-5386067
6426965
-5390998
6422829
-5395926
6418688
-5400850
6414544
-5405772
6410396
-5410690
6406244
-5415605
6402088
-5420517
6397929
-5425426
6393766
-5430332
6389599
-5435234
6385428
-5440133
6381254
-5445029
6377076
-5449922
6372894
-5454811
6368708
-5459698
6364519
-5464581
6360326
-5469461
6356129
-5474337
6351928
-5479211
6347724
-5484081
6343516
-5488948
6339304
-5493812
6335088
-5498672
6330869
-5503530
6326646
-5508384
6322419
-5513235
6318189
-5518082
6313955
-5522927
6309717
-5527768
6305475
-5532606
6301230
-5537440
6296981
-5542272
6292728
-5547100
6288472
-5551925
6284212
-5556746
6279948
-5561564
6275680
-5566380
6271409
-5571191
6267134
-5576000
6262856
-5580805
6258573
-5585607
6254287
-5590406
6249998
-5595201
6245704
-5599993
6241407
-5604782
6237107
-5609567
6232802
-5614349
6228494
-5619128
6224183
-5623904
6219868
-5628676
6215548
-5633445
6211226
-5638210
6206900
-5642973
6202570
-5647732
6198236
-5652487
6193899
-5657240
6189558
-5661989
6185214
-5666734
6180865
-5671477
6176514
-5676216
6172158
-5680951
6167799
-5685684
6163436
-5690412
6159070
-5695138
6154700
-5699860
6150327
-5704579
6145949
-5709295
6141569
-5714007
6137184
-5718716
6132796
-5723422
6128405
-5728124
6124009
-5732822
6119611
-5737518
6115208
-5742210
6110802
-5746898
6106392
-5751584
6101979
-5756265
6097562
-5760944
6093142
-5765619
6088718
-5770291
6084291
-5774959
6079860
-5779624
6075425
-5784285
6070986
-5788943
6066545
-5793598
6062099
-5798249
6057650
-5802897
6053198
-5807542
6048742
-5812183
6044282
-5816820
6039819
-5821454
6035352
-5826085
6030882
-5830713
6026408
-5835336
6021930
-5839957
6017449
-5844574
6012965
-5849188
6008477
-5853798
6003985
-5858404
5999490
-5863008
5994992
-5867608
5990489
-5872204
5985984
-5876797
5981474
-5881386
5976962
-5885972
5972446
-5890555
5967926
-5895134
5963402
-5899710
5958876
-5904282
5954345
-5908850
5949812
-5913416
5945274
-5917977
5940734
-5922536
5936189
-5927090
5931642
-5931642
5927090
-5936189
5922536
-5940734
5917977
-5945274
5913416
-5949812
5908850
-5954345
5904282
-5958876
5899710
-5963402
5895134
-5967926
5890555
-5972446
5885972
-5976962
5881386
-5981474
5876797
-5985984
5872204
-5990489
5867608
-5994992
5863008
-5999490
5858404
-6003985
5853798
-6008477
5849188
-6012965
5844574
-6017449
5839957
-6021930
5835336
-6026408
5830713
-6030882
5826085
-6035352
5821454
-6039819
5816820
-6044282
5812183
-6048742
5807542
-6053198
5802897
-6057650
5798249
-6062099
5793598
-6066545
5788943
-6070986
5784285
-6075425
5779624
-6079860
5774959
-6084291
5770291
-6088718
5765619
-6093142
5760944
-6097562
5756265
-6101979
5751584
-6106392
5746898
-6110802
5742210
-6115208
5737518
-6119611
5732822
-6124009
5728124
-6128405
5723422
-6132796
5718716
-6137184
5714007
-6141569
5709295
-6145949
5704579
-6150327
5699860
-6154700
5695138
-6159070
5690412
-6163436
5685684
-6167799
5680951
-6172158
5676216
-6176514
5671477
-6180865
5666734
-6185214
5661989
-6189558
5657240
-6193899
5652487
-6198236
5647732
-6202570
5642973
-6206900
5638210
-6211226
5633445
-6215548
5628676
-6219868
5623904
-6224183
5619128
-6228494
5614349
-6232802
5609567
-6237107
5604782
-6241407
5599993
-6245704
5595201
-6249998
5590406
-6254287
5585607
-6258573
5580805
-6262856
5576000
-6267134
5571191
-6271409
5566380
-6275680
5561564
-6279948
5556746
-6284212
5551925
-6288472
5547100
-6292728
5542272
-6296981
5537440
-6301230
5532606
-6305475
5527768
-6309717
5522927
-6313955
5518082
-6318189
5513235
-6322419
5508384
-6326646
5503530
-6330869
5498672
-6335088
5493812
-6339304
5488948
-6343516
5484081
-6347724
5479211
-6351928
5474337
-6356129
5469461
-6360326
5464581
-6364519
5459698
-6368708
5454811
-6372894
5449922
-6377076
5445029
-6381254
5440133
-6385428
5435234
-6389599
5430332
-6393766
5425426
-6397929
5420517
-6402088
5415605
-6406244
5410690
-6410396
5405772
-6414544
5400850
-6418688
5395926
-6422829
5390998
-6426965
5386067
-6431098
5381133
-6435228
5376195
-6439353
5371255
-6443474
5366311
-6447592
5361364
-6451706
5356414
-6455817
5351461
-6459923
5346505
-6464026
5341546
-6468124
5336583
-6472219
5331617
-6476311
5326648
-6480398
5321676
-6484482
5316701
-6488561
5311723
-6492637
5306742
-6496710
5301757
-6500778
5296770
-6504842
5291779
-6508903
5286785
-6512960
5281788
-6517013
5276788
-6521062
5271785
-6525107
5266779
-6529149
5261770
-6533186
5256757
-6537220
5251742
-6541250
5246723
-6545276
5241701
-6549298
5236676
-6553317
5231649
-6557332
5226618
-6561342
5221584
-6565349
5216546
-6569352
5211506
-6573351
5206463
-6577346
5201417
-6581338
5196368
-6585325
5191315
-6589309
5186260
-6593288
5181201
-6597264
5176140
-6601236
5171075
-6605204
5166007
-6609169
5160937
-6613129
5155863
-6617086
5150786
-6621038
5145706
-6624987
5140624
-6628932
5135538
-6632872
5130449
-6636809
5125357
-6640742
5120262
-6644672
5115164
-6648597
5110063
-6652518
5104959
-6656436
5099852
-6660349
5094742
-6664258
5089630
-6668164
5084514
-6672066
5079395
-6675964
5074273
-6679858
5069148
-6683748
5064020
-6687634
5058889
-6691516
5053755
-6695394
5048619
-6699268
5043479
-6703138
5038336
-6707005
5033190
-6710867
5028042
-6714726
5022890
-6718580
5017736
-6722430
5012578
-6726277
5007418
-6730120
5002254
-6733958
4997088
-6737793
4991919
-6741624
4986746
-6745451
4981571
-6749273
4976393
-6753092
4971212
-6756907
4966028
-6760718
4960841
-6764525
4955652
-6768328
4950459
-6772127
4945263
-6775922
4940065
-6779713
4934863
-6783500
4929659
-6787283
4924452
-6791062
4919242
-6794837
4914028
-6798608
4908813
-6802375
4903594
-6806138
4898372
-6809897
4893148
-6813652
4887920
-6817403
4882690
-6821150
4877457
-6824893
4872220
-6828632
4866982
-6832366
4861740
-6836098
4856495
-6839824
4851248
-6843547
4845997
-6847266
4840744
-6850981
4835488
-6854692
4830229
-6858398
4824967
-6862101
4819703
-6865800
4814435
-6869494
4809165
-6873185
4803892
-6876872
4798616
-6880554
4793337
-6884233
4788056
-6887907
4782772
-6891577
4777484
-6895244
4772194
-6898906
4766902
-6902564
4761606
-6906218
4756308
-6909868
4751006
-6913514
4745702
-6917156
4740396
-6920794
4735086
-6924428
4729774
-6928058
4724458
-6931683
4719140
-6935305
4713820
-6938922
4708496
-6942536
4703170
-6946145
4697841
-6949750
4692509
-6953352
4687175
-6956949
4681838
-6960542
4676498
-6964130
4671155
-6967715
4665809
-6971296
4660461
-6974873
4655110
-6978445
4649756
-6982013
4644400
-6985578
4639040
-6989138
4633678
-6992694
4628314
-6996246
4622946
-6999794
4617576
-7003337
4612203
-7006877
4606828
-7010412
4601449
-7013944
4596068
-7017471
4590685
-7020994
4585298
-7024513
4579909
-7028028
4574518
-7031538
4569123
-7035045
4563726
-7038547
4558326
-7042046
4552924
-7045540
4547518
-7049030
4542110
-7052516
4536700
-7055997
4531287
-7059475
4525871
-7062948
4520452
-7066417
4515031
-7069882
4509607
-7073343
4504181
-7076800
4498752
-7080253
4493320
-7083701
4487885
-7087145
4482448
-7090585
4477008
-7094021
4471566
-7097453
4466121
-7100881
4460674
-7104304
4455223
-7107723
4449770
-7111138
4444315
-7114549
4438857
-7117956
4433396
-7121358
4427933
-7124756
4422467
-7128150
4416998
-7131540
4411527
-7134926
4406054
-7138308
4400577
-7141685
4395098
-7145058
4389617
-7148427
4384133
-7151792
4378646
-7155152
4373157
-7158508
4367665
-7161860
4362171
-7165208
4356674
-7168552
4351174
-7171891
4345672
-7175226
4340168
-7178558
4334660
-7181884
4329151
-7185207
4323638
-7188525
4318124
-7191839
4312606
-7195149
4307086
-7198455
4301564
-7201756
4296039
-7205053
4290512
-7208346
4284982
-7211635
4279449
-7214919
4273914
-7218199
4268376
-7221475
4262836
-7224747
4257294
-7228014
4251749
-7231278
4246201
-7234536
4240651
-7237791
4235099
-7241042
4229544
-7244288
4223986
-7247530
4218426
-7250767
4212864
-7254000
4207298
-7257230
4201731
-7260454
4196161
-7263675
4190589
-7266891
4185014
-7270103
4179436
-7273311
4173857
-7276514
4168274
-7279714
4162690
-7282908
4157103
-7286099
4151513
-7289285
4145921
-7292468
4140327
-7295645
4134730
-7298819
4129130
-7301988
4123528
-7305153
4117924
-7308313
4112318
-7311470
4106709
-7314621
4101097
-7317769
4095483
-7320912
4089867
-7324052
4084248
-7327186
4078627
-7330317
4073004
-7333443
4067378
-7336564
4061750
-7339682
4056119
-7342795
4050486
-7345904
4044851
-7349008
4039213
-7352109
4033573
-7355205
4027930
-7358296
4022285
-7361383
4016638
-7364466
4010988
-7367545
4005336
-7370619
3999682
-7373689
3994025
-7376754
3988366
-7379816
3982704
-7382872
3977041
-7385925
3971375
-7388973
3965706
-7392017
3960036
-7395057
3954362
-7398092
3948687
-7401122
3943009
-7404149
3937329
-7407171
3931647
-7410189
3925962
-7413202
3920275
-7416211
3914586
-7419216
3908894
-7422216
3903200
-7425212
3897504
-7428203
3891806
-7431190
3886105
-7434173
3880402
-7437152
3874696
-7440126
3868989
-7443096
3863279
-7446061
3857566
-7449022
3851852
-7451978
3846135
-7454930
3840416
-7457878
3834695
-7460822
3828972
-7463760
3823246
-7466695
3817518
-7469625
3811788
-7472551
3806055
-7475472
3800320
-7478390
3794583
-7481302
3788844
-7484210
3783103
-7487114
3777359
-7490014
3771613
-7492908
3765865
-7495799
3760115
-7498685
3754362
-7501567
3748608
-7504444
3742850
-7507317
3737091
-7510186
3731330
-7513050
3725566
-7515910
3719801
-7518765
3714033
-7521616
3708263
-7524462
3702490
-7527304
3696716
-7530142
3690939
-7532975
3685161
-7535804
3679380
-7538628
3673596
-7541448
3667811
-7544263
3662024
-7547074
3656234
-7549880
3650442
-7552682
3644648
-7555480
3638852
-7558273
3633054
-7561062
3627254
-7563846
3621451
-7566626
3615647
-7569402
3609840
-7572172
3604031
-7574939
3598220
-7577701
3592407
-7580459
3586592
-7583212
3580775
-7585960
3574955
-7588705
3569134
-7591444
3563310
-7594180
3557484
-7596910
3551657
-7599637
3545827
-7602358
3539995
-7605076
3534161
-7607789
3528325
-7610497
3522486
-7613201
3516646
-7615901
3510804
-7618596
3504959
-7621286
3499113
-7623972
3493264
-7626654
3487414
-7629331
3481561
-7632003
3475706
-7634672
3469850
-7637335
3463991
-7639994
3458130
-7642649
3452267
-7645299
3446402
-7647944
3440535
-7650586
3434666
-7653222
3428796
-7655854
3422922
-7658482
3417048
-7661105
3411170
-7663724
3405292
-7666338
3399410
-7668947
3393528
-7671552
3387642
-7674153
3381756
-7676749
3375866
-7679340
3369976
-7681927
3364082
-7684510
3358188
-7687088
3352291
-7689661
3346392
-7692230
3340491
-7694794
3334588
-7697354
3328683
-7699910
3322777
-7702460
3316868
-7705007
3310957
-7707548
3305045
-7710086
3299130
-7712618
3293214
-7715146
3287295
-7717670
3281375
-7720189
3275453
-7722704
3269528
-7725214
3263602
-7727719
3257674
-7730220
3251744
-7732716
3245812
-7735208
3239879
-7737695
3233943
-7740178
3228005
-7742656
3222066
-7745130
3216124
-7747599
3210181
-7750063
3204236
-7752523
3198289
-7754978
3192340
-7757429
3186389
-7759875
3180437
-7762317
3174482
-7764754
3168526
-7767187
3162567
-7769615
3156607
-7772038
3150645
-7774457
3144681
-7776871
3138716
-7779281
3132748
-7781686
3126779
-7784086
3120807
-7786482
3114834
-7788874
3108859
-7791260
3102883
-7793642
3096904
-7796020
3090924
-7798393
3084942
-7800761
3078958
-7803125
3072972
-7805484
3066984
-7807839
3060995
-7810189
3055003
-7812535
3049010
-7814876
3043016
-7817212
3037019
-7819543
3031020
-7821870
3025020
-7824193
3019018
-7826511
3013015
-7828824
3007009
-7831133
3001002
-7833437
2994993
-7835736
2988982
-7838031
2982969
-7840321
2976955
-7842607
2970939
-7844888
2964921
-7847164
2958902
-7849436
2952880
-7851703
2946857
-7853966
2940832
-7856224
2934806
-7858477
2928778
-7860726
2922748
-7862970
2916716
-7865209
2910683
-7867444
2904648
-7869674
2898611
-7871899
2892572
-7874120
2886532
-7876336
2880490
-7878548
2874446
-7880755
2868401
-7882958
2862354
-7885155
2856305
-7887348
2850255
-7889537
2844203
-7891720
2838149
-7893900
2832094
-7896074
2826037
-7898244
2819978
-7900409
2813918
-7902570
2807856
-7904726
2801792
-7906877
2795727
-7909024
2789660
-7911166
2783591
-7913303
2777521
-7915436
2771449
-7917564
2765376
-7919687
2759300
-7921806
2753224
-7923920
2747145
-7926029
2741065
-7928134
2734984
-7930234
2728900
-7932329
2722816
-7934420
2716729
-7936506
2710641
-7938587
2704552
-7940664
2698460
-7942736
2692368
-7944803
2686273
-7946866
2680177
-7948924
2674080
-7950977
2667981
-7953026
2661880
-7955070
2655778
-7957109
2649674
-7959144
2643568
-7961174
2637462
-7963199
2631353
-7965220
2625243
-7967236
2619132
-7969247
2613018
-7971253
2606904
-7973255
2600788
-7975252
2594670
-7977245
2588551
-7979232
2582430
-7981215
2576308
-7983194
2570184
-7985167
2564058
-7987136
2557932
-7989101
2551803
-7991060
2545674
-7993015
2539542
-7994965
2533410
-7996911
2527275
-7998851
2521139
-8000787
2515002
-8002719
2508863
-8004645
2502723
-8006567
2496582
-8008484
2490438
-8010397
2484294
-8012305
2478148
-8014208
2472000
-8016106
2465851
-8018000
2459700
-8019889
2453549
-8021773
2447395
-8023652
2441240
-8025527
2435084
-8027397
2428927
-8029263
2422768
-8031123
2416607
-8032979
2410445
-8034830
2404282
-8036677
2398117
-8038518
2391951
-8040355
2385783
-8042188
2379614
-8044015
2373444
-8045838
2367272
-8047656
2361099
-8049469
2354924
-8051278
2348748
-8053082
2342571
-8054881
2336392
-8056675
2330212
-8058465
2324031
-8060250
2317848
-8062030
2311664
-8063805
2305478
-8065576
2299292
-8067342
2293103
-8069103
2286914
-8070859
2280723
-8072611
2274530
-8074358
2268337
-8076100
2262142
-8077837
2255946
-8079570
2249748
-8081298
2243549
-8083021
2237349
-8084740
2231147
-8086453
2224944
-8088162
2218740
-8089866
2212534
-8091566
2206328
-8093260
2200120
-8094950
2193910
-8096635
2187700
-8098316
2181488
-8099991
2175274
-8101662
2169060
-8103328
2162844
-8104989
2156627
-8106646
2150408
-8108297
2144189
-8109944
2137968
-8111586
2131746
-8113224
2125522
-8114856
2119298
-8116484
2113072
-8118108
2106845
-8119726
2100616
-8121339
2094387
-8122948
2088156
-8124552
2081924
-8126151
2075691
-8127746
2069456
-8129335
2063220
-8130920
2056984
-8132500
2050745
-8134076
2044506
-8135646
2038265
-8137212
2032024
-8138773
2025781
-8140329
2019536
-8141880
2013291
-8143427
2007045
-8144969
2000797
-8146506
1994548
-8148038
1988298
-8149565
1982047
-8151088
1975794
-8152606
1969541
-8154119
1963286
-8155627
1957030
-8157130
1950773
-8158629
1944515
-8160123
1938256
-8161612
1931995
-8163096
1925734
-8164576
1919471
-8166050
1913207
-8167520
1906942
-8168985
1900676
-8170445
1894409
-8171900
1888141
-8173351
1881871
-8174797
1875601
-8176238
1869329
-8177674
1863056
-8179105
1856782
-8180532
1850508
-8181954
1844232
-8183370
1837954
-8184783
1831676
-8186190
1825397
-8187592
1819116
-8188990
1812835
-8190383
1806553
-8191771
1800269
-8193154
1793984
-8194532
1787699
-8195906
1781412
-8197275
1775124
-8198639
1768836
-8199998
1762546
-8201352
1756255
-8202702
1749963
-8204046
1743670
-8205386
1737376
-8206721
1731081
-8208051
1724785
-8209376
1718488
-8210697
1712190
-8212012
1705891
-8213323
1699591
-8214629
1693290
-8215930
1686988
-8217227
1680685
-8218518
1674381
-8219805
1668076
-8221087
1661770
-8222364
1655463
-8223636
1649155
-8224903
1642846
-8226166
1636536
-8227423
1630225
-8228676
1623914
-8229924
1617601
-8231167
1611287
-8232405
1604972
-8233639
1598657
-8234867
1592340
-8236091
1586023
-8237310
1579704
-8238524
1573385
-8239733
1567065
-8240938
1560744
-8242137
1554422
-8243332
1548098
-8244522
1541775
-8245706
1535450
-8246886
1529124
-8248062
1522798
-8249232
1516470
-8250398
1510142
-8251558
1503812
-8252714
1497482
-8253865
1491151
-8255011
1484819
-8256153
1478486
-8257289
1472152
-8258420
1465818
-8259547
1459482
-8260669
1453146
-8261786
1446809
-8262898
1440471
-8264006
1434132
-8265108
1427792
-8266205
1421452
-8267298
1415111
-8268386
1408768
-8269469
1402426
-8270547
1396082
-8271620
1389737
-8272688
1383392
-8273752
1377045
-8274810
1370698
-8275864
1364350
-8276913
1358001
-8277957
1351652
-8278996
1345302
-8280031
1338950
-8281060
1332599
-8282084
1326246
-8283104
1319892
-8284119
1313538
-8285129
1307183
-8286134
1300828
-8287134
1294471
-8288129
1288114
-8289120
1281756
-8290105
1275397
-8291086
1269037
-8292062
1262677
-8293033
1256316
-8293999
1249954
-8294960
1243592
-8295916
1237228
-8296867
1230864
-8297814
1224500
-8298756
1218134
-8299692
1211768
-8300624
1205401
-8301551
1199034
-8302473
1192665
-8303390
1186296
-8304303
1179927
-8305210
1173556
-8306113
1167185
-8307010
1160814
-8307903
1154441
-8308791
1148068
-8309674
1141694
-8310552
1135320
-8311425
1128945
-8312294
1122569
-8313157
1116192
-8314016
1109815
-8314869
1103438
-8315718
1097059
-8316562
1090680
-8317401
1084300
-8318235
1077920
-8319064
1071539
-8319889
1065158
-8320708
1058776
-8321522
1052393
-8322332
1046009
-8323137
1039625
-8323937
1033240
-8324732
1026855
-8325522
1020469
-8326307
1014083
-8327087
1007696
-8327862
1001308
-8328633
994920
-8329398
988531
-8330159
982141
-8330915
975751
-8331666
969361
-8332412
962970
-8333153
956578
-8333889
950186
-8334620
943793
-8335346
937399
-8336068
931005
-8336784
924611
-8337496
918216
-8338203
911820
-8338904
905424
-8339601
899027
-8340293
892630
-8340980
886232
-8341663
879834
-8342340
873436
-8343012
867036
-8343680
860636
-8344342
854236
-8345000
847835
-8345653
841434
-8346300
835032
-8346943
828630
-8347581
822227
-8348214
815824
-8348843
809420
-8349466
803016
-8350084
796612
-8350698
790206
-8351306
783801
-8351910
777395
-8352509
770988
-8353102
764581
-8353691
758174
-8354275
751766
-8354854
745358
-8355428
738949
-8355998
732540
-8356562
726130
-8357121
719720
-8357676
713310
-8358226
706899
-8358770
700487
-8359310
694076
-8359845
687664
-8360374
681251
-8360900
674838
-8361420
668425
-8361935
662011
-8362445
655597
-8362950
649182
-8363451
642768
-8363946
636352
-8364436
629937
-8364922
623521
-8365403
617104
-8365879
610688
-8366350
604270
-8366815
597853
-8367276
591435
-8367732
585017
-8368184
578598
-8368630
572180
-8369071
565760
-8369508
559341
-8369939
552921
-8370366
546501
-8370787
540081
-8371204
533660
-8371616
527239
-8372023
520817
-8372424
514396
-8372822
507974
-8373214
501551
-8373601
495129
-8373983
488706
-8374360
482282
-8374733
475859
-8375100
469435
-8375463
463011
-8375820
456587
-8376173
450162
-8376521
443738
-8376863
437312
-8377201
430887
-8377534
424461
-8377862
418036
-8378185
411609
-8378504
405183
-8378817
398756
-8379125
392330
-8379428
385903
-8379727
379475
-8380020
373048
-8380309
366620
-8380593
360192
-8380871
353764
-8381145
347336
-8381414
340907
-8381678
334478
-8381937
328049
-8382191
321620
-8382440
315191
-8382684
308761
-8382924
302332
-8383158
295902
-8383388
289472
-8383612
283041
-8383832
276611
-8384046
270180
-8384256
263750
-8384461
257319
-8384660
250888
-8384855
244457
-8385045
238025
-8385230
231594
-8385410
225162
-8385586
218730
-8385756
212299
-8385921
205867
-8386082
199435
-8386237
193002
-8386387
186570
-8386533
180138
-8386674
173705
-8386809
167272
-8386940
160840
-8387066
154407
-8387187
147974
-8387303
141541
-8387414
135108
-8387520
128674
-8387621
122241
-8387717
115808
-8387808
109374
-8387895
102941
-8387976
96508
-8388053
90074
-8388124
83640
-8388191
77207
-8388253
70773
-8388309
64339
-8388361
57905
-8388408
51472
-8388450
45038
-8388487
38604
-8388519
32170
-8388546
25736
-8388568
19302
-8388586
12868
-8388598
6434
-8388606
0
-8388608
-6434
-8388606
-12868
-8388598
-19302
-8388586
-25736
-8388568
-32170
-8388546
-38604
-8388519
-45038
-8388487
-51472
-8388450
-57905
-8388408
-64339
-8388361
-70773
-8388309
-77207
-8388253
-83640
-8388191
-90074
-8388124
-96508
-8388053
-102941
-8387976
-109374
-8387895
-115808
-8387808
-122241
-8387717
-128674
-8387621
-135108
-8387520
-141541
-8387414
-147974
-8387303
-154407
-8387187
-160840
-8387066
-167272
-8386940
-173705
-8386809
-180138
-8386674
-186570
-8386533
-193002
-8386387
-199435
-8386237
-205867
-8386082
-212299
-8385921
-218730
-8385756
-225162
-8385586
-231594
-8385410
-238025
-8385230
-244457
-8385045
-250888
-8384855
-257319
-8384660
-263750
-8384461
-270180
-8384256
-276611
-8384046
-283041
-8383832
-289472
-8383612
-295902
-8383388
-302332
-8383158
-308761
-8382924
-315191
-8382684
-321620
-8382440
-328049
-8382191
-334478
-8381937
-340907
-8381678
-347336
-8381414
-353764
-8381145
-360192
-8380871
-366620
-8380593
-373048
-8380309
-379475
-8380020
-385903
-8379727
-392330
-8379428
-398756
-8379125
-405183
-8378817
-411609
-8378504
-418036
-8378185
-424461
-8377862
-430887
-8377534
-437312
-8377201
-443738
-8376863
-450162
-8376521
-456587
-8376173
-463011
-8375820
-469435
-8375463
-475859
-8375100
-482282
-8374733
-488706
-8374360
-495129
-8373983
-501551
-8373601
-507974
-8373214
-514396
-8372822
-520817
-8372424
-527239
-8372023
-533660
-8371616
-540081
-8371204
-546501
-8370787
-552921
-8370366
-559341
-8369939
-565760
-8369508
-572180
-8369071
-578598
-8368630
-585017
-8368184
-591435
-8367732
-597853
-8367276
-604270
-8366815
-610688
-8366350
-617104
-8365879
-623521
-8365403
-629937
-8364922
-636352
-8364436
-642768
-8363946
-649182
-8363451
-655597
-8362950
-662011
-8362445
-668425
-8361935
-674838
-8361420
-681251
-8360900
-687664
-8360374
-694076
-8359845
-700487
-8359310
-706899
-8358770
-713310
-8358226
-719720
-8357676
-726130
-8357121
-732540
-8356562
-738949
-8355998
-745358
-8355428
-751766
-8354854
-758174
-8354275
-764581
-8353691
-770988
-8353102
-777395
-8352509
-783801
-8351910
-790206
-8351306
-796612
-8350698
-803016
-8350084
-809420
-8349466
-815824
-8348843
-822227
-8348214
-828630
-8347581
-835032
-8346943
-841434
-8346300
-847835
-8345653
-854236
-8345000
-860636
-8344342
-867036
-8343680
-873436
-8343012
-879834
-8342340
-886232
-8341663
-892630
-8340980
-899027
-8340293
-905424
-8339601
-911820
-8338904
-918216
-8338203
-924611
-8337496
-931005
-8336784
-937399
-8336068
-943793
-8335346
-950186
-8334620
-956578
-8333889
-962970
-8333153
-969361
-8332412
-975751
-8331666
-982141
-8330915
-988531
-8330159
-994920
-8329398
-1001308
-8328633
-1007696
-8327862
-1014083
-8327087
-1020469
-8326307
-1026855
-8325522
-1033240
-8324732
-1039625
-8323937
-1046009
-8323137
-1052393
-8322332
-1058776
-8321522
-1065158
-8320708
-1071539
-8319889
-1077920
-8319064
-1084300
-8318235
-1090680
-8317401
-1097059
-8316562
-1103438
-8315718
-1109815
-8314869
-1116192
-8314016
-1122569
-8313157
-1128945
-8312294
-1135320
-8311425
-1141694
-8310552
-1148068
-8309674
-1154441
-8308791
-1160814
-8307903
-1167185
-8307010
-1173556
-8306113
-1179927
-8305210
-1186296
-8304303
-1192665
-8303390
-1199034
-8302473
-1205401
-8301551
-1211768
-8300624
-1218134
-8299692
-1224500
-8298756
-1230864
-8297814
-1237228
-8296867
-1243592
-8295916
-1249954
-8294960
-1256316
-8293999
-1262677
-8293033
-1269037
-8292062
-1275397
-8291086
-1281756
-8290105
-1288114
-8289120
-1294471
-8288129
-1300828
-8287134
-1307183
-8286134
-1313538
-8285129
-1319892
-8284119
-1326246
-8283104
-1332599
-8282084
-1338950
-8281060
-1345302
-8280031
-1351652
-8278996
-1358001
-8277957
-1364350
-8276913
-1370698
-8275864
-1377045
-8274810
-1383392
-8273752
-1389737
-8272688
-1396082
-8271620
-1402426
-8270547
-1408768
-8269469
-1415111
-8268386
-1421452
-8267298
-1427792
-8266205
-1434132
-8265108
-1440471
-8264006
-1446809
-8262898
-1453146
-8261786
-1459482
-8260669
-1465818
-8259547
-1472152
-8258420
-1478486
-8257289
-1484819
-8256153
-1491151
-8255011
-1497482
-8253865
-1503812
-8252714
-1510142
-8251558
-1516470
-8250398
-1522798
-8249232
-1529124
-8248062
-1535450
-8246886
-1541775
-8245706
-1548098
-8244522
-1554422
-8243332
-1560744
-8242137
-1567065
-8240938
-1573385
-8239733
-1579704
-8238524
-1586023
-8237310
-1592340
-8236091
-1598657
-8234867
-1604972
-8233639
-1611287
-8232405
-1617601
-8231167
-1623914
-8229924
-1630225
-8228676
-1636536
-8227423
-1642846
-8226166
-1649155
-8224903
-1655463
-8223636
-1661770
-8222364
-1668076
-8221087
-1674381
-8219805
-1680685
-8218518
-1686988
-8217227
-1693290
-8215930
-1699591
-8214629
-1705891
-8213323
-1712190
-8212012
-1718488
-8210697
-1724785
-8209376
-1731081
-8208051
-1737376
-8206721
-1743670
-8205386
-1749963
-8204046
-1756255
-8202702
-1762546
-8201352
-1768836
-8199998
-1775124
-8198639
-1781412
-8197275
-1787699
-8195906
-1793984
-8194532
-1800269
-8193154
-1806553
-8191771
-1812835
-8190383
-1819116
-8188990
-1825397
-8187592
-1831676
-8186190
-1837954
-8184783
-1844232
-8183370
-1850508
-8181954
-1856782
-8180532
-1863056
-8179105
-1869329
-8177674
-1875601
-8176238
-1881871
-8174797
-1888141
-8173351
-1894409
-8171900
-1900676
-8170445
-1906942
-8168985
-1913207
-8167520
-1919471
-8166050
-1925734
-8164576
-1931995
-8163096
-1938256
-8161612
-1944515
-8160123
-1950773
-8158629
-1957030
-8157130
-1963286
-8155627
-1969541
-8154119
-1975794
-8152606
-1982047
-8151088
-1988298
-8149565
-1994548
-8148038
-2000797
-8146506
-2007045
-8144969
-2013291
-8143427
-2019536
-8141880
-2025781
-8140329
-2032024
-8138773
-2038265
-8137212
-2044506
-8135646
-2050745
-8134076
-2056984
-8132500
-2063220
-8130920
-2069456
-8129335
-2075691
-8127746
-2081924
-8126151
-2088156
-8124552
-2094387
-8122948
-2100616
-8121339
-2106845
-8119726
-2113072
-8118108
-2119298
-8116484
-2125522
-8114856
-2131746
-8113224
-2137968
-8111586
-2144189
-8109944
-2150408
-8108297
-2156627
-8106646
-2162844
-8104989
-2169060
-8103328
-2175274
-8101662
-2181488
-8099991
-2187700
-8098316
-2193910
-8096635
-2200120
-8094950
-2206328
-8093260
-2212534
-8091566
-2218740
-8089866
-2224944
-8088162
-2231147
-8086453
-2237349
-8084740
-2243549
-8083021
-2249748
-8081298
-2255946
-8079570
-2262142
-8077837
-2268337
-8076100
-2274530
-8074358
-2280723
-8072611
-2286914
-8070859
-2293103
-8069103
-2299292
-8067342
-2305478
-8065576
-2311664
-8063805
-2317848
-8062030
-2324031
-8060250
-2330212
-8058465
-2336392
-8056675
-2342571
-8054881
-2348748
-8053082
-2354924
-8051278
-2361099
-8049469
-2367272
-8047656
-2373444
-8045838
-2379614
-8044015
-2385783
-8042188
-2391951
-8040355
-2398117
-8038518
-2404282
-8036677
-2410445
-8034830
-2416607
-8032979
-2422768
-8031123
-2428927
-8029263
-2435084
-8027397
-2441240
-8025527
-2447395
-8023652
-2453549
-8021773
-2459700
-8019889
-2465851
-8018000
-2472000
-8016106
-2478148
-8014208
-2484294
-8012305
-2490438
-8010397
-2496582
-8008484
-2502723
-8006567
-2508863
-8004645
-2515002
-8002719
-2521139
-8000787
-2527275
-7998851
-2533410
-7996911
-2539542
-7994965
-2545674
-7993015
-2551803
-7991060
-2557932
-7989101
-2564058
-7987136
-2570184
-7985167
-2576308
-7983194
-2582430
-7981215
-2588551
-7979232
-2594670
-7977245
-2600788
-7975252
-2606904
-7973255
-2613018
-7971253
-2619132
-7969247
-2625243
-7967236
-2631353
-7965220
-2637462
-7963199
-2643568
-7961174
-2649674
-7959144
-2655778
-7957109
-2661880
-7955070
-2667981
-7953026
-2674080
-7950977
-2680177
-7948924
-2686273
-7946866
-2692368
-7944803
-2698460
-7942736
-2704552
-7940664
-2710641
-7938587
-2716729
-7936506
-2722816
-7934420
-2728900
-7932329
-2734984
-7930234
-2741065
-7928134
-2747145
-7926029
-2753224
-7923920
-2759300
-7921806
-2765376
-7919687
-2771449
-7917564
-2777521
-7915436
-2783591
-7913303
-2789660
-7911166
-2795727
-7909024
-2801792
-7906877
-2807856
-7904726
-2813918
-7902570
-2819978
-7900409
-2826037
-7898244
-2832094
-7896074
-2838149
-7893900
-2844203
-7891720
-2850255
-7889537
-2856305
-7887348
-2862354
-7885155
-2868401
-7882958
-2874446
-7880755
-2880490
-7878548
-2886532
-7876336
-2892572
-7874120
-2898611
-7871899
-2904648
-7869674
-2910683
-7867444
-2916716
-7865209
-2922748
-7862970
-2928778
-7860726
-2934806
-7858477
-2940832
-7856224
-2946857
-7853966
-2952880
-7851703
-2958902
-7849436
-2964921
-7847164
-2970939
-7844888
-2976955
-7842607
-2982969
-7840321
-2988982
-7838031
-2994993
-7835736
-3001002
-7833437
-3007009
-7831133
-3013015
-7828824
-3019018
-7826511
-3025020
-7824193
-3031020
-7821870
-3037019
-7819543
-3043016
-7817212
-3049010
-7814876
-3055003
-7812535
-3060995
-7810189
-3066984
-7807839
-3072972
-7805484
-3078958
-7803125
-3084942
-7800761
-3090924
-7798393
-3096904
-7796020
-3102883
-7793642
-3108859
-7791260
-3114834
-7788874
-3120807
-7786482
-3126779
-7784086
-3132748
-7781686
-3138716
-7779281
-3144681
-7776871
-3150645
-7774457
-3156607
-7772038
-3162567
-7769615
-3168526
-7767187
-3174482
-7764754
-3180437
-7762317
-3186389
-7759875
-3192340
-7757429
-3198289
-7754978
-3204236
-7752523
-3210181
-7750063
-3216124
-7747599
-3222066
-7745130
-3228005
-7742656
-3233943
-7740178
-3239879
-7737695
-3245812
-7735208
-3251744
-7732716
-3257674
-7730220
-3263602
-7727719
-3269528
-7725214
-3275453
-7722704
-3281375
-7720189
-3287295
-7717670
-3293214
-7715146
-3299130
-7712618
-3305045
-7710086
-3310957
-7707548
-3316868
-7705007
-3322777
-7702460
-3328683
-7699910
-3334588
-7697354
-3340491
-7694794
-3346392
-7692230
-3352291
-7689661
-3358188
-7687088
-3364082
-7684510
-3369976
-7681927
-3375866
-7679340
-3381756
-7676749
-3387642
-7674153
-3393528
-7671552
-3399410
-7668947
-3405292
-7666338
-3411170
-7663724
-3417048
-7661105
-3422922
-7658482
-3428796
-7655854
-3434666
-7653222
-3440535
-7650586
-3446402
-7647944
-3452267
-7645299
-3458130
-7642649
-3463991
-7639994
-3469850
-7637335
-3475706
-7634672
-3481561
-7632003
-3487414
-7629331
-3493264
-7626654
-3499113
-7623972
-3504959
-7621286
-3510804
-7618596
-3516646
-7615901
-3522486
-7613201
-3528325
-7610497
-3534161
-7607789
-3539995
-7605076
-3545827
-7602358
-3551657
-7599637
-3557484
-7596910
-3563310
-7594180
-3569134
-7591444
-3574955
-7588705
-3580775
-7585960
-3586592
-7583212
-3592407
-7580459
-3598220
-7577701
-3604031
-7574939
-3609840
-7572172
-3615647
-7569402
-3621451
-7566626
-3627254
-7563846
-3633054
-7561062
-3638852
-7558273
-3644648
-7555480
-3650442
-7552682
-3656234
-7549880
-3662024
-7547074
-3667811
-7544263
-3673596
-7541448
-3679380
-7538628
-3685161
-7535804
-3690939
-7532975
-3696716
-7530142
-3702490
-7527304
-3708263
-7524462
-3714033
-7521616
-3719801
-7518765
-3725566
-7515910
-3731330
-7513050
-3737091
-7510186
-3742850
-7507317
-3748608
-7504444
-3754362
-7501567
-3760115
-7498685
-3765865
-7495799
-3771613
-7492908
-3777359
-7490014
-3783103
-7487114
-3788844
-7484210
-3794583
-7481302
-3800320
-7478390
-3806055
-7475472
-3811788
-7472551
-3817518
-7469625
-3823246
-7466695
-3828972
-7463760
-3834695
-7460822
-3840416
-7457878
-3846135
-7454930
-3851852
-7451978
-3857566
-7449022
-3863279
-7446061
-3868989
-7443096
-3874696
-7440126
-3880402
-7437152
-3886105
-7434173
-3891806
-7431190
-3897504
-7428203
-3903200
-7425212
-3908894
-7422216
-3914586
-7419216
-3920275
-7416211
-3925962
-7413202
-3931647
-7410189
-3937329
-7407171
-3943009
-7404149
-3948687
-7401122
-3954362
-7398092
-3960036
-7395057
-3965706
-7392017
-3971375
-7388973
-3977041
-7385925
-3982704
-7382872
-3988366
-7379816
-3994025
-7376754
-3999682
-7373689
-4005336
-7370619
-4010988
-7367545
-4016638
-7364466
-4022285
-7361383
-4027930
-7358296
-4033573
-7355205
-4039213
-7352109
-4044851
-7349008
-4050486
-7345904
-4056119
-7342795
-4061750
-7339682
-4067378
-7336564
-4073004
-7333443
-4078627
-7330317
-4084248
-7327186
-4089867
-7324052
-4095483
-7320912
-4101097
-7317769
-4106709
-7314621
-4112318
-7311470
-4117924
-7308313
-4123528
-7305153
-4129130
-7301988
-4134730
-7298819
-4140327
-7295645
-4145921
-7292468
-4151513
-7289285
-4157103
-7286099
-4162690
-7282908
-4168274
-7279714
-4173857
-7276514
-4179436
-7273311
-4185014
-7270103
-4190589
-7266891
-4196161
-7263675
-4201731
-7260454
-4207298
-7257230
-4212864
-7254000
-4218426
-7250767
-4223986
-7247530
-4229544
-7244288
-4235099
-7241042
-4240651
-7237791
-4246201
-7234536
-4251749
-7231278
-4257294
-7228014
-4262836
-7224747
-4268376
-7221475
-4273914
-7218199
-4279449
-7214919
-4284982
-7211635
-4290512
-7208346
-4296039
-7205053
-4301564
-7201756
-4307086
-7198455
-4312606
-7195149
-4318124
-7191839
-4323638
-7188525
-4329151
-7185207
-4334660
-7181884
-4340168
-7178558
-4345672
-7175226
-4351174
-7171891
-4356674
-7168552
-4362171
-7165208
-4367665
-7161860
-4373157
-7158508
-4378646
-7155152
-4384133
-7151792
-4389617
-7148427
-4395098
-7145058
-4400577
-7141685
-4406054
-7138308
-4411527
-7134926
-4416998
-7131540
-4422467
-7128150
-4427933
-7124756
-4433396
-7121358
-4438857
-7117956
-4444315
-7114549
-4449770
-7111138
-4455223
-7107723
-4460674
-7104304
-4466121
-7100881
-4471566
-7097453
-4477008
-7094021
-4482448
-7090585
-4487885
-7087145
-4493320
-7083701
-4498752
-7080253
-4504181
-7076800
-4509607
-7073343
-4515031
-7069882
-4520452
-7066417
-4525871
-7062948
-4531287
-7059475
-4536700
-7055997
-4542110
-7052516
-4547518
-7049030
-4552924
-7045540
-4558326
-7042046
-4563726
-7038547
-4569123
-7035045
-4574518
-7031538
-4579909
-7028028
-4585298
-7024513
-4590685
-7020994
-4596068
-7017471
-4601449
-7013944
-4606828
-7010412
-4612203
-7006877
-4617576
-7003337
-4622946
-6999794
-4628314
-6996246
-4633678
-6992694
-4639040
-6989138
-4644400
-6985578
-4649756
-6982013
-4655110
-6978445
-4660461
-6974873
-4665809
-6971296
-4671155
-6967715
-4676498
-6964130
-4681838
-6960542
-4687175
-6956949
-4692509
-6953352
-4697841
-6949750
-4703170
-6946145
-4708496
-6942536
-4713820
-6938922
-4719140
-6935305
-4724458
-6931683
-4729774
-6928058
-4735086
-6924428
-4740396
-6920794
-4745702
-6917156
-4751006
-6913514
-4756308
-6909868
-4761606
-6906218
-4766902
-6902564
-4772194
-6898906
-4777484
-6895244
-4782772
-6891577
-4788056
-6887907
-4793337
-6884233
-4798616
-6880554
-4803892
-6876872
-4809165
-6873185
-4814435
-6869494
-4819703
-6865800
-4824967
-6862101
-4830229
-6858398
-4835488
-6854692
-4840744
-6850981
-4845997
-6847266
-4851248
-6843547
-4856495
-6839824
-4861740
-6836098
-4866982
-6832366
-4872220
-6828632
-4877457
-6824893
-4882690
-6821150
-4887920
-6817403
-4893148
-6813652
-4898372
-6809897
-4903594
-6806138
-4908813
-6802375
-4914028
-6798608
-4919242
-6794837
-4924452
-6791062
-4929659
-6787283
-4934863
-6783500
-4940065
-6779713
-4945263
-6775922
-4950459
-6772127
-4955652
-6768328
-4960841
-6764525
-4966028
-6760718
-4971212
-6756907
-4976393
-6753092
-4981571
-6749273
-4986746
-6745451
-4991919
-6741624
-4997088
-6737793
-5002254
-6733958
-5007418
-6730120
-5012578
-6726277
-5017736
-6722430
-5022890
-6718580
-5028042
-6714726
-5033190
-6710867
-5038336
-6707005
-5043479
-6703138
-5048619
-6699268
-5053755
-6695394
-5058889
-6691516
-5064020
-6687634
-5069148
-6683748
-5074273
-6679858
-5079395
-6675964
-5084514
-6672066
-5089630
-6668164
-5094742
-6664258
-5099852
-6660349
-5104959
-6656436
-5110063
-6652518
-5115164
-6648597
-5120262
-6644672
-5125357
-6640742
-5130449
-6636809
-5135538
-6632872
-5140624
-6628932
-5145706
-6624987
-5150786
-6621038
-5155863
-6617086
-5160937
-6613129
-5166007
-6609169
-5171075
-6605204
-5176140
-6601236
-5181201
-6597264
-5186260
-6593288
-5191315
-6589309
-5196368
-6585325
-5201417
-6581338
-5206463
-6577346
-5211506
-6573351
-5216546
-6569352
-5221584
-6565349
-5226618
-6561342
-5231649
-6557332
-5236676
-6553317
-5241701
-6549298
-5246723
-6545276
-5251742
-6541250
-5256757
-6537220
-5261770
-6533186
-5266779
-6529149
-5271785
-6525107
-5276788
-6521062
-5281788
-6517013
-5286785
-6512960
-5291779
-6508903
-5296770
-6504842
-5301757
-6500778
-5306742
-6496710
-5311723
-6492637
-5316701
-6488561
-5321676
-6484482
-5326648
-6480398
-5331617
-6476311
-5336583
-6472219
-5341546
-6468124
-5346505
-6464026
-5351461
-6459923
-5356414
-6455817
-5361364
-6451706
-5366311
-6447592
-5371255
-6443474
-5376195
-6439353
-5381133
-6435228
-5386067
-6431098
-5390998
-6426965
-5395926
-6422829
-5400850
-6418688
-5405772
-6414544
-5410690
-6410396
-5415605
-6406244
-5420517
-6402088
-5425426
-6397929
-5430332
-6393766
-5435234
-6389599
-5440133
-6385428
-5445029
-6381254
-5449922
-6377076
-5454811
-6372894
-5459698
-6368708
-5464581
-6364519
-5469461
-6360326
-5474337
-6356129
-5479211
-6351928
-5484081
-6347724
-5488948
-6343516
-5493812
-6339304
-5498672
-6335088
-5503530
-6330869
-5508384
-6326646
-5513235
-6322419
-5518082
-6318189
-5522927
-6313955
-5527768
-6309717
-5532606
-6305475
-5537440
-6301230
-5542272
-6296981
-5547100
-6292728
-5551925
-6288472
-5556746
-6284212
-5561564
-6279948
-5566380
-6275680
-5571191
-6271409
-5576000
-6267134
-5580805
-6262856
-5585607
-6258573
-5590406
-6254287
-5595201
-6249998
-5599993
-6245704
-5604782
-6241407
-5609567
-6237107
-5614349
-6232802
-5619128
-6228494
-5623904
-6224183
-5628676
-6219868
-5633445
-6215548
-5638210
-6211226
-5642973
-6206900
-5647732
-6202570
-5652487
-6198236
-5657240
-6193899
-5661989
-6189558
-5666734
-6185214
-5671477
-6180865
-5676216
-6176514
-5680951
-6172158
-5685684
-6167799
-5690412
-6163436
-5695138
-6159070
-5699860
-6154700
-5704579
-6150327
-5709295
-6145949
-5714007
-6141569
-5718716
-6137184
-5723422
-6132796
-5728124
-6128405
-5732822
-6124009
-5737518
-6119611
-5742210
-6115208
-5746898
-6110802
-5751584
-6106392
-5756265
-6101979
-5760944
-6097562
-5765619
-6093142
-5770291
-6088718
-5774959
-6084291
-5779624
-6079860
-5784285
-6075425
-5788943
-6070986
-5793598
-6066545
-5798249
-6062099
-5802897
-6057650
-5807542
-6053198
-5812183
-6048742
-5816820
-6044282
-5821454
-6039819
-5826085
-6035352
-5830713
-6030882
-5835336
-6026408
-5839957
-6021930
-5844574
-6017449
-5849188
-6012965
-5853798
-6008477
-5858404
-6003985
-5863008
-5999490
-5867608
-5994992
-5872204
-5990489
-5876797
-5985984
-5881386
-5981474
-5885972
-5976962
-5890555
-5972446
-5895134
-5967926
-5899710
-5963402
-5904282
-5958876
-5908850
-5954345
-5913416
-5949812
-5917977
-5945274
-5922536
-5940734
-5927090
-5936189
-5931642
-5931642
-5936189
-5927090
-5940734
-5922536
-5945274
-5917977
-5949812
-5913416
-5954345
-5908850
-5958876
-5904282
-5963402
-5899710
-5967926
-5895134
-5972446
-5890555
-5976962
-5885972
-5981474
-5881386
-5985984
-5876797
-5990489
-5872204
-5994992
-5867608
-5999490
-5863008
-6003985
-5858404
-6008477
-5853798
-6012965
-5849188
-6017449
-5844574
-6021930
-5839957
-6026408
-5835336
-6030882
-5830713
-6035352
-5826085
-6039819
-5821454
-6044282
-5816820
-6048742
-5812183
-6053198
-5807542
-6057650
-5802897
-6062099
-5798249
-6066545
-5793598
-6070986
-5788943
-6075425
-5784285
-6079860
-5779624
-6084291
-5774959
-6088718
-5770291
-6093142
-5765619
-6097562
-5760944
-6101979
-5756265
-6106392
-5751584
-6110802
-5746898
-6115208
-5742210
-6119611
-5737518
-6124009
-5732822
-6128405
-5728124
-6132796
-5723422
-6137184
-5718716
-6141569
-5714007
-6145949
-5709295
-6150327
-5704579
-6154700
-5699860
-6159070
-5695138
-6163436
-5690412
-6167799
-5685684
-6172158
-5680951
-6176514
-5676216
-6180865
-5671477
-6185214
-5666734
-6189558
-5661989
-6193899
-5657240
-6198236
-5652487
-6202570
-5647732
-6206900
-5642973
-6211226
-5638210
-6215548
-5633445
-6219868
-5628676
-6224183
-5623904
-6228494
-5619128
-6232802
-5614349
-6237107
-5609567
-6241407
-5604782
-6245704
-5599993
-6249998
-5595201
-6254287
-5590406
-6258573
-5585607
-6262856
-5580805
-6267134
-5576000
-6271409
-5571191
-6275680
-5566380
-6279948
-5561564
-6284212
-5556746
-6288472
-5551925
-6292728
-5547100
-6296981
-5542272
-6301230
-5537440
-6305475
-5532606
-6309717
-5527768
-6313955
-5522927
-6318189
-5518082
-6322419
-5513235
-6326646
-5508384
-6330869
-5503530
-6335088
-5498672
-6339304
-5493812
-6343516
-5488948
-6347724
-5484081
-6351928
-5479211
-6356129
-5474337
-6360326
-5469461
-6364519
-5464581
-6368708
-5459698
-6372894
-5454811
-6377076
-5449922
-6381254
-5445029
-6385428
-5440133
-6389599
-5435234
-6393766
-5430332
-6397929
-5425426
-6402088
-5420517
-6406244
-5415605
-6410396
-5410690
-6414544
-5405772
-6418688
-5400850
-6422829
-5395926
-6426965
-5390998
-6431098
-5386067
-6435228
-5381133
-6439353
-5376195
-6443474
-5371255
-6447592
-5366311
-6451706
-5361364
-6455817
-5356414
-6459923
-5351461
-6464026
-5346505
-6468124
-5341546
-6472219
-5336583
-6476311
-5331617
-6480398
-5326648
-6484482
-5321676
-6488561
-5316701
-6492637
-5311723
-6496710
-5306742
-6500778
-5301757
-6504842
-5296770
-6508903
-5291779
-6512960
-5286785
-6517013
-5281788
-6521062
-5276788
-6525107
-5271785
-6529149
-5266779
-6533186
-5261770
-6537220
-5256757
-6541250
-5251742
-6545276
-5246723
-6549298
-5241701
-6553317
-5236676
-6557332
-5231649
-6561342
-5226618
-6565349
-5221584
-6569352
-5216546
-6573351
-5211506
-6577346
-5206463
-6581338
-5201417
-6585325
-5196368
-6589309
-5191315
-6593288
-5186260
-6597264
-5181201
-6601236
-5176140
-6605204
-5171075
-6609169
-5166007
-6613129
-5160937
-6617086
-5155863
-6621038
-5150786
-6624987
-5145706
-6628932
-5140624
-6632872
-5135538
-6636809
-5130449
-6640742
-5125357
-6644672
-5120262
-6648597
-5115164
-6652518
-5110063
-6656436
-5104959
-6660349
-5099852
-6664258
-5094742
-6668164
-5089630
-6672066
-5084514
-6675964
-5079395
-6679858
-5074273
-6683748
-5069148
-6687634
-5064020
-6691516
-5058889
-6695394
-5053755
-6699268
-5048619
-6703138
-5043479
-6707005
-5038336
-6710867
-5033190
-6714726
-5028042
-6718580
-5022890
-6722430
-5017736
-6726277
-5012578
-6730120
-5007418
-6733958
-5002254
-6737793
-4997088
-6741624
-4991919
-6745451
-4986746
-6749273
-4981571
-6753092
-4976393
-6756907
-4971212
-6760718
-4966028
-6764525
-4960841
-6768328
-4955652
-6772127
-4950459
-6775922
-4945263
-6779713
-4940065
-6783500
-4934863
-6787283
-4929659
-6791062
-4924452
-6794837
-4919242
-6798608
-4914028
-6802375
-4908813
-6806138
-4903594
-6809897
-4898372
-6813652
-4893148
-6817403
-4887920
-6821150
-4882690
-6824893
-4877457
-6828632
-4872220
-6832366
-4866982
-6836098
-4861740
-6839824
-4856495
-6843547
-4851248
-6847266
-4845997
-6850981
-4840744
-6854692
-4835488
-6858398
-4830229
-6862101
-4824967
-6865800
-4819703
-6869494
-4814435
-6873185
-4809165
-6876872
-4803892
-6880554
-4798616
-6884233
-4793337
-6887907
-4788056
-6891577
-4782772
-6895244
-4777484
-6898906
-4772194
-6902564
-4766902
-6906218
-4761606
-6909868
-4756308
-6913514
-4751006
-6917156
-4745702
-6920794
-4740396
-6924428
-4735086
-6928058
-4729774
-6931683
-4724458
-6935305
-4719140
-6938922
-4713820
-6942536
-4708496
-6946145
-4703170
-6949750
-4697841
-6953352
-4692509
-6956949
-4687175
-6960542
-4681838
-6964130
-4676498
-6967715
-4671155
-6971296
-4665809
-6974873
-4660461
-6978445
-4655110
-6982013
-4649756
-6985578
-4644400
-6989138
-4639040
-6992694
-4633678
-6996246
-4628314
-6999794
-4622946
-7003337
-4617576
-7006877
-4612203
-7010412
-4606828
-7013944
-4601449
-7017471
-4596068
-7020994
-4590685
-7024513
-4585298
-7028028
-4579909
-7031538
-4574518
-7035045
-4569123
-7038547
-4563726
-7042046
-4558326
-7045540
-4552924
-7049030
-4547518
-7052516
-4542110
-7055997
-4536700
-7059475
-4531287
-7062948
-4525871
-7066417
-4520452
-7069882
-4515031
-7073343
-4509607
-7076800
-4504181
-7080253
-4498752
-7083701
-4493320
-7087145
-4487885
-7090585
-4482448
-7094021
-4477008
-7097453
-4471566
-7100881
-4466121
-7104304
-4460674
-7107723
-4455223
-7111138
-4449770
-7114549
-4444315
-7117956
-4438857
-7121358
-4433396
-7124756
-4427933
-7128150
-4422467
-7131540
-4416998
-7134926
-4411527
-7138308
-4406054
-7141685
-4400577
-7145058
-4395098
-7148427
-4389617
-7151792
-4384133
-7155152
-4378646
-7158508
-4373157
-7161860
-4367665
-7165208
-4362171
-7168552
-4356674
-7171891
-4351174
-7175226
-4345672
-7178558
-4340168
-7181884
-4334660
-7185207
-4329151
-7188525
-4323638
-7191839
-4318124
-7195149
-4312606
-7198455
-4307086
-7201756
-4301564
-7205053
-4296039
-7208346
-4290512
-7211635
-4284982
-7214919
-4279449
-7218199
-4273914
-7221475
-4268376
-7224747
-4262836
-7228014
-4257294
-7231278
-4251749
-7234536
-4246201
-7237791
-4240651
-7241042
-4235099
-7244288
-4229544
-7247530
-4223986
-7250767
-4218426
-7254000
-4212864
-7257230
-4207298
-7260454
-4201731
-7263675
-4196161
-7266891
-4190589
-7270103
-4185014
-7273311
-4179436
-7276514
-4173857
-7279714
-4168274
-7282908
-4162690
-7286099
-4157103
-7289285
-4151513
-7292468
-4145921
-7295645
-4140327
-7298819
-4134730
-7301988
-4129130
-7305153
-4123528
-7308313
-4117924
-7311470
-4112318
-7314621
-4106709
-7317769
-4101097
-7320912
-4095483
-7324052
-4089867
-7327186
-4084248
-7330317
-4078627
-7333443
-4073004
-7336564
-4067378
-7339682
-4061750
-7342795
-4056119
-7345904
-4050486
-7349008
-4044851
-7352109
-4039213
-7355205
-4033573
-7358296
-4027930
-7361383
-4022285
-7364466
-4016638
-7367545
-4010988
-7370619
-4005336
-7373689
-3999682
-7376754
-3994025
-7379816
-3988366
-7382872
-3982704
-7385925
-3977041
-7388973
-3971375
-7392017
-3965706
-7395057
-3960036
-7398092
-3954362
-7401122
-3948687
-7404149
-3943009
-7407171
-3937329
-7410189
-3931647
-7413202
-3925962
-7416211
-3920275
-7419216
-3914586
-7422216
-3908894
-7425212
-3903200
-7428203
-3897504
-7431190
-3891806
-7434173
-3886105
-7437152
-3880402
-7440126
-3874696
-7443096
-3868989
-7446061
-3863279
-7449022
-3857566
-7451978
-3851852
-7454930
-3846135
-7457878
-3840416
-7460822
-3834695
-7463760
-3828972
-7466695
-3823246
-7469625
-3817518
-7472551
-3811788
-7475472
-3806055
-7478390
-3800320
-7481302
-3794583
-7484210
-3788844
-7487114
-3783103
-7490014
-3777359
-7492908
-3771613
-7495799
-3765865
-7498685
-3760115
-7501567
-3754362
-7504444
-3748608
-7507317
-3742850
-7510186
-3737091
-7513050
-3731330
-7515910
-3725566
-7518765
-3719801
-7521616
-3714033
-7524462
-3708263
-7527304
-3702490
-7530142
-3696716
-7532975
-3690939
-7535804
-3685161
-7538628
-3679380
-7541448
-3673596
-7544263
-3667811
-7547074
-3662024
-7549880
-3656234
-7552682
-3650442
-7555480
-3644648
-7558273
-3638852
-7561062
-3633054
-7563846
-3627254
-7566626
-3621451
-7569402
-3615647
-7572172
-3609840
-7574939
-3604031
-7577701
-3598220
-7580459
-3592407
-7583212
-3586592
-7585960
-3580775
-7588705
-3574955
-7591444
-3569134
-7594180
-3563310
-7596910
-3557484
-7599637
-3551657
-7602358
-3545827
-7605076
-3539995
-7607789
-3534161
-7610497
-3528325
-7613201
-3522486
-7615901
-3516646
-7618596
-3510804
-7621286
-3504959
-7623972
-3499113
-7626654
-3493264
-7629331
-3487414
-7632003
-3481561
-7634672
-3475706
-7637335
-3469850
-7639994
-3463991
-7642649
-3458130
-7645299
-3452267
-7647944
-3446402
-7650586
-3440535
-7653222
-3434666
-7655854
-3428796
-7658482
-3422922
-7661105
-3417048
-7663724
-3411170
-7666338
-3405292
-7668947
-3399410
-7671552
-3393528
-7674153
-3387642
-7676749
-3381756
-7679340
-3375866
-7681927
-3369976
-7684510
-3364082
-7687088
-3358188
-7689661
-3352291
-7692230
-3346392
-7694794
-3340491
-7697354
-3334588
-7699910
-3328683
-7702460
-3322777
-7705007
-3316868
-7707548
-3310957
-7710086
-3305045
-7712618
-3299130
-7715146
-3293214
-7717670
-3287295
-7720189
-3281375
-7722704
-3275453
-7725214
-3269528
-7727719
-3263602
-7730220
-3257674
-7732716
-3251744
-7735208
-3245812
-7737695
-3239879
-7740178
-3233943
-7742656
-3228005
-7745130
-3222066
-7747599
-3216124
-7750063
-3210181
-7752523
-3204236
-7754978
-3198289
-7757429
-3192340
-7759875
-3186389
-7762317
-3180437
-7764754
-3174482
-7767187
-3168526
-7769615
-3162567
-7772038
-3156607
-7774457
-3150645
-7776871
-3144681
-7779281
-3138716
-7781686
-3132748
-7784086
-3126779
-7786482
-3120807
-7788874
-3114834
-7791260
-3108859
-7793642
-3102883
-7796020
-3096904
-7798393
-3090924
-7800761
-3084942
-7803125
-3078958
-7805484
-3072972
-7807839
-3066984
-7810189
-3060995
-7812535
-3055003
-7814876
-3049010
-7817212
-3043016
-7819543
-3037019
-7821870
-3031020
-7824193
-3025020
-7826511
-3019018
-7828824
-3013015
-7831133
-3007009
-7833437
-3001002
-7835736
-2994993
-7838031
-2988982
-7840321
-2982969
-7842607
-2976955
-7844888
-2970939
-7847164
-2964921
-7849436
-2958902
-7851703
-2952880
-7853966
-2946857
-7856224
-2940832
-7858477
-2934806
-7860726
-2928778
-7862970
-2922748
-7865209
-2916716
-7867444
-2910683
-7869674
-2904648
-7871899
-2898611
-7874120
-2892572
-7876336
-2886532
-7878548
-2880490
-7880755
-2874446
-7882958
-2868401
-7885155
-2862354
-7887348
-2856305
-7889537
-2850255
-7891720
-2844203
-7893900
-2838149
-7896074
-2832094
-7898244
-2826037
-7900409
-2819978
-7902570
-2813918
-7904726
-2807856
-7906877
-2801792
-7909024
-2795727
-7911166
-2789660
-7913303
-2783591
-7915436
-2777521
-7917564
-2771449
-7919687
-2765376
-7921806
-2759300
-7923920
-2753224
-7926029
-2747145
-7928134
-2741065
-7930234
-2734984
-7932329
-2728900
-7934420
-2722816
-7936506
-2716729
-7938587
-2710641
-7940664
-2704552
-7942736
-2698460
-7944803
-2692368
-7946866
-2686273
-7948924
-2680177
-7950977
-2674080
-7953026
-2667981
-7955070
-2661880
-7957109
-2655778
-7959144
-2649674
-7961174
-2643568
-7963199
-2637462
-7965220
-2631353
-7967236
-2625243
-7969247
-2619132
-7971253
-2613018
-7973255
-2606904
-7975252
-2600788
-7977245
-2594670
-7979232
-2588551
-7981215
-2582430
-7983194
-2576308
-7985167
-2570184
-7987136
-2564058
-7989101
-2557932
-7991060
-2551803
-7993015
-2545674
-7994965
-2539542
-7996911
-2533410
-7998851
-2527275
-8000787
-2521139
-8002719
-2515002
-8004645
-2508863
-8006567
-2502723
-8008484
-2496582
-8010397
-2490438
-8012305
-2484294
-8014208
-2478148
-8016106
-2472000
-8018000
-2465851
-8019889
-2459700
-8021773
-2453549
-8023652
-2447395
-8025527
-2441240
-8027397
-2435084
-8029263
-2428927
-8031123
-2422768
-8032979
-2416607
-8034830
-2410445
-8036677
-2404282
-8038518
-2398117
-8040355
-2391951
-8042188
-2385783
-8044015
-2379614
-8045838
-2373444
-8047656
-2367272
-8049469
-2361099
-8051278
-2354924
-8053082
-2348748
-8054881
-2342571
-8056675
-2336392
-8058465
-2330212
-8060250
-2324031
-8062030
-2317848
-8063805
-2311664
-8065576
-2305478
-8067342
-2299292
-8069103
-2293103
-8070859
-2286914
-8072611
-2280723
-8074358
-2274530
-8076100
-2268337
-8077837
-2262142
-8079570
-2255946
-8081298
-2249748
-8083021
-2243549
-8084740
-2237349
-8086453
-2231147
-8088162
-2224944
-8089866
-2218740
-8091566
-2212534
-8093260
-2206328
-8094950
-2200120
-8096635
-2193910
-8098316
-2187700
-8099991
-2181488
-8101662
-2175274
-8103328
-2169060
-8104989
-2162844
-8106646
-2156627
-8108297
-2150408
-8109944
-2144189
-8111586
-2137968
-8113224
-2131746
-8114856
-2125522
-8116484
-2119298
-8118108
-2113072
-8119726
-2106845
-8121339
-2100616
-8122948
-2094387
-8124552
-2088156
-8126151
-2081924
-8127746
-2075691
-8129335
-2069456
-8130920
-2063220
-8132500
-2056984
-8134076
-2050745
-8135646
-2044506
-8137212
-2038265
-8138773
-2032024
-8140329
-2025781
-8141880
-2019536
-8143427
-2013291
-8144969
-2007045
-8146506
-2000797
-8148038
-1994548
-8149565
-1988298
-8151088
-1982047
-8152606
-1975794
-8154119
-1969541
-8155627
-1963286
-8157130
-1957030
-8158629
-1950773
-8160123
-1944515
-8161612
-1938256
-8163096
-1931995
-8164576
-1925734
-8166050
-1919471
-8167520
-1913207
-8168985
-1906942
-8170445
-1900676
-8171900
-1894409
-8173351
-1888141
-8174797
-1881871
-8176238
-1875601
-8177674
-1869329
-8179105
-1863056
-8180532
-1856782
-8181954
-1850508
-8183370
-1844232
-8184783
-1837954
-8186190
-1831676
-8187592
-1825397
-8188990
-1819116
-8190383
-1812835
-8191771
-1806553
-8193154
-1800269
-8194532
-1793984
-8195906
-1787699
-8197275
-1781412
-8198639
-1775124
-8199998
-1768836
-8201352
-1762546
-8202702
-1756255
-8204046
-1749963
-8205386
-1743670
-8206721
-1737376
-8208051
-1731081
-8209376
-1724785
-8210697
-1718488
-8212012
-1712190
-8213323
-1705891
-8214629
-1699591
-8215930
-1693290
-8217227
-1686988
-8218518
-1680685
-8219805
-1674381
-8221087
-1668076
-8222364
-1661770
-8223636
-1655463
-8224903
-1649155
-8226166
-1642846
-8227423
-1636536
-8228676
-1630225
-8229924
-1623914
-8231167
-1617601
-8232405
-1611287
-8233639
-1604972
-8234867
-1598657
-8236091
-1592340
-8237310
-1586023
-8238524
-1579704
-8239733
-1573385
-8240938
-1567065
-8242137
-1560744
-8243332
-1554422
-8244522
-1548098
-8245706
-1541775
-8246886
-1535450
-8248062
-1529124
-8249232
-1522798
-8250398
-1516470
-8251558
-1510142
-8252714
-1503812
-8253865
-1497482
-8255011
-1491151
-8256153
-1484819
-8257289
-1478486
-8258420
-1472152
-8259547
-1465818
-8260669
-1459482
-8261786
-1453146
-8262898
-1446809
-8264006
-1440471
-8265108
-1434132
-8266205
-1427792
-8267298
-1421452
-8268386
-1415111
-8269469
-1408768
-8270547
-1402426
-8271620
-1396082
-8272688
-1389737
-8273752
-1383392
-8274810
-1377045
-8275864
-1370698
-8276913
-1364350
-8277957
-1358001
-8278996
-1351652
-8280031
-1345302
-8281060
-1338950
-8282084
-1332599
-8283104
-1326246
-8284119
-1319892
-8285129
-1313538
-8286134
-1307183
-8287134
-1300828
-8288129
-1294471
-8289120
-1288114
-8290105
-1281756
-8291086
-1275397
-8292062
-1269037
-8293033
-1262677
-8293999
-1256316
-8294960
-1249954
-8295916
-1243592
-8296867
-1237228
-8297814
-1230864
-8298756
-1224500
-8299692
-1218134
-8300624
-1211768
-8301551
-1205401
-8302473
-1199034
-8303390
-1192665
-8304303
-1186296
-8305210
-1179927
-8306113
-1173556
-8307010
-1167185
-8307903
-1160814
-8308791
-1154441
-8309674
-1148068
-8310552
-1141694
-8311425
-1135320
-8312294
-1128945
-8313157
-1122569
-8314016
-1116192
-8314869
-1109815
-8315718
-1103438
-8316562
-1097059
-8317401
-1090680
-8318235
-1084300
-8319064
-1077920
-8319889
-1071539
-8320708
-1065158
-8321522
-1058776
-8322332
-1052393
-8323137
-1046009
-8323937
-1039625
-8324732
-1033240
-8325522
-1026855
-8326307
-1020469
-8327087
-1014083
-8327862
-1007696
-8328633
-1001308
-8329398
-994920
-8330159
-988531
-8330915
-982141
-8331666
-975751
-8332412
-969361
-8333153
-962970
-8333889
-956578
-8334620
-950186
-8335346
-943793
-8336068
-937399
-8336784
-931005
-8337496
-924611
-8338203
-918216
-8338904
-911820
-8339601
-905424
-8340293
-899027
-8340980
-892630
-8341663
-886232
-8342340
-879834
-8343012
-873436
-8343680
-867036
-8344342
-860636
-8345000
-854236
-8345653
-847835
-8346300
-841434
-8346943
-835032
-8347581
-828630
-8348214
-822227
-8348843
-815824
-8349466
-809420
-8350084
-803016
-8350698
-796612
-8351306
-790206
-8351910
-783801
-8352509
-777395
-8353102
-770988
-8353691
-764581
-8354275
-758174
-8354854
-751766
-8355428
-745358
-8355998
-738949
-8356562
-732540
-8357121
-726130
-8357676
-719720
-8358226
-713310
-8358770
-706899
-8359310
-700487
-8359845
-694076
-8360374
-687664
-8360900
-681251
-8361420
-674838
-8361935
-668425
-8362445
-662011
-8362950
-655597
-8363451
-649182
-8363946
-642768
-8364436
-636352
-8364922
-629937
-8365403
-623521
-8365879
-617104
-8366350
-610688
-8366815
-604270
-8367276
-597853
-8367732
-591435
-8368184
-585017
-8368630
-578598
-8369071
-572180
-8369508
-565760
-8369939
-559341
-8370366
-552921
-8370787
-546501
-8371204
-540081
-8371616
-533660
-8372023
-527239
-8372424
-520817
-8372822
-514396
-8373214
-507974
-8373601
-501551
-8373983
-495129
-8374360
-488706
-8374733
-482282
-8375100
-475859
-8375463
-469435
-8375820
-463011
-8376173
-456587
-8376521
-450162
-8376863
-443738
-8377201
-437312
-8377534
-430887
-8377862
-424461
-8378185
-418036
-8378504
-411609
-8378817
-405183
-8379125
-398756
-8379428
-392330
-8379727
-385903
-8380020
-379475
-8380309
-373048
-8380593
-366620
-8380871
-360192
-8381145
-353764
-8381414
-347336
-8381678
-340907
-8381937
-334478
-8382191
-328049
-8382440
-321620
-8382684
-315191
-8382924
-308761
-8383158
-302332
-8383388
-295902
-8383612
-289472
-8383832
-283041
-8384046
-276611
-8384256
-270180
-8384461
-263750
-8384660
-257319
-8384855
-250888
-8385045
-244457
-8385230
-238025
-8385410
-231594
-8385586
-225162
-8385756
-218730
-8385921
-212299
-8386082
-205867
-8386237
-199435
-8386387
-193002
-8386533
-186570
-8386674
-180138
-8386809
-173705
-8386940
-167272
-8387066
-160840
-8387187
-154407
-8387303
-147974
-8387414
-141541
-8387520
-135108
-8387621
-128674
-8387717
-122241
-8387808
-115808
-8387895
-109374
-8387976
-102941
-8388053
-96508
-8388124
-90074
-8388191
-83640
-8388253
-77207
-8388309
-70773
-8388361
-64339
-8388408
-57905
-8388450
-51472
-8388487
-45038
-8388519
-38604
-8388546
-32170
-8388568
-25736
-8388586
-19302
-8388598
-12868
-8388606
-6434
