32767
0
32728
-1608
32610
-3212
32413
-4808
32138
-6393
31786
-7962
31357
-9512
30852
-11039
30274
-12540
29622
-14010
28899
-15447
28106
-16846
27246
-18205
26320
-19520
25330
-20788
24279
-22006
23170
-23170
22006
-24279
20788
-25330
19520
-26320
18205
-27246
16846
-28106
15447
-28899
14010
-29622
12540
-30274
11039
-30852
9512
-31357
7962
-31786
6393
-32138
4808
-32413
3212
-32610
1608
-32728
0
-32768
-1608
-32728
-3212
-32610
-4808
-32413
-6393
-32138
-7962
-31786
-9512
-31357
-11039
-30852
-12540
-30274
-14010
-29622
-15447
-28899
-16846
-28106
-18205
-27246
-19520
-26320
-20788
-25330
-22006
-24279
-23170
-23170
-24279
-22006
-25330
-20788
-26320
-19520
-27246
-18205
-28106
-16846
-28899
-15447
-29622
-14010
-30274
-12540
-30852
-11039
-31357
-9512
-31786
-7962
-32138
-6393
-32413
-4808
-32610
-3212
-32728
-1608
