65535
0
65516
-1608
65457
-3216
65358
-4821
65220
-6424
65043
-8022
64827
-9616
64571
-11204
64277
-12785
63944
-14359
63572
-15924
63162
-17479
62714
-19024
62228
-20557
61705
-22078
61144
-23586
60547
-25080
59914
-26558
59244
-28020
58538
-29466
57798
-30893
57022
-32302
56212
-33692
55368
-35062
54491
-36410
53581
-37736
52639
-39040
51665
-40320
50660
-41576
49624
-42806
48559
-44011
47464
-45190
46341
-46341
45190
-47464
44011
-48559
42806
-49624
41576
-50660
40320
-51665
39040
-52639
37736
-53581
36410
-54491
35062
-55368
33692
-56212
32302
-57022
30893
-57798
29466
-58538
28020
-59244
26558
-59914
25080
-60547
23586
-61144
22078
-61705
20557
-62228
19024
-62714
17479
-63162
15924
-63572
14359
-63944
12785
-64277
11204
-64571
9616
-64827
8022
-65043
6424
-65220
4821
-65358
3216
-65457
1608
-65516
0
-65536
-1608
-65516
-3216
-65457
-4821
-65358
-6424
-65220
-8022
-65043
-9616
-64827
-11204
-64571
-12785
-64277
-14359
-63944
-15924
-63572
-17479
-63162
-19024
-62714
-20557
-62228
-22078
-61705
-23586
-61144
-25080
-60547
-26558
-59914
-28020
-59244
-29466
-58538
-30893
-57798
-32302
-57022
-33692
-56212
-35062
-55368
-36410
-54491
-37736
-53581
-39040
-52639
-40320
-51665
-41576
-50660
-42806
-49624
-44011
-48559
-45190
-47464
-46341
-46341
-47464
-45190
-48559
-44011
-49624
-42806
-50660
-41576
-51665
-40320
-52639
-39040
-53581
-37736
-54491
-36410
-55368
-35062
-56212
-33692
-57022
-32302
-57798
-30893
-58538
-29466
-59244
-28020
-59914
-26558
-60547
-25080
-61144
-23586
-61705
-22078
-62228
-20557
-62714
-19024
-63162
-17479
-63572
-15924
-63944
-14359
-64277
-12785
-64571
-11204
-64827
-9616
-65043
-8022
-65220
-6424
-65358
-4821
-65457
-3216
-65516
-1608
