16383
0
16383
-201
16379
-402
16373
-603
16364
-804
16353
-1005
16340
-1205
16324
-1406
16305
-1606
16284
-1806
16261
-2006
16235
-2205
16207
-2404
16176
-2603
16143
-2801
16107
-2999
16069
-3196
16029
-3393
15986
-3590
15941
-3786
15893
-3981
15843
-4176
15790
-4370
15736
-4563
15678
-4756
15619
-4948
15557
-5139
15493
-5330
15426
-5520
15357
-5708
15286
-5896
15213
-6084
15137
-6270
15059
-6455
14978
-6639
14896
-6823
14811
-7005
14724
-7186
14634
-7366
14543
-7545
14449
-7723
14354
-7900
14256
-8076
14155
-8250
14053
-8423
13948
-8595
13842
-8765
13733
-8934
13623
-9102
13510
-9269
13395
-9434
13278
-9598
13160
-9760
13039
-9921
12916
-10080
12792
-10238
12665
-10394
12536
-10548
12406
-10702
12274
-10853
12140
-11003
12004
-11151
11866
-11297
11726
-11442
11585
-11585
11442
-11726
11297
-11866
11151
-12004
11003
-12140
10853
-12274
10702
-12406
10548
-12536
10394
-12665
10238
-12792
10080
-12916
9921
-13039
9760
-13160
9598
-13278
9434
-13395
9269
-13510
9102
-13623
8934
-13733
8765
-13842
8595
-13948
8423
-14053
8250
-14155
8076
-14256
7900
-14354
7723
-14449
7545
-14543
7366
-14634
7186
-14724
7005
-14811
6823
-14896
6639
-14978
6455
-15059
6270
-15137
6084
-15213
5896
-15286
5708
-15357
5520
-15426
5330
-15493
5139
-15557
4948
-15619
4756
-15678
4563
-15736
4370
-15790
4176
-15843
3981
-15893
3786
-15941
3590
-15986
3393
-16029
3196
-16069
2999
-16107
2801
-16143
2603
-16176
2404
-16207
2205
-16235
2006
-16261
1806
-16284
1606
-16305
1406
-16324
1205
-16340
1005
-16353
804
-16364
603
-16373
402
-16379
201
-16383
0
-16384
-201
-16383
-402
-16379
-603
-16373
-804
-16364
-1005
-16353
-1205
-16340
-1406
-16324
-1606
-16305
-1806
-16284
-2006
-16261
-2205
-16235
-2404
-16207
-2603
-16176
-2801
-16143
-2999
-16107
-3196
-16069
-3393
-16029
-3590
-15986
-3786
-15941
-3981
-15893
-4176
-15843
-4370
-15790
-4563
-15736
-4756
-15678
-4948
-15619
-5139
-15557
-5330
-15493
-5520
-15426
-5708
-15357
-5896
-15286
-6084
-15213
-6270
-15137
-6455
-15059
-6639
-14978
-6823
-14896
-7005
-14811
-7186
-14724
-7366
-14634
-7545
-14543
-7723
-14449
-7900
-14354
-8076
-14256
-8250
-14155
-8423
-14053
-8595
-13948
-8765
-13842
-8934
-13733
-9102
-13623
-9269
-13510
-9434
-13395
-9598
-13278
-9760
-13160
-9921
-13039
-10080
-12916
-10238
-12792
-10394
-12665
-10548
-12536
-10702
-12406
-10853
-12274
-11003
-12140
-11151
-12004
-11297
-11866
-11442
-11726
-11585
-11585
-11726
-11442
-11866
-11297
-12004
-11151
-12140
-11003
-12274
-10853
-12406
-10702
-12536
-10548
-12665
-10394
-12792
-10238
-12916
-10080
-13039
-9921
-13160
-9760
-13278
-9598
-13395
-9434
-13510
-9269
-13623
-9102
-13733
-8934
-13842
-8765
-13948
-8595
-14053
-8423
-14155
-8250
-14256
-8076
-14354
-7900
-14449
-7723
-14543
-7545
-14634
-7366
-14724
-7186
-14811
-7005
-14896
-6823
-14978
-6639
-15059
-6455
-15137
-6270
-15213
-6084
-15286
-5896
-15357
-5708
-15426
-5520
-15493
-5330
-15557
-5139
-15619
-4948
-15678
-4756
-15736
-4563
-15790
-4370
-15843
-4176
-15893
-3981
-15941
-3786
-15986
-3590
-16029
-3393
-16069
-3196
-16107
-2999
-16143
-2801
-16176
-2603
-16207
-2404
-16235
-2205
-16261
-2006
-16284
-1806
-16305
-1606
-16324
-1406
-16340
-1205
-16353
-1005
-16364
-804
-16373
-603
-16379
-402
-16383
-201
