8388607
0
8386082
-205867
8378504
-411609
8365879
-617104
8348214
-822227
8325522
-1026855
8297814
-1230864
8265108
-1434132
8227423
-1636536
8184783
-1837954
8137212
-2038265
8084740
-2237349
8027397
-2435084
7965220
-2631353
7898244
-2826037
7826511
-3019018
7750063
-3210181
7668947
-3399410
7583212
-3586592
7492908
-3771613
7398092
-3954362
7298819
-4134730
7195149
-4312606
7087145
-4487885
6974873
-4660461
6858398
-4830229
6737793
-4997088
6613129
-5160937
6484482
-5321676
6351928
-5479211
6215548
-5633445
6075425
-5784285
5931642
-5931642
5784285
-6075425
5633445
-6215548
5479211
-6351928
5321676
-6484482
5160937
-6613129
4997088
-6737793
4830229
-6858398
4660461
-6974873
4487885
-7087145
4312606
-7195149
4134730
-7298819
3954362
-7398092
3771613
-7492908
3586592
-7583212
3399410
-7668947
3210181
-7750063
3019018
-7826511
2826037
-7898244
2631353
-7965220
2435084
-8027397
2237349
-8084740
2038265
-8137212
1837954
-8184783
1636536
-8227423
1434132
-8265108
1230864
-8297814
1026855
-8325522
822227
-8348214
617104
-8365879
411609
-8378504
205867
-8386082
0
-8388608
-205867
-8386082
-411609
-8378504
-617104
-8365879
-822227
-8348214
-1026855
-8325522
-1230864
-8297814
-1434132
-8265108
-1636536
-8227423
-1837954
-8184783
-2038265
-8137212
-2237349
-8084740
-2435084
-8027397
-2631353
-7965220
-2826037
-7898244
-3019018
-7826511
-3210181
-7750063
-3399410
-7668947
-3586592
-7583212
-3771613
-7492908
-3954362
-7398092
-4134730
-7298819
-4312606
-7195149
-4487885
-7087145
-4660461
-6974873
-4830229
-6858398
-4997088
-6737793
-5160937
-6613129
-5321676
-6484482
-5479211
-6351928
-5633445
-6215548
-5784285
-6075425
-5931642
-5931642
-6075425
-5784285
-6215548
-5633445
-6351928
-5479211
-6484482
-5321676
-6613129
-5160937
-6737793
-4997088
-6858398
-4830229
-6974873
-4660461
-7087145
-4487885
-7195149
-4312606
-7298819
-4134730
-7398092
-3954362
-7492908
-3771613
-7583212
-3586592
-7668947
-3399410
-7750063
-3210181
-7826511
-3019018
-7898244
-2826037
-7965220
-2631353
-8027397
-2435084
-8084740
-2237349
-8137212
-2038265
-8184783
-1837954
-8227423
-1636536
-8265108
-1434132
-8297814
-1230864
-8325522
-1026855
-8348214
-822227
-8365879
-617104
-8378504
-411609
-8386082
-205867
