1048575
0
1048575
-1608
1048571
-3217
1048565
-4825
1048556
-6434
1048545
-8042
1048532
-9651
1048516
-11259
1048497
-12868
1048476
-14476
1048453
-16084
1048427
-17692
1048398
-19301
1048368
-20909
1048334
-22517
1048298
-24125
1048260
-25733
1048219
-27341
1048176
-28949
1048131
-30557
1048082
-32165
1048032
-33772
1047979
-35380
1047923
-36988
1047865
-38595
1047805
-40202
1047742
-41810
1047677
-43417
1047609
-45024
1047539
-46631
1047466
-48238
1047391
-49844
1047313
-51451
1047233
-53058
1047150
-54664
1047065
-56270
1046978
-57876
1046888
-59482
1046795
-61088
1046700
-62694
1046603
-64299
1046503
-65905
1046400
-67510
1046296
-69115
1046188
-70720
1046079
-72325
1045966
-73929
1045852
-75534
1045735
-77138
1045615
-78742
1045493
-80346
1045369
-81950
1045242
-83553
1045112
-85156
1044980
-86759
1044846
-88362
1044709
-89965
1044570
-91567
1044428
-93170
1044284
-94772
1044138
-96374
1043989
-97975
1043837
-99576
1043683
-101178
1043527
-102778
1043368
-104379
1043206
-105979
1043043
-107580
1042876
-109179
1042708
-110779
1042537
-112378
1042363
-113978
1042187
-115576
1042008
-117175
1041828
-118773
1041644
-120371
1041458
-121969
1041270
-123566
1041079
-125163
1040886
-126760
1040690
-128357
1040492
-129953
1040292
-131549
1040088
-133145
1039883
-134740
1039675
-136335
1039465
-137930
1039252
-139524
1039037
-141118
1038819
-142712
1038599
-144305
1038376
-145898
1038151
-147491
1037924
-149083
1037694
-150675
1037462
-152267
1037227
-153858
1036990
-155449
1036750
-157039
1036508
-158630
1036263
-160219
1036016
-161809
1035767
-163398
1035515
-164986
1035260
-166575
1035004
-168163
1034745
-169750
1034483
-171337
1034219
-172924
1033952
-174510
1033684
-176096
1033412
-177682
1033138
-179266
1032862
-180851
1032584
-182435
1032302
-184019
1032019
-185602
1031733
-187185
1031445
-188768
1031154
-190350
1030861
-191931
1030565
-193512
1030267
-195093
1029967
-196673
1029664
-198253
1029358
-199832
1029051
-201411
1028740
-202989
1028428
-204567
1028113
-206144
1027795
-207721
1027476
-209298
1027153
-210873
1026829
-212449
1026502
-214024
1026172
-215598
1025840
-217172
1025506
-218745
1025169
-220318
1024830
-221890
1024488
-223462
1024144
-225034
1023798
-226604
1023449
-228174
1023098
-229744
1022744
-231313
1022388
-232882
1022030
-234450
1021669
-236018
1021306
-237584
1020940
-239151
1020572
-240717
1020201
-242282
1019829
-243847
1019453
-245411
1019076
-246974
1018696
-248537
1018313
-250100
1017928
-251661
1017541
-253222
1017151
-254783
1016759
-256343
1016365
-257902
1015968
-259461
1015569
-261020
1015167
-262577
1014763
-264134
1014357
-265690
1013948
-267246
1013537
-268801
1013124
-270356
1012708
-271909
1012289
-273462
1011869
-275015
1011446
-276567
1011020
-278118
1010592
-279668
1010162
-281218
1009730
-282768
1009295
-284316
1008857
-285864
1008418
-287411
1007976
-288958
1007531
-290504
1007084
-292049
1006635
-293594
1006184
-295137
1005730
-296680
1005273
-298223
1004815
-299765
1004354
-301306
1003890
-302846
1003425
-304386
1002956
-305924
1002486
-307462
1002013
-309000
1001538
-310537
1001060
-312073
1000581
-313608
1000098
-315142
999614
-316676
999127
-318209
998638
-319741
998146
-321273
997652
-322804
997156
-324334
996657
-325863
996156
-327391
995652
-328919
995147
-330446
994639
-331972
994128
-333498
993616
-335022
993100
-336546
992583
-338069
992063
-339591
991541
-341112
991017
-342633
990490
-344153
989961
-345672
989429
-347190
988896
-348707
988360
-350224
987821
-351740
987280
-353254
986737
-354769
986192
-356282
985644
-357794
985094
-359306
984542
-360816
983987
-362326
983430
-363835
982871
-365343
982310
-366851
981746
-368357
981180
-369863
980611
-371367
980040
-372871
979467
-374374
978892
-375876
978314
-377377
977734
-378878
977151
-380377
976567
-381875
975980
-383373
975391
-384870
974799
-386365
974205
-387860
973609
-389354
973011
-390847
972410
-392339
971807
-393831
971202
-395321
970594
-396810
969984
-398299
969372
-399786
968758
-401273
968141
-402758
967522
-404243
966901
-405726
966278
-407209
965652
-408691
965024
-410172
964393
-411652
963761
-413130
963126
-414608
962489
-416085
961849
-417561
961208
-419036
960564
-420510
959918
-421983
959269
-423455
958618
-424926
957965
-426396
957310
-427865
956653
-429333
955993
-430800
955331
-432266
954667
-433731
954000
-435195
953332
-436658
952661
-438120
951988
-439581
951312
-441040
950634
-442499
949954
-443957
949272
-445414
948588
-446869
947901
-448324
947213
-449778
946522
-451230
945828
-452681
945133
-454132
944435
-455581
943735
-457029
943033
-458476
942328
-459922
941622
-461367
940913
-462811
940202
-464254
939489
-465696
938773
-467136
938056
-468576
937336
-470014
936614
-471452
935889
-472888
935163
-474323
934434
-475757
933703
-477190
932970
-478621
932235
-480052
931497
-481482
930758
-482910
930016
-484337
929272
-485763
928525
-487188
927777
-488612
927026
-490034
926274
-491456
925518
-492876
924761
-494295
924002
-495713
923241
-497130
922477
-498546
921711
-499960
920943
-501374
920173
-502786
919400
-504196
918626
-505606
917849
-507015
917070
-508422
916290
-509828
915506
-511233
914721
-512637
913934
-514040
913144
-515441
912352
-516841
911558
-518240
910762
-519638
909964
-521034
909164
-522430
908361
-523824
907557
-525216
906750
-526608
905941
-527998
905130
-529387
904317
-530775
903502
-532162
902684
-533547
901865
-534931
901043
-536314
900220
-537696
899394
-539076
898566
-540455
897736
-541832
896903
-543209
896069
-544584
895232
-545958
894394
-547331
893553
-548702
892710
-550072
891866
-551441
891019
-552808
890170
-554174
889319
-555539
888465
-556903
887610
-558265
886753
-559626
885893
-560986
885032
-562344
884168
-563701
883302
-565056
882434
-566411
881564
-567764
880692
-569115
879818
-570466
878942
-571815
878064
-573162
877184
-574508
876302
-575853
875417
-577197
874531
-578539
873642
-579880
872752
-581220
871859
-582558
870964
-583894
870068
-585230
869169
-586564
868268
-587896
867365
-589227
866460
-590557
865554
-591886
864644
-593213
863734
-594538
862820
-595863
861905
-597186
860988
-598507
860069
-599827
859148
-601146
858225
-602463
857300
-603779
856372
-605093
855443
-606406
854512
-607717
853579
-609028
852644
-610336
851706
-611643
850767
-612949
849826
-614254
848883
-615556
847937
-616858
846990
-618158
846041
-619456
845090
-620754
844136
-622049
843181
-623343
842224
-624636
841265
-625927
840304
-627217
839341
-628505
838376
-629792
837408
-631077
836439
-632361
835468
-633643
834495
-634924
833520
-636204
832544
-637482
831565
-638758
830584
-640033
829601
-641306
828616
-642578
827630
-643848
826641
-645117
825650
-646384
824658
-647650
823664
-648914
822667
-650177
821669
-651438
820669
-652698
819666
-653956
818662
-655213
817656
-656468
816648
-657721
815638
-658973
814626
-660224
813613
-661472
812597
-662720
811580
-663965
810560
-665210
809539
-666452
808516
-667693
807490
-668933
806463
-670170
805434
-671407
804403
-672642
803371
-673875
802336
-675106
801299
-676336
800261
-677565
799221
-678791
798178
-680017
797134
-681240
796088
-682462
795041
-683682
793991
-684901
792939
-686118
791886
-687334
790831
-688548
789774
-689760
788714
-690971
787654
-692180
786591
-693387
785526
-694593
784460
-695797
783392
-697000
782322
-698201
781250
-699400
780176
-700598
779100
-701794
778023
-702988
776944
-704180
775862
-705372
774780
-706561
773695
-707748
772608
-708934
771520
-710119
770430
-711302
769338
-712482
768244
-713662
767148
-714840
766050
-716015
764951
-717190
763850
-718362
762747
-719533
761643
-720702
760536
-721870
759428
-723036
758318
-724200
757206
-725362
756093
-726523
754977
-727682
753860
-728839
752741
-729995
751620
-731148
750498
-732300
749374
-733451
748248
-734600
747120
-735746
745991
-736892
744859
-738035
743726
-739177
742592
-740317
741455
-741455
740317
-742592
739177
-743726
738035
-744859
736892
-745991
735746
-747120
734600
-748248
733451
-749374
732300
-750498
731148
-751620
729995
-752741
728839
-753860
727682
-754977
726523
-756093
725362
-757206
724200
-758318
723036
-759428
721870
-760536
720702
-761643
719533
-762747
718362
-763850
717190
-764951
716015
-766050
714840
-767148
713662
-768244
712482
-769338
711302
-770430
710119
-771520
708934
-772608
707748
-773695
706561
-774780
705372
-775862
704180
-776944
702988
-778023
701794
-779100
700598
-780176
699400
-781250
698201
-782322
697000
-783392
695797
-784460
694593
-785526
693387
-786591
692180
-787654
690971
-788714
689760
-789774
688548
-790831
687334
-791886
686118
-792939
684901
-793991
683682
-795041
682462
-796088
681240
-797134
680017
-798178
678791
-799221
677565
-800261
676336
-801299
675106
-802336
673875
-803371
672642
-804403
671407
-805434
670170
-806463
668933
-807490
667693
-808516
666452
-809539
665210
-810560
663965
-811580
662720
-812597
661472
-813613
660224
-814626
658973
-815638
657721
-816648
656468
-817656
655213
-818662
653956
-819666
652698
-820669
651438
-821669
650177
-822667
648914
-823664
647650
-824658
646384
-825650
645117
-826641
643848
-827630
642578
-828616
641306
-829601
640033
-830584
638758
-831565
637482
-832544
636204
-833520
634924
-834495
633643
-835468
632361
-836439
631077
-837408
629792
-838376
628505
-839341
627217
-840304
625927
-841265
624636
-842224
623343
-843181
622049
-844136
620754
-845090
619456
-846041
618158
-846990
616858
-847937
615556
-848883
614254
-849826
612949
-850767
611643
-851706
610336
-852644
609028
-853579
607717
-854512
606406
-855443
605093
-856372
603779
-857300
602463
-858225
601146
-859148
599827
-860069
598507
-860988
597186
-861905
595863
-862820
594538
-863734
593213
-864644
591886
-865554
590557
-866460
589227
-867365
587896
-868268
586564
-869169
585230
-870068
583894
-870964
582558
-871859
581220
-872752
579880
-873642
578539
-874531
577197
-875417
575853
-876302
574508
-877184
573162
-878064
571815
-878942
570466
-879818
569115
-880692
567764
-881564
566411
-882434
565056
-883302
563701
-884168
562344
-885032
560986
-885893
559626
-886753
558265
-887610
556903
-888465
555539
-889319
554174
-890170
552808
-891019
551441
-891866
550072
-892710
548702
-893553
547331
-894394
545958
-895232
544584
-896069
543209
-896903
541832
-897736
540455
-898566
539076
-899394
537696
-900220
536314
-901043
534931
-901865
533547
-902684
532162
-903502
530775
-904317
529387
-905130
527998
-905941
526608
-906750
525216
-907557
523824
-908361
522430
-909164
521034
-909964
519638
-910762
518240
-911558
516841
-912352
515441
-913144
514040
-913934
512637
-914721
511233
-915506
509828
-916290
508422
-917070
507015
-917849
505606
-918626
504196
-919400
502786
-920173
501374
-920943
499960
-921711
498546
-922477
497130
-923241
495713
-924002
494295
-924761
492876
-925518
491456
-926274
490034
-927026
488612
-927777
487188
-928525
485763
-929272
484337
-930016
482910
-930758
481482
-931497
480052
-932235
478621
-932970
477190
-933703
475757
-934434
474323
-935163
472888
-935889
471452
-936614
470014
-937336
468576
-938056
467136
-938773
465696
-939489
464254
-940202
462811
-940913
461367
-941622
459922
-942328
458476
-943033
457029
-943735
455581
-944435
454132
-945133
452681
-945828
451230
-946522
449778
-947213
448324
-947901
446869
-948588
445414
-949272
443957
-949954
442499
-950634
441040
-951312
439581
-951988
438120
-952661
436658
-953332
435195
-954000
433731
-954667
432266
-955331
430800
-955993
429333
-956653
427865
-957310
426396
-957965
424926
-958618
423455
-959269
421983
-959918
420510
-960564
419036
-961208
417561
-961849
416085
-962489
414608
-963126
413130
-963761
411652
-964393
410172
-965024
408691
-965652
407209
-966278
405726
-966901
404243
-967522
402758
-968141
401273
-968758
399786
-969372
398299
-969984
396810
-970594
395321
-971202
393831
-971807
392339
-972410
390847
-973011
389354
-973609
387860
-974205
386365
-974799
384870
-975391
383373
-975980
381875
-976567
380377
-977151
378878
-977734
377377
-978314
375876
-978892
374374
-979467
372871
-980040
371367
-980611
369863
-981180
368357
-981746
366851
-982310
365343
-982871
363835
-983430
362326
-983987
360816
-984542
359306
-985094
357794
-985644
356282
-986192
354769
-986737
353254
-987280
351740
-987821
350224
-988360
348707
-988896
347190
-989429
345672
-989961
344153
-990490
342633
-991017
341112
-991541
339591
-992063
338069
-992583
336546
-993100
335022
-993616
333498
-994128
331972
-994639
330446
-995147
328919
-995652
327391
-996156
325863
-996657
324334
-997156
322804
-997652
321273
-998146
319741
-998638
318209
-999127
316676
-999614
315142
-1000098
313608
-1000581
312073
-1001060
310537
-1001538
309000
-1002013
307462
-1002486
305924
-1002956
304386
-1003425
302846
-1003890
301306
-1004354
299765
-1004815
298223
-1005273
296680
-1005730
295137
-1006184
293594
-1006635
292049
-1007084
290504
-1007531
288958
-1007976
287411
-1008418
285864
-1008857
284316
-1009295
282768
-1009730
281218
-1010162
279668
-1010592
278118
-1011020
276567
-1011446
275015
-1011869
273462
-1012289
271909
-1012708
270356
-1013124
268801
-1013537
267246
-1013948
265690
-1014357
264134
-1014763
262577
-1015167
261020
-1015569
259461
-1015968
257902
-1016365
256343
-1016759
254783
-1017151
253222
-1017541
251661
-1017928
250100
-1018313
248537
-1018696
246974
-1019076
245411
-1019453
243847
-1019829
242282
-1020201
240717
-1020572
239151
-1020940
237584
-1021306
236018
-1021669
234450
-1022030
232882
-1022388
231313
-1022744
229744
-1023098
228174
-1023449
226604
-1023798
225034
-1024144
223462
-1024488
221890
-1024830
220318
-1025169
218745
-1025506
217172
-1025840
215598
-1026172
214024
-1026502
212449
-1026829
210873
-1027153
209298
-1027476
207721
-1027795
206144
-1028113
204567
-1028428
202989
-1028740
201411
-1029051
199832
-1029358
198253
-1029664
196673
-1029967
195093
-1030267
193512
-1030565
191931
-1030861
190350
-1031154
188768
-1031445
187185
-1031733
185602
-1032019
184019
-1032302
182435
-1032584
180851
-1032862
179266
-1033138
177682
-1033412
176096
-1033684
174510
-1033952
172924
-1034219
171337
-1034483
169750
-1034745
168163
-1035004
166575
-1035260
164986
-1035515
163398
-1035767
161809
-1036016
160219
-1036263
158630
-1036508
157039
-1036750
155449
-1036990
153858
-1037227
152267
-1037462
150675
-1037694
149083
-1037924
147491
-1038151
145898
-1038376
144305
-1038599
142712
-1038819
141118
-1039037
139524
-1039252
137930
-1039465
136335
-1039675
134740
-1039883
133145
-1040088
131549
-1040292
129953
-1040492
128357
-1040690
126760
-1040886
125163
-1041079
123566
-1041270
121969
-1041458
120371
-1041644
118773
-1041828
117175
-1042008
115576
-1042187
113978
-1042363
112378
-1042537
110779
-1042708
109179
-1042876
107580
-1043043
105979
-1043206
104379
-1043368
102778
-1043527
101178
-1043683
99576
-1043837
97975
-1043989
96374
-1044138
94772
-1044284
93170
-1044428
91567
-1044570
89965
-1044709
88362
-1044846
86759
-1044980
85156
-1045112
83553
-1045242
81950
-1045369
80346
-1045493
78742
-1045615
77138
-1045735
75534
-1045852
73929
-1045966
72325
-1046079
70720
-1046188
69115
-1046296
67510
-1046400
65905
-1046503
64299
-1046603
62694
-1046700
61088
-1046795
59482
-1046888
57876
-1046978
56270
-1047065
54664
-1047150
53058
-1047233
51451
-1047313
49844
-1047391
48238
-1047466
46631
-1047539
45024
-1047609
43417
-1047677
41810
-1047742
40202
-1047805
38595
-1047865
36988
-1047923
35380
-1047979
33772
-1048032
32165
-1048082
30557
-1048131
28949
-1048176
27341
-1048219
25733
-1048260
24125
-1048298
22517
-1048334
20909
-1048368
19301
-1048398
17692
-1048427
16084
-1048453
14476
-1048476
12868
-1048497
11259
-1048516
9651
-1048532
8042
-1048545
6434
-1048556
4825
-1048565
3217
-1048571
1608
-1048575
0
-1048576
-1608
-1048575
-3217
-1048571
-4825
-1048565
-6434
-1048556
-8042
-1048545
-9651
-1048532
-11259
-1048516
-12868
-1048497
-14476
-1048476
-16084
-1048453
-17692
-1048427
-19301
-1048398
-20909
-1048368
-22517
-1048334
-24125
-1048298
-25733
-1048260
-27341
-1048219
-28949
-1048176
-30557
-1048131
-32165
-1048082
-33772
-1048032
-35380
-1047979
-36988
-1047923
-38595
-1047865
-40202
-1047805
-41810
-1047742
-43417
-1047677
-45024
-1047609
-46631
-1047539
-48238
-1047466
-49844
-1047391
-51451
-1047313
-53058
-1047233
-54664
-1047150
-56270
-1047065
-57876
-1046978
-59482
-1046888
-61088
-1046795
-62694
-1046700
-64299
-1046603
-65905
-1046503
-67510
-1046400
-69115
-1046296
-70720
-1046188
-72325
-1046079
-73929
-1045966
-75534
-1045852
-77138
-1045735
-78742
-1045615
-80346
-1045493
-81950
-1045369
-83553
-1045242
-85156
-1045112
-86759
-1044980
-88362
-1044846
-89965
-1044709
-91567
-1044570
-93170
-1044428
-94772
-1044284
-96374
-1044138
-97975
-1043989
-99576
-1043837
-101178
-1043683
-102778
-1043527
-104379
-1043368
-105979
-1043206
-107580
-1043043
-109179
-1042876
-110779
-1042708
-112378
-1042537
-113978
-1042363
-115576
-1042187
-117175
-1042008
-118773
-1041828
-120371
-1041644
-121969
-1041458
-123566
-1041270
-125163
-1041079
-126760
-1040886
-128357
-1040690
-129953
-1040492
-131549
-1040292
-133145
-1040088
-134740
-1039883
-136335
-1039675
-137930
-1039465
-139524
-1039252
-141118
-1039037
-142712
-1038819
-144305
-1038599
-145898
-1038376
-147491
-1038151
-149083
-1037924
-150675
-1037694
-152267
-1037462
-153858
-1037227
-155449
-1036990
-157039
-1036750
-158630
-1036508
-160219
-1036263
-161809
-1036016
-163398
-1035767
-164986
-1035515
-166575
-1035260
-168163
-1035004
-169750
-1034745
-171337
-1034483
-172924
-1034219
-174510
-1033952
-176096
-1033684
-177682
-1033412
-179266
-1033138
-180851
-1032862
-182435
-1032584
-184019
-1032302
-185602
-1032019
-187185
-1031733
-188768
-1031445
-190350
-1031154
-191931
-1030861
-193512
-1030565
-195093
-1030267
-196673
-1029967
-198253
-1029664
-199832
-1029358
-201411
-1029051
-202989
-1028740
-204567
-1028428
-206144
-1028113
-207721
-1027795
-209298
-1027476
-210873
-1027153
-212449
-1026829
-214024
-1026502
-215598
-1026172
-217172
-1025840
-218745
-1025506
-220318
-1025169
-221890
-1024830
-223462
-1024488
-225034
-1024144
-226604
-1023798
-228174
-1023449
-229744
-1023098
-231313
-1022744
-232882
-1022388
-234450
-1022030
-236018
-1021669
-237584
-1021306
-239151
-1020940
-240717
-1020572
-242282
-1020201
-243847
-1019829
-245411
-1019453
-246974
-1019076
-248537
-1018696
-250100
-1018313
-251661
-1017928
-253222
-1017541
-254783
-1017151
-256343
-1016759
-257902
-1016365
-259461
-1015968
-261020
-1015569
-262577
-1015167
-264134
-1014763
-265690
-1014357
-267246
-1013948
-268801
-1013537
-270356
-1013124
-271909
-1012708
-273462
-1012289
-275015
-1011869
-276567
-1011446
-278118
-1011020
-279668
-1010592
-281218
-1010162
-282768
-1009730
-284316
-1009295
-285864
-1008857
-287411
-1008418
-288958
-1007976
-290504
-1007531
-292049
-1007084
-293594
-1006635
-295137
-1006184
-296680
-1005730
-298223
-1005273
-299765
-1004815
-301306
-1004354
-302846
-1003890
-304386
-1003425
-305924
-1002956
-307462
-1002486
-309000
-1002013
-310537
-1001538
-312073
-1001060
-313608
-1000581
-315142
-1000098
-316676
-999614
-318209
-999127
-319741
-998638
-321273
-998146
-322804
-997652
-324334
-997156
-325863
-996657
-327391
-996156
-328919
-995652
-330446
-995147
-331972
-994639
-333498
-994128
-335022
-993616
-336546
-993100
-338069
-992583
-339591
-992063
-341112
-991541
-342633
-991017
-344153
-990490
-345672
-989961
-347190
-989429
-348707
-988896
-350224
-988360
-351740
-987821
-353254
-987280
-354769
-986737
-356282
-986192
-357794
-985644
-359306
-985094
-360816
-984542
-362326
-983987
-363835
-983430
-365343
-982871
-366851
-982310
-368357
-981746
-369863
-981180
-371367
-980611
-372871
-980040
-374374
-979467
-375876
-978892
-377377
-978314
-378878
-977734
-380377
-977151
-381875
-976567
-383373
-975980
-384870
-975391
-386365
-974799
-387860
-974205
-389354
-973609
-390847
-973011
-392339
-972410
-393831
-971807
-395321
-971202
-396810
-970594
-398299
-969984
-399786
-969372
-401273
-968758
-402758
-968141
-404243
-967522
-405726
-966901
-407209
-966278
-408691
-965652
-410172
-965024
-411652
-964393
-413130
-963761
-414608
-963126
-416085
-962489
-417561
-961849
-419036
-961208
-420510
-960564
-421983
-959918
-423455
-959269
-424926
-958618
-426396
-957965
-427865
-957310
-429333
-956653
-430800
-955993
-432266
-955331
-433731
-954667
-435195
-954000
-436658
-953332
-438120
-952661
-439581
-951988
-441040
-951312
-442499
-950634
-443957
-949954
-445414
-949272
-446869
-948588
-448324
-947901
-449778
-947213
-451230
-946522
-452681
-945828
-454132
-945133
-455581
-944435
-457029
-943735
-458476
-943033
-459922
-942328
-461367
-941622
-462811
-940913
-464254
-940202
-465696
-939489
-467136
-938773
-468576
-938056
-470014
-937336
-471452
-936614
-472888
-935889
-474323
-935163
-475757
-934434
-477190
-933703
-478621
-932970
-480052
-932235
-481482
-931497
-482910
-930758
-484337
-930016
-485763
-929272
-487188
-928525
-488612
-927777
-490034
-927026
-491456
-926274
-492876
-925518
-494295
-924761
-495713
-924002
-497130
-923241
-498546
-922477
-499960
-921711
-501374
-920943
-502786
-920173
-504196
-919400
-505606
-918626
-507015
-917849
-508422
-917070
-509828
-916290
-511233
-915506
-512637
-914721
-514040
-913934
-515441
-913144
-516841
-912352
-518240
-911558
-519638
-910762
-521034
-909964
-522430
-909164
-523824
-908361
-525216
-907557
-526608
-906750
-527998
-905941
-529387
-905130
-530775
-904317
-532162
-903502
-533547
-902684
-534931
-901865
-536314
-901043
-537696
-900220
-539076
-899394
-540455
-898566
-541832
-897736
-543209
-896903
-544584
-896069
-545958
-895232
-547331
-894394
-548702
-893553
-550072
-892710
-551441
-891866
-552808
-891019
-554174
-890170
-555539
-889319
-556903
-888465
-558265
-887610
-559626
-886753
-560986
-885893
-562344
-885032
-563701
-884168
-565056
-883302
-566411
-882434
-567764
-881564
-569115
-880692
-570466
-879818
-571815
-878942
-573162
-878064
-574508
-877184
-575853
-876302
-577197
-875417
-578539
-874531
-579880
-873642
-581220
-872752
-582558
-871859
-583894
-870964
-585230
-870068
-586564
-869169
-587896
-868268
-589227
-867365
-590557
-866460
-591886
-865554
-593213
-864644
-594538
-863734
-595863
-862820
-597186
-861905
-598507
-860988
-599827
-860069
-601146
-859148
-602463
-858225
-603779
-857300
-605093
-856372
-606406
-855443
-607717
-854512
-609028
-853579
-610336
-852644
-611643
-851706
-612949
-850767
-614254
-849826
-615556
-848883
-616858
-847937
-618158
-846990
-619456
-846041
-620754
-845090
-622049
-844136
-623343
-843181
-624636
-842224
-625927
-841265
-627217
-840304
-628505
-839341
-629792
-838376
-631077
-837408
-632361
-836439
-633643
-835468
-634924
-834495
-636204
-833520
-637482
-832544
-638758
-831565
-640033
-830584
-641306
-829601
-642578
-828616
-643848
-827630
-645117
-826641
-646384
-825650
-647650
-824658
-648914
-823664
-650177
-822667
-651438
-821669
-652698
-820669
-653956
-819666
-655213
-818662
-656468
-817656
-657721
-816648
-658973
-815638
-660224
-814626
-661472
-813613
-662720
-812597
-663965
-811580
-665210
-810560
-666452
-809539
-667693
-808516
-668933
-807490
-670170
-806463
-671407
-805434
-672642
-804403
-673875
-803371
-675106
-802336
-676336
-801299
-677565
-800261
-678791
-799221
-680017
-798178
-681240
-797134
-682462
-796088
-683682
-795041
-684901
-793991
-686118
-792939
-687334
-791886
-688548
-790831
-689760
-789774
-690971
-788714
-692180
-787654
-693387
-786591
-694593
-785526
-695797
-784460
-697000
-783392
-698201
-782322
-699400
-781250
-700598
-780176
-701794
-779100
-702988
-778023
-704180
-776944
-705372
-775862
-706561
-774780
-707748
-773695
-708934
-772608
-710119
-771520
-711302
-770430
-712482
-769338
-713662
-768244
-714840
-767148
-716015
-766050
-717190
-764951
-718362
-763850
-719533
-762747
-720702
-761643
-721870
-760536
-723036
-759428
-724200
-758318
-725362
-757206
-726523
-756093
-727682
-754977
-728839
-753860
-729995
-752741
-731148
-751620
-732300
-750498
-733451
-749374
-734600
-748248
-735746
-747120
-736892
-745991
-738035
-744859
-739177
-743726
-740317
-742592
-741455
-741455
-742592
-740317
-743726
-739177
-744859
-738035
-745991
-736892
-747120
-735746
-748248
-734600
-749374
-733451
-750498
-732300
-751620
-731148
-752741
-729995
-753860
-728839
-754977
-727682
-756093
-726523
-757206
-725362
-758318
-724200
-759428
-723036
-760536
-721870
-761643
-720702
-762747
-719533
-763850
-718362
-764951
-717190
-766050
-716015
-767148
-714840
-768244
-713662
-769338
-712482
-770430
-711302
-771520
-710119
-772608
-708934
-773695
-707748
-774780
-706561
-775862
-705372
-776944
-704180
-778023
-702988
-779100
-701794
-780176
-700598
-781250
-699400
-782322
-698201
-783392
-697000
-784460
-695797
-785526
-694593
-786591
-693387
-787654
-692180
-788714
-690971
-789774
-689760
-790831
-688548
-791886
-687334
-792939
-686118
-793991
-684901
-795041
-683682
-796088
-682462
-797134
-681240
-798178
-680017
-799221
-678791
-800261
-677565
-801299
-676336
-802336
-675106
-803371
-673875
-804403
-672642
-805434
-671407
-806463
-670170
-807490
-668933
-808516
-667693
-809539
-666452
-810560
-665210
-811580
-663965
-812597
-662720
-813613
-661472
-814626
-660224
-815638
-658973
-816648
-657721
-817656
-656468
-818662
-655213
-819666
-653956
-820669
-652698
-821669
-651438
-822667
-650177
-823664
-648914
-824658
-647650
-825650
-646384
-826641
-645117
-827630
-643848
-828616
-642578
-829601
-641306
-830584
-640033
-831565
-638758
-832544
-637482
-833520
-636204
-834495
-634924
-835468
-633643
-836439
-632361
-837408
-631077
-838376
-629792
-839341
-628505
-840304
-627217
-841265
-625927
-842224
-624636
-843181
-623343
-844136
-622049
-845090
-620754
-846041
-619456
-846990
-618158
-847937
-616858
-848883
-615556
-849826
-614254
-850767
-612949
-851706
-611643
-852644
-610336
-853579
-609028
-854512
-607717
-855443
-606406
-856372
-605093
-857300
-603779
-858225
-602463
-859148
-601146
-860069
-599827
-860988
-598507
-861905
-597186
-862820
-595863
-863734
-594538
-864644
-593213
-865554
-591886
-866460
-590557
-867365
-589227
-868268
-587896
-869169
-586564
-870068
-585230
-870964
-583894
-871859
-582558
-872752
-581220
-873642
-579880
-874531
-578539
-875417
-577197
-876302
-575853
-877184
-574508
-878064
-573162
-878942
-571815
-879818
-570466
-880692
-569115
-881564
-567764
-882434
-566411
-883302
-565056
-884168
-563701
-885032
-562344
-885893
-560986
-886753
-559626
-887610
-558265
-888465
-556903
-889319
-555539
-890170
-554174
-891019
-552808
-891866
-551441
-892710
-550072
-893553
-548702
-894394
-547331
-895232
-545958
-896069
-544584
-896903
-543209
-897736
-541832
-898566
-540455
-899394
-539076
-900220
-537696
-901043
-536314
-901865
-534931
-902684
-533547
-903502
-532162
-904317
-530775
-905130
-529387
-905941
-527998
-906750
-526608
-907557
-525216
-908361
-523824
-909164
-522430
-909964
-521034
-910762
-519638
-911558
-518240
-912352
-516841
-913144
-515441
-913934
-514040
-914721
-512637
-915506
-511233
-916290
-509828
-917070
-508422
-917849
-507015
-918626
-505606
-919400
-504196
-920173
-502786
-920943
-501374
-921711
-499960
-922477
-498546
-923241
-497130
-924002
-495713
-924761
-494295
-925518
-492876
-926274
-491456
-927026
-490034
-927777
-488612
-928525
-487188
-929272
-485763
-930016
-484337
-930758
-482910
-931497
-481482
-932235
-480052
-932970
-478621
-933703
-477190
-934434
-475757
-935163
-474323
-935889
-472888
-936614
-471452
-937336
-470014
-938056
-468576
-938773
-467136
-939489
-465696
-940202
-464254
-940913
-462811
-941622
-461367
-942328
-459922
-943033
-458476
-943735
-457029
-944435
-455581
-945133
-454132
-945828
-452681
-946522
-451230
-947213
-449778
-947901
-448324
-948588
-446869
-949272
-445414
-949954
-443957
-950634
-442499
-951312
-441040
-951988
-439581
-952661
-438120
-953332
-436658
-954000
-435195
-954667
-433731
-955331
-432266
-955993
-430800
-956653
-429333
-957310
-427865
-957965
-426396
-958618
-424926
-959269
-423455
-959918
-421983
-960564
-420510
-961208
-419036
-961849
-417561
-962489
-416085
-963126
-414608
-963761
-413130
-964393
-411652
-965024
-410172
-965652
-408691
-966278
-407209
-966901
-405726
-967522
-404243
-968141
-402758
-968758
-401273
-969372
-399786
-969984
-398299
-970594
-396810
-971202
-395321
-971807
-393831
-972410
-392339
-973011
-390847
-973609
-389354
-974205
-387860
-974799
-386365
-975391
-384870
-975980
-383373
-976567
-381875
-977151
-380377
-977734
-378878
-978314
-377377
-978892
-375876
-979467
-374374
-980040
-372871
-980611
-371367
-981180
-369863
-981746
-368357
-982310
-366851
-982871
-365343
-983430
-363835
-983987
-362326
-984542
-360816
-985094
-359306
-985644
-357794
-986192
-356282
-986737
-354769
-987280
-353254
-987821
-351740
-988360
-350224
-988896
-348707
-989429
-347190
-989961
-345672
-990490
-344153
-991017
-342633
-991541
-341112
-992063
-339591
-992583
-338069
-993100
-336546
-993616
-335022
-994128
-333498
-994639
-331972
-995147
-330446
-995652
-328919
-996156
-327391
-996657
-325863
-997156
-324334
-997652
-322804
-998146
-321273
-998638
-319741
-999127
-318209
-999614
-316676
-1000098
-315142
-1000581
-313608
-1001060
-312073
-1001538
-310537
-1002013
-309000
-1002486
-307462
-1002956
-305924
-1003425
-304386
-1003890
-302846
-1004354
-301306
-1004815
-299765
-1005273
-298223
-1005730
-296680
-1006184
-295137
-1006635
-293594
-1007084
-292049
-1007531
-290504
-1007976
-288958
-1008418
-287411
-1008857
-285864
-1009295
-284316
-1009730
-282768
-1010162
-281218
-1010592
-279668
-1011020
-278118
-1011446
-276567
-1011869
-275015
-1012289
-273462
-1012708
-271909
-1013124
-270356
-1013537
-268801
-1013948
-267246
-1014357
-265690
-1014763
-264134
-1015167
-262577
-1015569
-261020
-1015968
-259461
-1016365
-257902
-1016759
-256343
-1017151
-254783
-1017541
-253222
-1017928
-251661
-1018313
-250100
-1018696
-248537
-1019076
-246974
-1019453
-245411
-1019829
-243847
-1020201
-242282
-1020572
-240717
-1020940
-239151
-1021306
-237584
-1021669
-236018
-1022030
-234450
-1022388
-232882
-1022744
-231313
-1023098
-229744
-1023449
-228174
-1023798
-226604
-1024144
-225034
-1024488
-223462
-1024830
-221890
-1025169
-220318
-1025506
-218745
-1025840
-217172
-1026172
-215598
-1026502
-214024
-1026829
-212449
-1027153
-210873
-1027476
-209298
-1027795
-207721
-1028113
-206144
-1028428
-204567
-1028740
-202989
-1029051
-201411
-1029358
-199832
-1029664
-198253
-1029967
-196673
-1030267
-195093
-1030565
-193512
-1030861
-191931
-1031154
-190350
-1031445
-188768
-1031733
-187185
-1032019
-185602
-1032302
-184019
-1032584
-182435
-1032862
-180851
-1033138
-179266
-1033412
-177682
-1033684
-176096
-1033952
-174510
-1034219
-172924
-1034483
-171337
-1034745
-169750
-1035004
-168163
-1035260
-166575
-1035515
-164986
-1035767
-163398
-1036016
-161809
-1036263
-160219
-1036508
-158630
-1036750
-157039
-1036990
-155449
-1037227
-153858
-1037462
-152267
-1037694
-150675
-1037924
-149083
-1038151
-147491
-1038376
-145898
-1038599
-144305
-1038819
-142712
-1039037
-141118
-1039252
-139524
-1039465
-137930
-1039675
-136335
-1039883
-134740
-1040088
-133145
-1040292
-131549
-1040492
-129953
-1040690
-128357
-1040886
-126760
-1041079
-125163
-1041270
-123566
-1041458
-121969
-1041644
-120371
-1041828
-118773
-1042008
-117175
-1042187
-115576
-1042363
-113978
-1042537
-112378
-1042708
-110779
-1042876
-109179
-1043043
-107580
-1043206
-105979
-1043368
-104379
-1043527
-102778
-1043683
-101178
-1043837
-99576
-1043989
-97975
-1044138
-96374
-1044284
-94772
-1044428
-93170
-1044570
-91567
-1044709
-89965
-1044846
-88362
-1044980
-86759
-1045112
-85156
-1045242
-83553
-1045369
-81950
-1045493
-80346
-1045615
-78742
-1045735
-77138
-1045852
-75534
-1045966
-73929
-1046079
-72325
-1046188
-70720
-1046296
-69115
-1046400
-67510
-1046503
-65905
-1046603
-64299
-1046700
-62694
-1046795
-61088
-1046888
-59482
-1046978
-57876
-1047065
-56270
-1047150
-54664
-1047233
-53058
-1047313
-51451
-1047391
-49844
-1047466
-48238
-1047539
-46631
-1047609
-45024
-1047677
-43417
-1047742
-41810
-1047805
-40202
-1047865
-38595
-1047923
-36988
-1047979
-35380
-1048032
-33772
-1048082
-32165
-1048131
-30557
-1048176
-28949
-1048219
-27341
-1048260
-25733
-1048298
-24125
-1048334
-22517
-1048368
-20909
-1048398
-19301
-1048427
-17692
-1048453
-16084
-1048476
-14476
-1048497
-12868
-1048516
-11259
-1048532
-9651
-1048545
-8042
-1048556
-6434
-1048565
-4825
-1048571
-3217
-1048575
-1608
