524287
0
524278
-3217
524248
-6434
524199
-9650
524130
-12867
524041
-16082
523933
-19298
523804
-22512
523656
-25726
523489
-28938
523301
-32150
523094
-35360
522867
-38569
522621
-41776
522355
-44982
522069
-48187
521763
-51389
521438
-54590
521093
-57788
520729
-60984
520345
-64178
519942
-67370
519518
-70559
519076
-73745
518613
-76929
518132
-80110
517630
-83287
517109
-86462
516569
-89633
516010
-92801
515430
-95966
514832
-99126
514214
-102284
513577
-105437
512920
-108586
512244
-111731
511549
-114872
510834
-118009
510101
-121141
509348
-124269
508576
-127392
507784
-130510
506974
-133623
506145
-136731
505296
-139834
504429
-142932
503542
-146024
502637
-149111
501712
-152193
500769
-155268
499807
-158338
498826
-161402
497826
-164460
496808
-167511
495770
-170556
494715
-173595
493640
-176627
492547
-179653
491436
-182672
490305
-185684
489157
-188689
487990
-191686
486804
-194677
485601
-197660
484379
-200636
483139
-203605
481880
-206565
480604
-209518
479309
-212463
477996
-215400
476666
-218329
475317
-221250
473951
-224162
472566
-227066
471164
-229961
469744
-232848
468307
-235726
466852
-238595
465379
-241455
463888
-244306
462381
-247148
460856
-249980
459313
-252803
457753
-255617
456176
-258420
454582
-261215
452970
-263999
451342
-266774
449697
-269538
448034
-272292
446355
-275036
444659
-277770
442946
-280493
441217
-283205
439471
-285907
437708
-288598
435930
-291279
434134
-293948
432322
-296606
430494
-299253
428650
-301889
426789
-304514
424913
-307127
423020
-309728
421112
-312318
419188
-314896
417248
-317462
415292
-320016
413320
-322558
411334
-325088
409331
-327606
407313
-330112
405280
-332605
403232
-335085
401168
-337553
399089
-340008
396996
-342451
394887
-344880
392763
-347297
390625
-349700
388472
-352090
386304
-354467
384122
-356831
381925
-359181
379714
-361518
377489
-363841
375249
-366150
372995
-368446
370728
-370728
368446
-372995
366150
-375249
363841
-377489
361518
-379714
359181
-381925
356831
-384122
354467
-386304
352090
-388472
349700
-390625
347297
-392763
344880
-394887
342451
-396996
340008
-399089
337553
-401168
335085
-403232
332605
-405280
330112
-407313
327606
-409331
325088
-411334
322558
-413320
320016
-415292
317462
-417248
314896
-419188
312318
-421112
309728
-423020
307127
-424913
304514
-426789
301889
-428650
299253
-430494
296606
-432322
293948
-434134
291279
-435930
288598
-437708
285907
-439471
283205
-441217
280493
-442946
277770
-444659
275036
-446355
272292
-448034
269538
-449697
266774
-451342
263999
-452970
261215
-454582
258420
-456176
255617
-457753
252803
-459313
249980
-460856
247148
-462381
244306
-463888
241455
-465379
238595
-466852
235726
-468307
232848
-469744
229961
-471164
227066
-472566
224162
-473951
221250
-475317
218329
-476666
215400
-477996
212463
-479309
209518
-480604
206565
-481880
203605
-483139
200636
-484379
197660
-485601
194677
-486804
191686
-487990
188689
-489157
185684
-490305
182672
-491436
179653
-492547
176627
-493640
173595
-494715
170556
-495770
167511
-496808
164460
-497826
161402
-498826
158338
-499807
155268
-500769
152193
-501712
149111
-502637
146024
-503542
142932
-504429
139834
-505296
136731
-506145
133623
-506974
130510
-507784
127392
-508576
124269
-509348
121141
-510101
118009
-510834
114872
-511549
111731
-512244
108586
-512920
105437
-513577
102284
-514214
99126
-514832
95966
-515430
92801
-516010
89633
-516569
86462
-517109
83287
-517630
80110
-518132
76929
-518613
73745
-519076
70559
-519518
67370
-519942
64178
-520345
60984
-520729
57788
-521093
54590
-521438
51389
-521763
48187
-522069
44982
-522355
41776
-522621
38569
-522867
35360
-523094
32150
-523301
28938
-523489
25726
-523656
22512
-523804
19298
-523933
16082
-524041
12867
-524130
9650
-524199
6434
-524248
3217
-524278
0
-524288
-3217
-524278
-6434
-524248
-9650
-524199
-12867
-524130
-16082
-524041
-19298
-523933
-22512
-523804
-25726
-523656
-28938
-523489
-32150
-523301
-35360
-523094
-38569
-522867
-41776
-522621
-44982
-522355
-48187
-522069
-51389
-521763
-54590
-521438
-57788
-521093
-60984
-520729
-64178
-520345
-67370
-519942
-70559
-519518
-73745
-519076
-76929
-518613
-80110
-518132
-83287
-517630
-86462
-517109
-89633
-516569
-92801
-516010
-95966
-515430
-99126
-514832
-102284
-514214
-105437
-513577
-108586
-512920
-111731
-512244
-114872
-511549
-118009
-510834
-121141
-510101
-124269
-509348
-127392
-508576
-130510
-507784
-133623
-506974
-136731
-506145
-139834
-505296
-142932
-504429
-146024
-503542
-149111
-502637
-152193
-501712
-155268
-500769
-158338
-499807
-161402
-498826
-164460
-497826
-167511
-496808
-170556
-495770
-173595
-494715
-176627
-493640
-179653
-492547
-182672
-491436
-185684
-490305
-188689
-489157
-191686
-487990
-194677
-486804
-197660
-485601
-200636
-484379
-203605
-483139
-206565
-481880
-209518
-480604
-212463
-479309
-215400
-477996
-218329
-476666
-221250
-475317
-224162
-473951
-227066
-472566
-229961
-471164
-232848
-469744
-235726
-468307
-238595
-466852
-241455
-465379
-244306
-463888
-247148
-462381
-249980
-460856
-252803
-459313
-255617
-457753
-258420
-456176
-261215
-454582
-263999
-452970
-266774
-451342
-269538
-449697
-272292
-448034
-275036
-446355
-277770
-444659
-280493
-442946
-283205
-441217
-285907
-439471
-288598
-437708
-291279
-435930
-293948
-434134
-296606
-432322
-299253
-430494
-301889
-428650
-304514
-426789
-307127
-424913
-309728
-423020
-312318
-421112
-314896
-419188
-317462
-417248
-320016
-415292
-322558
-413320
-325088
-411334
-327606
-409331
-330112
-407313
-332605
-405280
-335085
-403232
-337553
-401168
-340008
-399089
-342451
-396996
-344880
-394887
-347297
-392763
-349700
-390625
-352090
-388472
-354467
-386304
-356831
-384122
-359181
-381925
-361518
-379714
-363841
-377489
-366150
-375249
-368446
-372995
-370728
-370728
-372995
-368446
-375249
-366150
-377489
-363841
-379714
-361518
-381925
-359181
-384122
-356831
-386304
-354467
-388472
-352090
-390625
-349700
-392763
-347297
-394887
-344880
-396996
-342451
-399089
-340008
-401168
-337553
-403232
-335085
-405280
-332605
-407313
-330112
-409331
-327606
-411334
-325088
-413320
-322558
-415292
-320016
-417248
-317462
-419188
-314896
-421112
-312318
-423020
-309728
-424913
-307127
-426789
-304514
-428650
-301889
-430494
-299253
-432322
-296606
-434134
-293948
-435930
-291279
-437708
-288598
-439471
-285907
-441217
-283205
-442946
-280493
-444659
-277770
-446355
-275036
-448034
-272292
-449697
-269538
-451342
-266774
-452970
-263999
-454582
-261215
-456176
-258420
-457753
-255617
-459313
-252803
-460856
-249980
-462381
-247148
-463888
-244306
-465379
-241455
-466852
-238595
-468307
-235726
-469744
-232848
-471164
-229961
-472566
-227066
-473951
-224162
-475317
-221250
-476666
-218329
-477996
-215400
-479309
-212463
-480604
-209518
-481880
-206565
-483139
-203605
-484379
-200636
-485601
-197660
-486804
-194677
-487990
-191686
-489157
-188689
-490305
-185684
-491436
-182672
-492547
-179653
-493640
-176627
-494715
-173595
-495770
-170556
-496808
-167511
-497826
-164460
-498826
-161402
-499807
-158338
-500769
-155268
-501712
-152193
-502637
-149111
-503542
-146024
-504429
-142932
-505296
-139834
-506145
-136731
-506974
-133623
-507784
-130510
-508576
-127392
-509348
-124269
-510101
-121141
-510834
-118009
-511549
-114872
-512244
-111731
-512920
-108586
-513577
-105437
-514214
-102284
-514832
-99126
-515430
-95966
-516010
-92801
-516569
-89633
-517109
-86462
-517630
-83287
-518132
-80110
-518613
-76929
-519076
-73745
-519518
-70559
-519942
-67370
-520345
-64178
-520729
-60984
-521093
-57788
-521438
-54590
-521763
-51389
-522069
-48187
-522355
-44982
-522621
-41776
-522867
-38569
-523094
-35360
-523301
-32150
-523489
-28938
-523656
-25726
-523804
-22512
-523933
-19298
-524041
-16082
-524130
-12867
-524199
-9650
-524248
-6434
-524278
-3217
