1048575
0
1048260
-25733
1047313
-51451
1045735
-77138
1043527
-102778
1040690
-128357
1037227
-153858
1033138
-179266
1028428
-204567
1023098
-229744
1017151
-254783
1010592
-279668
1003425
-304386
995652
-328919
987280
-353254
978314
-377377
968758
-401273
958618
-424926
947901
-448324
936614
-471452
924761
-494295
912352
-516841
899394
-539076
885893
-560986
871859
-582558
857300
-603779
842224
-624636
826641
-645117
810560
-665210
793991
-684901
776944
-704180
759428
-723036
741455
-741455
723036
-759428
704180
-776944
684901
-793991
665210
-810560
645117
-826641
624636
-842224
603779
-857300
582558
-871859
560986
-885893
539076
-899394
516841
-912352
494295
-924761
471452
-936614
448324
-947901
424926
-958618
401273
-968758
377377
-978314
353254
-987280
328919
-995652
304386
-1003425
279668
-1010592
254783
-1017151
229744
-1023098
204567
-1028428
179266
-1033138
153858
-1037227
128357
-1040690
102778
-1043527
77138
-1045735
51451
-1047313
25733
-1048260
0
-1048576
-25733
-1048260
-51451
-1047313
-77138
-1045735
-102778
-1043527
-128357
-1040690
-153858
-1037227
-179266
-1033138
-204567
-1028428
-229744
-1023098
-254783
-1017151
-279668
-1010592
-304386
-1003425
-328919
-995652
-353254
-987280
-377377
-978314
-401273
-968758
-424926
-958618
-448324
-947901
-471452
-936614
-494295
-924761
-516841
-912352
-539076
-899394
-560986
-885893
-582558
-871859
-603779
-857300
-624636
-842224
-645117
-826641
-665210
-810560
-684901
-793991
-704180
-776944
-723036
-759428
-741455
-741455
-759428
-723036
-776944
-704180
-793991
-684901
-810560
-665210
-826641
-645117
-842224
-624636
-857300
-603779
-871859
-582558
-885893
-560986
-899394
-539076
-912352
-516841
-924761
-494295
-936614
-471452
-947901
-448324
-958618
-424926
-968758
-401273
-978314
-377377
-987280
-353254
-995652
-328919
-1003425
-304386
-1010592
-279668
-1017151
-254783
-1023098
-229744
-1028428
-204567
-1033138
-179266
-1037227
-153858
-1040690
-128357
-1043527
-102778
-1045735
-77138
-1047313
-51451
-1048260
-25733
