16383
0
16383
-12
16383
-25
16383
-38
16383
-50
16383
-63
16383
-75
16383
-88
16383
-100
16383
-113
16383
-126
16383
-138
16383
-151
16383
-163
16383
-176
16383
-188
16383
-201
16382
-214
16382
-226
16382
-239
16382
-251
16382
-264
16382
-276
16381
-289
16381
-302
16381
-314
16381
-327
16380
-339
16380
-352
16380
-364
16380
-377
16379
-390
16379
-402
16379
-415
16378
-427
16378
-440
16378
-452
16377
-465
16377
-477
16377
-490
16376
-502
16376
-515
16375
-528
16375
-540
16375
-553
16374
-565
16374
-578
16373
-590
16373
-603
16372
-616
16372
-628
16371
-641
16371
-653
16370
-666
16370
-678
16369
-691
16369
-704
16368
-716
16368
-728
16367
-741
16367
-754
16366
-766
16365
-779
16365
-791
16364
-804
16364
-816
16363
-829
16362
-842
16362
-854
16361
-867
16360
-879
16360
-892
16359
-904
16358
-917
16358
-929
16357
-942
16356
-954
16355
-967
16355
-980
16354
-992
16353
-1005
16352
-1017
16352
-1030
16351
-1042
16350
-1055
16349
-1067
16348
-1080
16348
-1092
16347
-1105
16346
-1118
16345
-1130
16344
-1142
16343
-1155
16342
-1168
16341
-1180
16340
-1193
16340
-1205
16339
-1218
16338
-1230
16337
-1243
16336
-1255
16335
-1268
16334
-1280
16333
-1293
16332
-1306
16331
-1318
16330
-1330
16329
-1343
16328
-1356
16327
-1368
16326
-1381
16325
-1393
16324
-1406
16322
-1418
16321
-1431
16320
-1443
16319
-1456
16318
-1468
16317
-1481
16316
-1493
16315
-1506
16313
-1518
16312
-1531
16311
-1543
16310
-1556
16309
-1568
16308
-1581
16306
-1593
16305
-1606
16304
-1618
16302
-1631
16301
-1643
16300
-1656
16299
-1668
16298
-1681
16296
-1693
16295
-1706
16294
-1718
16292
-1731
16291
-1743
16290
-1756
16288
-1768
16287
-1781
16286
-1793
16284
-1806
16283
-1818
16281
-1831
16280
-1843
16278
-1856
16277
-1868
16276
-1881
16274
-1893
16273
-1906
16271
-1918
16270
-1931
16268
-1943
16267
-1956
16265
-1968
16264
-1981
16262
-1993
16261
-2006
16259
-2018
16258
-2030
16256
-2043
16254
-2055
16253
-2068
16251
-2080
16250
-2093
16248
-2105
16246
-2118
16245
-2130
16243
-2143
16242
-2155
16240
-2168
16238
-2180
16237
-2192
16235
-2205
16233
-2217
16232
-2230
16230
-2242
16228
-2255
16226
-2267
16225
-2280
16223
-2292
16221
-2304
16219
-2317
16218
-2329
16216
-2342
16214
-2354
16212
-2367
16210
-2379
16208
-2392
16207
-2404
16205
-2416
16203
-2429
16201
-2441
16199
-2454
16197
-2466
16195
-2478
16194
-2491
16192
-2503
16190
-2516
16188
-2528
16186
-2541
16184
-2553
16182
-2566
16180
-2578
16178
-2590
16176
-2603
16174
-2615
16172
-2628
16170
-2640
16168
-2652
16166
-2665
16164
-2677
16162
-2690
16160
-2702
16158
-2714
16156
-2727
16153
-2739
16151
-2752
16149
-2764
16147
-2776
16145
-2789
16143
-2801
16141
-2813
16138
-2826
16136
-2838
16134
-2850
16132
-2863
16130
-2875
16128
-2888
16125
-2900
16123
-2912
16121
-2925
16118
-2937
16116
-2949
16114
-2962
16112
-2974
16109
-2986
16107
-2999
16105
-3011
16102
-3024
16100
-3036
16098
-3048
16096
-3061
16093
-3073
16091
-3085
16088
-3098
16086
-3110
16084
-3122
16081
-3135
16079
-3147
16076
-3159
16074
-3172
16072
-3184
16069
-3196
16067
-3209
16064
-3221
16062
-3233
16059
-3246
16057
-3258
16054
-3270
16052
-3282
16049
-3295
16047
-3307
16044
-3320
16042
-3332
16039
-3344
16036
-3356
16034
-3369
16031
-3381
16029
-3393
16026
-3406
16024
-3418
16021
-3430
16018
-3442
16016
-3455
16013
-3467
16010
-3479
16008
-3492
16005
-3504
16002
-3516
16000
-3528
15997
-3541
15994
-3553
15991
-3565
15989
-3577
15986
-3590
15983
-3602
15980
-3614
15978
-3626
15975
-3639
15972
-3651
15969
-3663
15966
-3676
15964
-3688
15961
-3700
15958
-3712
15955
-3724
15952
-3737
15949
-3749
15946
-3761
15944
-3773
15941
-3786
15938
-3798
15935
-3810
15932
-3822
15929
-3834
15926
-3847
15923
-3859
15920
-3871
15917
-3883
15914
-3896
15911
-3908
15908
-3920
15905
-3932
15902
-3944
15899
-3956
15896
-3969
15893
-3981
15890
-3993
15887
-4005
15884
-4018
15881
-4030
15878
-4042
15874
-4054
15871
-4066
15868
-4078
15865
-4090
15862
-4103
15859
-4115
15856
-4127
15852
-4139
15849
-4151
15846
-4164
15843
-4176
15840
-4188
15836
-4200
15833
-4212
15830
-4224
15827
-4236
15824
-4248
15820
-4261
15817
-4273
15814
-4285
15810
-4297
15807
-4309
15804
-4321
15800
-4333
15797
-4346
15794
-4358
15790
-4370
15787
-4382
15784
-4394
15780
-4406
15777
-4418
15774
-4430
15770
-4442
15767
-4454
15763
-4467
15760
-4479
15756
-4491
15753
-4503
15750
-4515
15746
-4527
15743
-4539
15739
-4551
15736
-4563
15732
-4575
15729
-4587
15725
-4599
15722
-4612
15718
-4624
15714
-4636
15711
-4648
15707
-4660
15704
-4672
15700
-4684
15697
-4696
15693
-4708
15689
-4720
15686
-4732
15682
-4744
15678
-4756
15675
-4768
15671
-4780
15668
-4792
15664
-4804
15660
-4816
15656
-4828
15653
-4840
15649
-4852
15645
-4864
15642
-4876
15638
-4888
15634
-4900
15630
-4912
15626
-4924
15623
-4936
15619
-4948
15615
-4960
15611
-4972
15608
-4984
15604
-4996
15600
-5008
15596
-5020
15592
-5032
15588
-5044
15584
-5056
15580
-5068
15577
-5080
15573
-5092
15569
-5104
15565
-5115
15561
-5127
15557
-5139
15553
-5151
15549
-5163
15545
-5175
15541
-5187
15537
-5199
15533
-5211
15529
-5223
15525
-5235
15521
-5247
15517
-5258
15513
-5270
15509
-5282
15505
-5294
15501
-5306
15497
-5318
15493
-5330
15489
-5342
15485
-5354
15480
-5366
15476
-5377
15472
-5389
15468
-5401
15464
-5413
15460
-5425
15456
-5437
15451
-5448
15447
-5460
15443
-5472
15439
-5484
15435
-5496
15430
-5508
15426
-5520
15422
-5531
15418
-5543
15414
-5555
15409
-5567
15405
-5579
15401
-5590
15396
-5602
15392
-5614
15388
-5626
15383
-5638
15379
-5650
15375
-5661
15370
-5673
15366
-5685
15362
-5697
15357
-5708
15353
-5720
15348
-5732
15344
-5744
15340
-5756
15335
-5767
15331
-5779
15326
-5791
15322
-5802
15318
-5814
15313
-5826
15309
-5838
15304
-5850
15300
-5861
15295
-5873
15291
-5885
15286
-5896
15282
-5908
15277
-5920
15272
-5932
15268
-5943
15263
-5955
15259
-5967
15254
-5978
15250
-5990
15245
-6002
15240
-6014
15236
-6025
15231
-6037
15226
-6049
15222
-6060
15217
-6072
15213
-6084
15208
-6095
15203
-6107
15198
-6119
15194
-6130
15189
-6142
15184
-6154
15180
-6165
15175
-6177
15170
-6188
15166
-6200
15161
-6212
15156
-6223
15151
-6235
15146
-6247
15142
-6258
15137
-6270
15132
-6281
15127
-6293
15122
-6305
15118
-6316
15113
-6328
15108
-6339
15103
-6351
15098
-6363
15093
-6374
15088
-6386
15083
-6397
15078
-6409
15074
-6420
15069
-6432
15064
-6444
15059
-6455
15054
-6467
15049
-6478
15044
-6490
15039
-6501
15034
-6513
15029
-6524
15024
-6536
15019
-6547
15014
-6559
15009
-6570
15004
-6582
14999
-6593
14994
-6605
14988
-6616
14984
-6628
14978
-6639
14973
-6651
14968
-6662
14963
-6674
14958
-6685
14953
-6697
14948
-6708
14942
-6720
14937
-6731
14932
-6743
14927
-6754
14922
-6766
14917
-6777
14911
-6788
14906
-6800
14901
-6811
14896
-6823
14890
-6834
14885
-6846
14880
-6857
14875
-6868
14870
-6880
14864
-6891
14859
-6903
14854
-6914
14848
-6925
14843
-6937
14838
-6948
14832
-6960
14827
-6971
14822
-6982
14816
-6994
14811
-7005
14806
-7016
14800
-7028
14795
-7039
14789
-7050
14784
-7062
14778
-7073
14773
-7084
14768
-7096
14762
-7107
14757
-7118
14751
-7130
14746
-7141
14740
-7152
14735
-7164
14729
-7175
14724
-7186
14718
-7198
14713
-7209
14707
-7220
14702
-7231
14696
-7243
14691
-7254
14685
-7265
14680
-7276
14674
-7288
14668
-7299
14663
-7310
14657
-7321
14651
-7333
14646
-7344
14640
-7355
14634
-7366
14629
-7378
14623
-7389
14618
-7400
14612
-7411
14606
-7422
14600
-7434
14595
-7445
14589
-7456
14583
-7467
14578
-7478
14572
-7490
14566
-7501
14560
-7512
14555
-7523
14549
-7534
14543
-7545
14537
-7556
14531
-7568
14526
-7579
14520
-7590
14514
-7601
14508
-7612
14502
-7623
14496
-7634
14491
-7646
14485
-7657
14479
-7668
14473
-7679
14467
-7690
14461
-7701
14455
-7712
14449
-7723
14443
-7734
14438
-7746
14432
-7756
14426
-7768
14420
-7779
14414
-7790
14408
-7801
14402
-7812
14396
-7823
14390
-7834
14384
-7845
14378
-7856
14372
-7867
14366
-7878
14360
-7889
14354
-7900
14347
-7911
14341
-7922
14335
-7933
14329
-7944
14323
-7955
14317
-7966
14311
-7977
14305
-7988
14299
-7999
14292
-8010
14286
-8021
14280
-8032
14274
-8043
14268
-8054
14262
-8065
14256
-8076
14249
-8086
14243
-8098
14237
-8108
14231
-8119
14224
-8130
14218
-8141
14212
-8152
14206
-8163
14199
-8174
14193
-8185
14187
-8196
14180
-8206
14174
-8217
14168
-8228
14162
-8239
14155
-8250
14149
-8261
14143
-8272
14136
-8282
14130
-8293
14124
-8304
14117
-8315
14111
-8326
14104
-8337
14098
-8347
14092
-8358
14085
-8369
14079
-8380
14072
-8391
14066
-8401
14059
-8412
14053
-8423
14046
-8434
14040
-8444
14034
-8455
14027
-8466
14020
-8477
14014
-8488
14008
-8498
14001
-8509
13994
-8520
13988
-8530
13981
-8541
13975
-8552
13968
-8563
13962
-8573
13955
-8584
13948
-8595
13942
-8606
13935
-8616
13929
-8627
13922
-8638
13916
-8648
13909
-8659
13902
-8670
13896
-8680
13889
-8691
13882
-8702
13876
-8712
13869
-8723
13862
-8734
13856
-8744
13849
-8755
13842
-8765
13835
-8776
13828
-8786
13822
-8797
13815
-8808
13808
-8818
13802
-8829
13795
-8840
13788
-8850
13781
-8861
13774
-8871
13768
-8882
13761
-8892
13754
-8903
13747
-8914
13740
-8924
13733
-8934
13726
-8945
13720
-8956
13713
-8966
13706
-8977
13699
-8987
13692
-8998
13685
-9008
13678
-9019
13671
-9029
13664
-9040
13658
-9050
13651
-9061
13644
-9071
13637
-9082
13630
-9092
13623
-9102
13616
-9113
13609
-9123
13602
-9134
13595
-9144
13588
-9155
13581
-9165
13574
-9175
13567
-9186
13560
-9196
13552
-9207
13546
-9217
13538
-9227
13531
-9238
13524
-9248
13517
-9258
13510
-9269
13503
-9279
13496
-9290
13489
-9300
13482
-9310
13474
-9321
13467
-9331
13460
-9341
13453
-9352
13446
-9362
13438
-9372
13431
-9382
13424
-9393
13417
-9403
13410
-9413
13402
-9424
13395
-9434
13388
-9444
13381
-9454
13374
-9465
13366
-9475
13359
-9485
13352
-9496
13344
-9506
13337
-9516
13330
-9526
13322
-9536
13315
-9547
13308
-9557
13300
-9567
13293
-9577
13286
-9588
13278
-9598
13271
-9608
13264
-9618
13256
-9628
13249
-9638
13242
-9648
13234
-9659
13227
-9669
13219
-9679
13212
-9689
13204
-9699
13197
-9709
13190
-9720
13182
-9730
13175
-9740
13167
-9750
13160
-9760
13152
-9770
13145
-9780
13137
-9790
13130
-9800
13122
-9810
13115
-9820
13107
-9830
13100
-9840
13092
-9850
13084
-9860
13077
-9870
13069
-9881
13062
-9891
13054
-9901
13046
-9911
13039
-9921
13031
-9931
13024
-9941
13016
-9951
13008
-9961
13001
-9970
12993
-9980
12986
-9990
12978
-10000
12970
-10010
12962
-10020
12955
-10030
12947
-10040
12939
-10050
12932
-10060
12924
-10070
12916
-10080
12908
-10090
12901
-10100
12893
-10110
12885
-10120
12878
-10129
12870
-10139
12862
-10149
12854
-10159
12846
-10169
12838
-10179
12831
-10188
12823
-10198
12815
-10208
12807
-10218
12799
-10228
12792
-10238
12784
-10248
12776
-10257
12768
-10267
12760
-10277
12752
-10287
12744
-10296
12736
-10306
12728
-10316
12720
-10326
12713
-10336
12705
-10345
12697
-10355
12689
-10365
12681
-10374
12673
-10384
12665
-10394
12657
-10404
12649
-10413
12641
-10423
12633
-10433
12625
-10442
12617
-10452
12609
-10462
12601
-10471
12593
-10481
12585
-10491
12577
-10500
12569
-10510
12561
-10520
12553
-10529
12544
-10539
12536
-10548
12528
-10558
12520
-10568
12512
-10577
12504
-10587
12496
-10596
12488
-10606
12480
-10616
12472
-10625
12463
-10635
12455
-10644
12447
-10654
12439
-10663
12431
-10673
12422
-10682
12414
-10692
12406
-10702
12398
-10711
12390
-10720
12381
-10730
12373
-10740
12365
-10749
12357
-10758
12348
-10768
12340
-10778
12332
-10787
12324
-10796
12315
-10806
12307
-10815
12299
-10825
12290
-10834
12282
-10844
12274
-10853
12266
-10862
12257
-10872
12249
-10881
12240
-10890
12232
-10900
12224
-10909
12215
-10919
12207
-10928
12199
-10937
12190
-10947
12182
-10956
12173
-10966
12165
-10975
12156
-10984
12148
-10994
12140
-11003
12131
-11012
12123
-11021
12114
-11031
12106
-11040
12097
-11049
12089
-11058
12080
-11068
12072
-11077
12064
-11086
12055
-11096
12046
-11105
12038
-11114
12029
-11123
12021
-11132
12012
-11142
12004
-11151
11995
-11160
11987
-11169
11978
-11178
11970
-11188
11961
-11197
11952
-11206
11944
-11215
11935
-11224
11926
-11234
11918
-11243
11909
-11252
11901
-11261
11892
-11270
11883
-11279
11875
-11288
11866
-11297
11857
-11306
11849
-11316
11840
-11325
11831
-11334
11823
-11343
11814
-11352
11805
-11361
11796
-11370
11788
-11379
11779
-11388
11770
-11397
11762
-11406
11753
-11415
11744
-11424
11735
-11433
11726
-11442
11718
-11451
11709
-11460
11700
-11469
11691
-11478
11682
-11487
11674
-11496
11665
-11505
11656
-11514
11647
-11523
11638
-11532
11630
-11541
11621
-11550
11612
-11558
11603
-11567
11594
-11576
11585
-11585
11576
-11594
11567
-11603
11558
-11612
11550
-11621
11541
-11630
11532
-11638
11523
-11647
11514
-11656
11505
-11665
11496
-11674
11487
-11682
11478
-11691
11469
-11700
11460
-11709
11451
-11718
11442
-11726
11433
-11735
11424
-11744
11415
-11753
11406
-11762
11397
-11770
11388
-11779
11379
-11788
11370
-11796
11361
-11805
11352
-11814
11343
-11823
11334
-11831
11325
-11840
11316
-11849
11306
-11857
11297
-11866
11288
-11875
11279
-11883
11270
-11892
11261
-11901
11252
-11909
11243
-11918
11234
-11926
11224
-11935
11215
-11944
11206
-11952
11197
-11961
11188
-11970
11178
-11978
11169
-11987
11160
-11995
11151
-12004
11142
-12012
11132
-12021
11123
-12029
11114
-12038
11105
-12046
11096
-12055
11086
-12064
11077
-12072
11068
-12080
11058
-12089
11049
-12097
11040
-12106
11031
-12114
11021
-12123
11012
-12131
11003
-12140
10994
-12148
10984
-12156
10975
-12165
10966
-12173
10956
-12182
10947
-12190
10937
-12199
10928
-12207
10919
-12215
10909
-12224
10900
-12232
10890
-12240
10881
-12249
10872
-12257
10862
-12266
10853
-12274
10844
-12282
10834
-12290
10825
-12299
10815
-12307
10806
-12315
10796
-12324
10787
-12332
10778
-12340
10768
-12348
10758
-12357
10749
-12365
10740
-12373
10730
-12381
10720
-12390
10711
-12398
10702
-12406
10692
-12414
10682
-12422
10673
-12431
10663
-12439
10654
-12447
10644
-12455
10635
-12463
10625
-12472
10616
-12480
10606
-12488
10596
-12496
10587
-12504
10577
-12512
10568
-12520
10558
-12528
10548
-12536
10539
-12544
10529
-12553
10520
-12561
10510
-12569
10500
-12577
10491
-12585
10481
-12593
10471
-12601
10462
-12609
10452
-12617
10442
-12625
10433
-12633
10423
-12641
10413
-12649
10404
-12657
10394
-12665
10384
-12673
10374
-12681
10365
-12689
10355
-12697
10345
-12705
10336
-12713
10326
-12720
10316
-12728
10306
-12736
10296
-12744
10287
-12752
10277
-12760
10267
-12768
10257
-12776
10248
-12784
10238
-12792
10228
-12799
10218
-12807
10208
-12815
10198
-12823
10188
-12831
10179
-12838
10169
-12846
10159
-12854
10149
-12862
10139
-12870
10129
-12878
10120
-12885
10110
-12893
10100
-12901
10090
-12908
10080
-12916
10070
-12924
10060
-12932
10050
-12939
10040
-12947
10030
-12955
10020
-12962
10010
-12970
10000
-12978
9990
-12986
9980
-12993
9970
-13001
9961
-13008
9951
-13016
9941
-13024
9931
-13031
9921
-13039
9911
-13046
9901
-13054
9891
-13062
9881
-13069
9870
-13077
9860
-13084
9850
-13092
9840
-13100
9830
-13107
9820
-13115
9810
-13122
9800
-13130
9790
-13137
9780
-13145
9770
-13152
9760
-13160
9750
-13167
9740
-13175
9730
-13182
9720
-13190
9709
-13197
9699
-13204
9689
-13212
9679
-13219
9669
-13227
9659
-13234
9648
-13242
9638
-13249
9628
-13256
9618
-13264
9608
-13271
9598
-13278
9588
-13286
9577
-13293
9567
-13300
9557
-13308
9547
-13315
9536
-13322
9526
-13330
9516
-13337
9506
-13344
9496
-13352
9485
-13359
9475
-13366
9465
-13374
9454
-13381
9444
-13388
9434
-13395
9424
-13402
9413
-13410
9403
-13417
9393
-13424
9382
-13431
9372
-13438
9362
-13446
9352
-13453
9341
-13460
9331
-13467
9321
-13474
9310
-13482
9300
-13489
9290
-13496
9279
-13503
9269
-13510
9258
-13517
9248
-13524
9238
-13531
9227
-13538
9217
-13546
9207
-13552
9196
-13560
9186
-13567
9175
-13574
9165
-13581
9155
-13588
9144
-13595
9134
-13602
9123
-13609
9113
-13616
9102
-13623
9092
-13630
9082
-13637
9071
-13644
9061
-13651
9050
-13658
9040
-13664
9029
-13671
9019
-13678
9008
-13685
8998
-13692
8987
-13699
8977
-13706
8966
-13713
8956
-13720
8945
-13726
8934
-13733
8924
-13740
8914
-13747
8903
-13754
8892
-13761
8882
-13768
8871
-13774
8861
-13781
8850
-13788
8840
-13795
8829
-13802
8818
-13808
8808
-13815
8797
-13822
8786
-13828
8776
-13835
8765
-13842
8755
-13849
8744
-13856
8734
-13862
8723
-13869
8712
-13876
8702
-13882
8691
-13889
8680
-13896
8670
-13902
8659
-13909
8648
-13916
8638
-13922
8627
-13929
8616
-13935
8606
-13942
8595
-13948
8584
-13955
8573
-13962
8563
-13968
8552
-13975
8541
-13981
8530
-13988
8520
-13994
8509
-14001
8498
-14008
8488
-14014
8477
-14020
8466
-14027
8455
-14034
8444
-14040
8434
-14046
8423
-14053
8412
-14059
8401
-14066
8391
-14072
8380
-14079
8369
-14085
8358
-14092
8347
-14098
8337
-14104
8326
-14111
8315
-14117
8304
-14124
8293
-14130
8282
-14136
8272
-14143
8261
-14149
8250
-14155
8239
-14162
8228
-14168
8217
-14174
8206
-14180
8196
-14187
8185
-14193
8174
-14199
8163
-14206
8152
-14212
8141
-14218
8130
-14224
8119
-14231
8108
-14237
8098
-14243
8086
-14249
8076
-14256
8065
-14262
8054
-14268
8043
-14274
8032
-14280
8021
-14286
8010
-14292
7999
-14299
7988
-14305
7977
-14311
7966
-14317
7955
-14323
7944
-14329
7933
-14335
7922
-14341
7911
-14347
7900
-14354
7889
-14360
7878
-14366
7867
-14372
7856
-14378
7845
-14384
7834
-14390
7823
-14396
7812
-14402
7801
-14408
7790
-14414
7779
-14420
7768
-14426
7756
-14432
7746
-14438
7734
-14443
7723
-14449
7712
-14455
7701
-14461
7690
-14467
7679
-14473
7668
-14479
7657
-14485
7646
-14491
7634
-14496
7623
-14502
7612
-14508
7601
-14514
7590
-14520
7579
-14526
7568
-14531
7556
-14537
7545
-14543
7534
-14549
7523
-14555
7512
-14560
7501
-14566
7490
-14572
7478
-14578
7467
-14583
7456
-14589
7445
-14595
7434
-14600
7422
-14606
7411
-14612
7400
-14618
7389
-14623
7378
-14629
7366
-14634
7355
-14640
7344
-14646
7333
-14651
7321
-14657
7310
-14663
7299
-14668
7288
-14674
7276
-14680
7265
-14685
7254
-14691
7243
-14696
7231
-14702
7220
-14707
7209
-14713
7198
-14718
7186
-14724
7175
-14729
7164
-14735
7152
-14740
7141
-14746
7130
-14751
7118
-14757
7107
-14762
7096
-14768
7084
-14773
7073
-14778
7062
-14784
7050
-14789
7039
-14795
7028
-14800
7016
-14806
7005
-14811
6994
-14816
6982
-14822
6971
-14827
6960
-14832
6948
-14838
6937
-14843
6925
-14848
6914
-14854
6903
-14859
6891
-14864
6880
-14870
6868
-14875
6857
-14880
6846
-14885
6834
-14890
6823
-14896
6811
-14901
6800
-14906
6788
-14911
6777
-14917
6766
-14922
6754
-14927
6743
-14932
6731
-14937
6720
-14942
6708
-14948
6697
-14953
6685
-14958
6674
-14963
6662
-14968
6651
-14973
6639
-14978
6628
-14984
6616
-14988
6605
-14994
6593
-14999
6582
-15004
6570
-15009
6559
-15014
6547
-15019
6536
-15024
6524
-15029
6513
-15034
6501
-15039
6490
-15044
6478
-15049
6467
-15054
6455
-15059
6444
-15064
6432
-15069
6420
-15074
6409
-15078
6397
-15083
6386
-15088
6374
-15093
6363
-15098
6351
-15103
6339
-15108
6328
-15113
6316
-15118
6305
-15122
6293
-15127
6281
-15132
6270
-15137
6258
-15142
6247
-15146
6235
-15151
6223
-15156
6212
-15161
6200
-15166
6188
-15170
6177
-15175
6165
-15180
6154
-15184
6142
-15189
6130
-15194
6119
-15198
6107
-15203
6095
-15208
6084
-15213
6072
-15217
6060
-15222
6049
-15226
6037
-15231
6025
-15236
6014
-15240
6002
-15245
5990
-15250
5978
-15254
5967
-15259
5955
-15263
5943
-15268
5932
-15272
5920
-15277
5908
-15282
5896
-15286
5885
-15291
5873
-15295
5861
-15300
5850
-15304
5838
-15309
5826
-15313
5814
-15318
5802
-15322
5791
-15326
5779
-15331
5767
-15335
5756
-15340
5744
-15344
5732
-15348
5720
-15353
5708
-15357
5697
-15362
5685
-15366
5673
-15370
5661
-15375
5650
-15379
5638
-15383
5626
-15388
5614
-15392
5602
-15396
5590
-15401
5579
-15405
5567
-15409
5555
-15414
5543
-15418
5531
-15422
5520
-15426
5508
-15430
5496
-15435
5484
-15439
5472
-15443
5460
-15447
5448
-15451
5437
-15456
5425
-15460
5413
-15464
5401
-15468
5389
-15472
5377
-15476
5366
-15480
5354
-15485
5342
-15489
5330
-15493
5318
-15497
5306
-15501
5294
-15505
5282
-15509
5270
-15513
5258
-15517
5247
-15521
5235
-15525
5223
-15529
5211
-15533
5199
-15537
5187
-15541
5175
-15545
5163
-15549
5151
-15553
5139
-15557
5127
-15561
5115
-15565
5104
-15569
5092
-15573
5080
-15577
5068
-15580
5056
-15584
5044
-15588
5032
-15592
5020
-15596
5008
-15600
4996
-15604
4984
-15608
4972
-15611
4960
-15615
4948
-15619
4936
-15623
4924
-15626
4912
-15630
4900
-15634
4888
-15638
4876
-15642
4864
-15645
4852
-15649
4840
-15653
4828
-15656
4816
-15660
4804
-15664
4792
-15668
4780
-15671
4768
-15675
4756
-15678
4744
-15682
4732
-15686
4720
-15689
4708
-15693
4696
-15697
4684
-15700
4672
-15704
4660
-15707
4648
-15711
4636
-15714
4624
-15718
4612
-15722
4599
-15725
4587
-15729
4575
-15732
4563
-15736
4551
-15739
4539
-15743
4527
-15746
4515
-15750
4503
-15753
4491
-15756
4479
-15760
4467
-15763
4454
-15767
4442
-15770
4430
-15774
4418
-15777
4406
-15780
4394
-15784
4382
-15787
4370
-15790
4358
-15794
4346
-15797
4333
-15800
4321
-15804
4309
-15807
4297
-15810
4285
-15814
4273
-15817
4261
-15820
4248
-15824
4236
-15827
4224
-15830
4212
-15833
4200
-15836
4188
-15840
4176
-15843
4164
-15846
4151
-15849
4139
-15852
4127
-15856
4115
-15859
4103
-15862
4090
-15865
4078
-15868
4066
-15871
4054
-15874
4042
-15878
4030
-15881
4018
-15884
4005
-15887
3993
-15890
3981
-15893
3969
-15896
3956
-15899
3944
-15902
3932
-15905
3920
-15908
3908
-15911
3896
-15914
3883
-15917
3871
-15920
3859
-15923
3847
-15926
3834
-15929
3822
-15932
3810
-15935
3798
-15938
3786
-15941
3773
-15944
3761
-15946
3749
-15949
3737
-15952
3724
-15955
3712
-15958
3700
-15961
3688
-15964
3676
-15966
3663
-15969
3651
-15972
3639
-15975
3626
-15978
3614
-15980
3602
-15983
3590
-15986
3577
-15989
3565
-15991
3553
-15994
3541
-15997
3528
-16000
3516
-16002
3504
-16005
3492
-16008
3479
-16010
3467
-16013
3455
-16016
3442
-16018
3430
-16021
3418
-16024
3406
-16026
3393
-16029
3381
-16031
3369
-16034
3356
-16036
3344
-16039
3332
-16042
3320
-16044
3307
-16047
3295
-16049
3282
-16052
3270
-16054
3258
-16057
3246
-16059
3233
-16062
3221
-16064
3209
-16067
3196
-16069
3184
-16072
3172
-16074
3159
-16076
3147
-16079
3135
-16081
3122
-16084
3110
-16086
3098
-16088
3085
-16091
3073
-16093
3061
-16096
3048
-16098
3036
-16100
3024
-16102
3011
-16105
2999
-16107
2986
-16109
2974
-16112
2962
-16114
2949
-16116
2937
-16118
2925
-16121
2912
-16123
2900
-16125
2888
-16128
2875
-16130
2863
-16132
2850
-16134
2838
-16136
2826
-16138
2813
-16141
2801
-16143
2789
-16145
2776
-16147
2764
-16149
2752
-16151
2739
-16153
2727
-16156
2714
-16158
2702
-16160
2690
-16162
2677
-16164
2665
-16166
2652
-16168
2640
-16170
2628
-16172
2615
-16174
2603
-16176
2590
-16178
2578
-16180
2566
-16182
2553
-16184
2541
-16186
2528
-16188
2516
-16190
2503
-16192
2491
-16194
2478
-16195
2466
-16197
2454
-16199
2441
-16201
2429
-16203
2416
-16205
2404
-16207
2392
-16208
2379
-16210
2367
-16212
2354
-16214
2342
-16216
2329
-16218
2317
-16219
2304
-16221
2292
-16223
2280
-16225
2267
-16226
2255
-16228
2242
-16230
2230
-16232
2217
-16233
2205
-16235
2192
-16237
2180
-16238
2168
-16240
2155
-16242
2143
-16243
2130
-16245
2118
-16246
2105
-16248
2093
-16250
2080
-16251
2068
-16253
2055
-16254
2043
-16256
2030
-16258
2018
-16259
2006
-16261
1993
-16262
1981
-16264
1968
-16265
1956
-16267
1943
-16268
1931
-16270
1918
-16271
1906
-16273
1893
-16274
1881
-16276
1868
-16277
1856
-16278
1843
-16280
1831
-16281
1818
-16283
1806
-16284
1793
-16286
1781
-16287
1768
-16288
1756
-16290
1743
-16291
1731
-16292
1718
-16294
1706
-16295
1693
-16296
1681
-16298
1668
-16299
1656
-16300
1643
-16301
1631
-16302
1618
-16304
1606
-16305
1593
-16306
1581
-16308
1568
-16309
1556
-16310
1543
-16311
1531
-16312
1518
-16313
1506
-16315
1493
-16316
1481
-16317
1468
-16318
1456
-16319
1443
-16320
1431
-16321
1418
-16322
1406
-16324
1393
-16325
1381
-16326
1368
-16327
1356
-16328
1343
-16329
1330
-16330
1318
-16331
1306
-16332
1293
-16333
1280
-16334
1268
-16335
1255
-16336
1243
-16337
1230
-16338
1218
-16339
1205
-16340
1193
-16340
1180
-16341
1168
-16342
1155
-16343
1142
-16344
1130
-16345
1118
-16346
1105
-16347
1092
-16348
1080
-16348
1067
-16349
1055
-16350
1042
-16351
1030
-16352
1017
-16352
1005
-16353
992
-16354
980
-16355
967
-16355
954
-16356
942
-16357
929
-16358
917
-16358
904
-16359
892
-16360
879
-16360
867
-16361
854
-16362
842
-16362
829
-16363
816
-16364
804
-16364
791
-16365
779
-16365
766
-16366
754
-16367
741
-16367
728
-16368
716
-16368
704
-16369
691
-16369
678
-16370
666
-16370
653
-16371
641
-16371
628
-16372
616
-16372
603
-16373
590
-16373
578
-16374
565
-16374
553
-16375
540
-16375
528
-16375
515
-16376
502
-16376
490
-16377
477
-16377
465
-16377
452
-16378
440
-16378
427
-16378
415
-16379
402
-16379
390
-16379
377
-16380
364
-16380
352
-16380
339
-16380
327
-16381
314
-16381
302
-16381
289
-16381
276
-16382
264
-16382
251
-16382
239
-16382
226
-16382
214
-16382
201
-16383
188
-16383
176
-16383
163
-16383
151
-16383
138
-16383
126
-16384
113
-16384
100
-16384
88
-16384
75
-16384
63
-16384
50
-16384
38
-16384
25
-16384
12
-16384
0
-16384
-12
-16384
-25
-16384
-38
-16384
-50
-16384
-63
-16384
-75
-16384
-88
-16384
-100
-16384
-113
-16384
-126
-16384
-138
-16383
-151
-16383
-163
-16383
-176
-16383
-188
-16383
-201
-16383
-214
-16382
-226
-16382
-239
-16382
-251
-16382
-264
-16382
-276
-16382
-289
-16381
-302
-16381
-314
-16381
-327
-16381
-339
-16380
-352
-16380
-364
-16380
-377
-16380
-390
-16379
-402
-16379
-415
-16379
-427
-16378
-440
-16378
-452
-16378
-465
-16377
-477
-16377
-490
-16377
-502
-16376
-515
-16376
-528
-16375
-540
-16375
-553
-16375
-565
-16374
-578
-16374
-590
-16373
-603
-16373
-616
-16372
-628
-16372
-641
-16371
-653
-16371
-666
-16370
-678
-16370
-691
-16369
-704
-16369
-716
-16368
-728
-16368
-741
-16367
-754
-16367
-766
-16366
-779
-16365
-791
-16365
-804
-16364
-816
-16364
-829
-16363
-842
-16362
-854
-16362
-867
-16361
-879
-16360
-892
-16360
-904
-16359
-917
-16358
-929
-16358
-942
-16357
-954
-16356
-967
-16355
-980
-16355
-992
-16354
-1005
-16353
-1017
-16352
-1030
-16352
-1042
-16351
-1055
-16350
-1067
-16349
-1080
-16348
-1092
-16348
-1105
-16347
-1118
-16346
-1130
-16345
-1142
-16344
-1155
-16343
-1168
-16342
-1180
-16341
-1193
-16340
-1205
-16340
-1218
-16339
-1230
-16338
-1243
-16337
-1255
-16336
-1268
-16335
-1280
-16334
-1293
-16333
-1306
-16332
-1318
-16331
-1330
-16330
-1343
-16329
-1356
-16328
-1368
-16327
-1381
-16326
-1393
-16325
-1406
-16324
-1418
-16322
-1431
-16321
-1443
-16320
-1456
-16319
-1468
-16318
-1481
-16317
-1493
-16316
-1506
-16315
-1518
-16313
-1531
-16312
-1543
-16311
-1556
-16310
-1568
-16309
-1581
-16308
-1593
-16306
-1606
-16305
-1618
-16304
-1631
-16302
-1643
-16301
-1656
-16300
-1668
-16299
-1681
-16298
-1693
-16296
-1706
-16295
-1718
-16294
-1731
-16292
-1743
-16291
-1756
-16290
-1768
-16288
-1781
-16287
-1793
-16286
-1806
-16284
-1818
-16283
-1831
-16281
-1843
-16280
-1856
-16278
-1868
-16277
-1881
-16276
-1893
-16274
-1906
-16273
-1918
-16271
-1931
-16270
-1943
-16268
-1956
-16267
-1968
-16265
-1981
-16264
-1993
-16262
-2006
-16261
-2018
-16259
-2030
-16258
-2043
-16256
-2055
-16254
-2068
-16253
-2080
-16251
-2093
-16250
-2105
-16248
-2118
-16246
-2130
-16245
-2143
-16243
-2155
-16242
-2168
-16240
-2180
-16238
-2192
-16237
-2205
-16235
-2217
-16233
-2230
-16232
-2242
-16230
-2255
-16228
-2267
-16226
-2280
-16225
-2292
-16223
-2304
-16221
-2317
-16219
-2329
-16218
-2342
-16216
-2354
-16214
-2367
-16212
-2379
-16210
-2392
-16208
-2404
-16207
-2416
-16205
-2429
-16203
-2441
-16201
-2454
-16199
-2466
-16197
-2478
-16195
-2491
-16194
-2503
-16192
-2516
-16190
-2528
-16188
-2541
-16186
-2553
-16184
-2566
-16182
-2578
-16180
-2590
-16178
-2603
-16176
-2615
-16174
-2628
-16172
-2640
-16170
-2652
-16168
-2665
-16166
-2677
-16164
-2690
-16162
-2702
-16160
-2714
-16158
-2727
-16156
-2739
-16153
-2752
-16151
-2764
-16149
-2776
-16147
-2789
-16145
-2801
-16143
-2813
-16141
-2826
-16138
-2838
-16136
-2850
-16134
-2863
-16132
-2875
-16130
-2888
-16128
-2900
-16125
-2912
-16123
-2925
-16121
-2937
-16118
-2949
-16116
-2962
-16114
-2974
-16112
-2986
-16109
-2999
-16107
-3011
-16105
-3024
-16102
-3036
-16100
-3048
-16098
-3061
-16096
-3073
-16093
-3085
-16091
-3098
-16088
-3110
-16086
-3122
-16084
-3135
-16081
-3147
-16079
-3159
-16076
-3172
-16074
-3184
-16072
-3196
-16069
-3209
-16067
-3221
-16064
-3233
-16062
-3246
-16059
-3258
-16057
-3270
-16054
-3282
-16052
-3295
-16049
-3307
-16047
-3320
-16044
-3332
-16042
-3344
-16039
-3356
-16036
-3369
-16034
-3381
-16031
-3393
-16029
-3406
-16026
-3418
-16024
-3430
-16021
-3442
-16018
-3455
-16016
-3467
-16013
-3479
-16010
-3492
-16008
-3504
-16005
-3516
-16002
-3528
-16000
-3541
-15997
-3553
-15994
-3565
-15991
-3577
-15989
-3590
-15986
-3602
-15983
-3614
-15980
-3626
-15978
-3639
-15975
-3651
-15972
-3663
-15969
-3676
-15966
-3688
-15964
-3700
-15961
-3712
-15958
-3724
-15955
-3737
-15952
-3749
-15949
-3761
-15946
-3773
-15944
-3786
-15941
-3798
-15938
-3810
-15935
-3822
-15932
-3834
-15929
-3847
-15926
-3859
-15923
-3871
-15920
-3883
-15917
-3896
-15914
-3908
-15911
-3920
-15908
-3932
-15905
-3944
-15902
-3956
-15899
-3969
-15896
-3981
-15893
-3993
-15890
-4005
-15887
-4018
-15884
-4030
-15881
-4042
-15878
-4054
-15874
-4066
-15871
-4078
-15868
-4090
-15865
-4103
-15862
-4115
-15859
-4127
-15856
-4139
-15852
-4151
-15849
-4164
-15846
-4176
-15843
-4188
-15840
-4200
-15836
-4212
-15833
-4224
-15830
-4236
-15827
-4248
-15824
-4261
-15820
-4273
-15817
-4285
-15814
-4297
-15810
-4309
-15807
-4321
-15804
-4333
-15800
-4346
-15797
-4358
-15794
-4370
-15790
-4382
-15787
-4394
-15784
-4406
-15780
-4418
-15777
-4430
-15774
-4442
-15770
-4454
-15767
-4467
-15763
-4479
-15760
-4491
-15756
-4503
-15753
-4515
-15750
-4527
-15746
-4539
-15743
-4551
-15739
-4563
-15736
-4575
-15732
-4587
-15729
-4599
-15725
-4612
-15722
-4624
-15718
-4636
-15714
-4648
-15711
-4660
-15707
-4672
-15704
-4684
-15700
-4696
-15697
-4708
-15693
-4720
-15689
-4732
-15686
-4744
-15682
-4756
-15678
-4768
-15675
-4780
-15671
-4792
-15668
-4804
-15664
-4816
-15660
-4828
-15656
-4840
-15653
-4852
-15649
-4864
-15645
-4876
-15642
-4888
-15638
-4900
-15634
-4912
-15630
-4924
-15626
-4936
-15623
-4948
-15619
-4960
-15615
-4972
-15611
-4984
-15608
-4996
-15604
-5008
-15600
-5020
-15596
-5032
-15592
-5044
-15588
-5056
-15584
-5068
-15580
-5080
-15577
-5092
-15573
-5104
-15569
-5115
-15565
-5127
-15561
-5139
-15557
-5151
-15553
-5163
-15549
-5175
-15545
-5187
-15541
-5199
-15537
-5211
-15533
-5223
-15529
-5235
-15525
-5247
-15521
-5258
-15517
-5270
-15513
-5282
-15509
-5294
-15505
-5306
-15501
-5318
-15497
-5330
-15493
-5342
-15489
-5354
-15485
-5366
-15480
-5377
-15476
-5389
-15472
-5401
-15468
-5413
-15464
-5425
-15460
-5437
-15456
-5448
-15451
-5460
-15447
-5472
-15443
-5484
-15439
-5496
-15435
-5508
-15430
-5520
-15426
-5531
-15422
-5543
-15418
-5555
-15414
-5567
-15409
-5579
-15405
-5590
-15401
-5602
-15396
-5614
-15392
-5626
-15388
-5638
-15383
-5650
-15379
-5661
-15375
-5673
-15370
-5685
-15366
-5697
-15362
-5708
-15357
-5720
-15353
-5732
-15348
-5744
-15344
-5756
-15340
-5767
-15335
-5779
-15331
-5791
-15326
-5802
-15322
-5814
-15318
-5826
-15313
-5838
-15309
-5850
-15304
-5861
-15300
-5873
-15295
-5885
-15291
-5896
-15286
-5908
-15282
-5920
-15277
-5932
-15272
-5943
-15268
-5955
-15263
-5967
-15259
-5978
-15254
-5990
-15250
-6002
-15245
-6014
-15240
-6025
-15236
-6037
-15231
-6049
-15226
-6060
-15222
-6072
-15217
-6084
-15213
-6095
-15208
-6107
-15203
-6119
-15198
-6130
-15194
-6142
-15189
-6154
-15184
-6165
-15180
-6177
-15175
-6188
-15170
-6200
-15166
-6212
-15161
-6223
-15156
-6235
-15151
-6247
-15146
-6258
-15142
-6270
-15137
-6281
-15132
-6293
-15127
-6305
-15122
-6316
-15118
-6328
-15113
-6339
-15108
-6351
-15103
-6363
-15098
-6374
-15093
-6386
-15088
-6397
-15083
-6409
-15078
-6420
-15074
-6432
-15069
-6444
-15064
-6455
-15059
-6467
-15054
-6478
-15049
-6490
-15044
-6501
-15039
-6513
-15034
-6524
-15029
-6536
-15024
-6547
-15019
-6559
-15014
-6570
-15009
-6582
-15004
-6593
-14999
-6605
-14994
-6616
-14988
-6628
-14984
-6639
-14978
-6651
-14973
-6662
-14968
-6674
-14963
-6685
-14958
-6697
-14953
-6708
-14948
-6720
-14942
-6731
-14937
-6743
-14932
-6754
-14927
-6766
-14922
-6777
-14917
-6788
-14911
-6800
-14906
-6811
-14901
-6823
-14896
-6834
-14890
-6846
-14885
-6857
-14880
-6868
-14875
-6880
-14870
-6891
-14864
-6903
-14859
-6914
-14854
-6925
-14848
-6937
-14843
-6948
-14838
-6960
-14832
-6971
-14827
-6982
-14822
-6994
-14816
-7005
-14811
-7016
-14806
-7028
-14800
-7039
-14795
-7050
-14789
-7062
-14784
-7073
-14778
-7084
-14773
-7096
-14768
-7107
-14762
-7118
-14757
-7130
-14751
-7141
-14746
-7152
-14740
-7164
-14735
-7175
-14729
-7186
-14724
-7198
-14718
-7209
-14713
-7220
-14707
-7231
-14702
-7243
-14696
-7254
-14691
-7265
-14685
-7276
-14680
-7288
-14674
-7299
-14668
-7310
-14663
-7321
-14657
-7333
-14651
-7344
-14646
-7355
-14640
-7366
-14634
-7378
-14629
-7389
-14623
-7400
-14618
-7411
-14612
-7422
-14606
-7434
-14600
-7445
-14595
-7456
-14589
-7467
-14583
-7478
-14578
-7490
-14572
-7501
-14566
-7512
-14560
-7523
-14555
-7534
-14549
-7545
-14543
-7556
-14537
-7568
-14531
-7579
-14526
-7590
-14520
-7601
-14514
-7612
-14508
-7623
-14502
-7634
-14496
-7646
-14491
-7657
-14485
-7668
-14479
-7679
-14473
-7690
-14467
-7701
-14461
-7712
-14455
-7723
-14449
-7734
-14443
-7746
-14438
-7756
-14432
-7768
-14426
-7779
-14420
-7790
-14414
-7801
-14408
-7812
-14402
-7823
-14396
-7834
-14390
-7845
-14384
-7856
-14378
-7867
-14372
-7878
-14366
-7889
-14360
-7900
-14354
-7911
-14347
-7922
-14341
-7933
-14335
-7944
-14329
-7955
-14323
-7966
-14317
-7977
-14311
-7988
-14305
-7999
-14299
-8010
-14292
-8021
-14286
-8032
-14280
-8043
-14274
-8054
-14268
-8065
-14262
-8076
-14256
-8086
-14249
-8098
-14243
-8108
-14237
-8119
-14231
-8130
-14224
-8141
-14218
-8152
-14212
-8163
-14206
-8174
-14199
-8185
-14193
-8196
-14187
-8206
-14180
-8217
-14174
-8228
-14168
-8239
-14162
-8250
-14155
-8261
-14149
-8272
-14143
-8282
-14136
-8293
-14130
-8304
-14124
-8315
-14117
-8326
-14111
-8337
-14104
-8347
-14098
-8358
-14092
-8369
-14085
-8380
-14079
-8391
-14072
-8401
-14066
-8412
-14059
-8423
-14053
-8434
-14046
-8444
-14040
-8455
-14034
-8466
-14027
-8477
-14020
-8488
-14014
-8498
-14008
-8509
-14001
-8520
-13994
-8530
-13988
-8541
-13981
-8552
-13975
-8563
-13968
-8573
-13962
-8584
-13955
-8595
-13948
-8606
-13942
-8616
-13935
-8627
-13929
-8638
-13922
-8648
-13916
-8659
-13909
-8670
-13902
-8680
-13896
-8691
-13889
-8702
-13882
-8712
-13876
-8723
-13869
-8734
-13862
-8744
-13856
-8755
-13849
-8765
-13842
-8776
-13835
-8786
-13828
-8797
-13822
-8808
-13815
-8818
-13808
-8829
-13802
-8840
-13795
-8850
-13788
-8861
-13781
-8871
-13774
-8882
-13768
-8892
-13761
-8903
-13754
-8914
-13747
-8924
-13740
-8934
-13733
-8945
-13726
-8956
-13720
-8966
-13713
-8977
-13706
-8987
-13699
-8998
-13692
-9008
-13685
-9019
-13678
-9029
-13671
-9040
-13664
-9050
-13658
-9061
-13651
-9071
-13644
-9082
-13637
-9092
-13630
-9102
-13623
-9113
-13616
-9123
-13609
-9134
-13602
-9144
-13595
-9155
-13588
-9165
-13581
-9175
-13574
-9186
-13567
-9196
-13560
-9207
-13552
-9217
-13546
-9227
-13538
-9238
-13531
-9248
-13524
-9258
-13517
-9269
-13510
-9279
-13503
-9290
-13496
-9300
-13489
-9310
-13482
-9321
-13474
-9331
-13467
-9341
-13460
-9352
-13453
-9362
-13446
-9372
-13438
-9382
-13431
-9393
-13424
-9403
-13417
-9413
-13410
-9424
-13402
-9434
-13395
-9444
-13388
-9454
-13381
-9465
-13374
-9475
-13366
-9485
-13359
-9496
-13352
-9506
-13344
-9516
-13337
-9526
-13330
-9536
-13322
-9547
-13315
-9557
-13308
-9567
-13300
-9577
-13293
-9588
-13286
-9598
-13278
-9608
-13271
-9618
-13264
-9628
-13256
-9638
-13249
-9648
-13242
-9659
-13234
-9669
-13227
-9679
-13219
-9689
-13212
-9699
-13204
-9709
-13197
-9720
-13190
-9730
-13182
-9740
-13175
-9750
-13167
-9760
-13160
-9770
-13152
-9780
-13145
-9790
-13137
-9800
-13130
-9810
-13122
-9820
-13115
-9830
-13107
-9840
-13100
-9850
-13092
-9860
-13084
-9870
-13077
-9881
-13069
-9891
-13062
-9901
-13054
-9911
-13046
-9921
-13039
-9931
-13031
-9941
-13024
-9951
-13016
-9961
-13008
-9970
-13001
-9980
-12993
-9990
-12986
-10000
-12978
-10010
-12970
-10020
-12962
-10030
-12955
-10040
-12947
-10050
-12939
-10060
-12932
-10070
-12924
-10080
-12916
-10090
-12908
-10100
-12901
-10110
-12893
-10120
-12885
-10129
-12878
-10139
-12870
-10149
-12862
-10159
-12854
-10169
-12846
-10179
-12838
-10188
-12831
-10198
-12823
-10208
-12815
-10218
-12807
-10228
-12799
-10238
-12792
-10248
-12784
-10257
-12776
-10267
-12768
-10277
-12760
-10287
-12752
-10296
-12744
-10306
-12736
-10316
-12728
-10326
-12720
-10336
-12713
-10345
-12705
-10355
-12697
-10365
-12689
-10374
-12681
-10384
-12673
-10394
-12665
-10404
-12657
-10413
-12649
-10423
-12641
-10433
-12633
-10442
-12625
-10452
-12617
-10462
-12609
-10471
-12601
-10481
-12593
-10491
-12585
-10500
-12577
-10510
-12569
-10520
-12561
-10529
-12553
-10539
-12544
-10548
-12536
-10558
-12528
-10568
-12520
-10577
-12512
-10587
-12504
-10596
-12496
-10606
-12488
-10616
-12480
-10625
-12472
-10635
-12463
-10644
-12455
-10654
-12447
-10663
-12439
-10673
-12431
-10682
-12422
-10692
-12414
-10702
-12406
-10711
-12398
-10720
-12390
-10730
-12381
-10740
-12373
-10749
-12365
-10758
-12357
-10768
-12348
-10778
-12340
-10787
-12332
-10796
-12324
-10806
-12315
-10815
-12307
-10825
-12299
-10834
-12290
-10844
-12282
-10853
-12274
-10862
-12266
-10872
-12257
-10881
-12249
-10890
-12240
-10900
-12232
-10909
-12224
-10919
-12215
-10928
-12207
-10937
-12199
-10947
-12190
-10956
-12182
-10966
-12173
-10975
-12165
-10984
-12156
-10994
-12148
-11003
-12140
-11012
-12131
-11021
-12123
-11031
-12114
-11040
-12106
-11049
-12097
-11058
-12089
-11068
-12080
-11077
-12072
-11086
-12064
-11096
-12055
-11105
-12046
-11114
-12038
-11123
-12029
-11132
-12021
-11142
-12012
-11151
-12004
-11160
-11995
-11169
-11987
-11178
-11978
-11188
-11970
-11197
-11961
-11206
-11952
-11215
-11944
-11224
-11935
-11234
-11926
-11243
-11918
-11252
-11909
-11261
-11901
-11270
-11892
-11279
-11883
-11288
-11875
-11297
-11866
-11306
-11857
-11316
-11849
-11325
-11840
-11334
-11831
-11343
-11823
-11352
-11814
-11361
-11805
-11370
-11796
-11379
-11788
-11388
-11779
-11397
-11770
-11406
-11762
-11415
-11753
-11424
-11744
-11433
-11735
-11442
-11726
-11451
-11718
-11460
-11709
-11469
-11700
-11478
-11691
-11487
-11682
-11496
-11674
-11505
-11665
-11514
-11656
-11523
-11647
-11532
-11638
-11541
-11630
-11550
-11621
-11558
-11612
-11567
-11603
-11576
-11594
-11585
-11585
-11594
-11576
-11603
-11567
-11612
-11558
-11621
-11550
-11630
-11541
-11638
-11532
-11647
-11523
-11656
-11514
-11665
-11505
-11674
-11496
-11682
-11487
-11691
-11478
-11700
-11469
-11709
-11460
-11718
-11451
-11726
-11442
-11735
-11433
-11744
-11424
-11753
-11415
-11762
-11406
-11770
-11397
-11779
-11388
-11788
-11379
-11796
-11370
-11805
-11361
-11814
-11352
-11823
-11343
-11831
-11334
-11840
-11325
-11849
-11316
-11857
-11306
-11866
-11297
-11875
-11288
-11883
-11279
-11892
-11270
-11901
-11261
-11909
-11252
-11918
-11243
-11926
-11234
-11935
-11224
-11944
-11215
-11952
-11206
-11961
-11197
-11970
-11188
-11978
-11178
-11987
-11169
-11995
-11160
-12004
-11151
-12012
-11142
-12021
-11132
-12029
-11123
-12038
-11114
-12046
-11105
-12055
-11096
-12064
-11086
-12072
-11077
-12080
-11068
-12089
-11058
-12097
-11049
-12106
-11040
-12114
-11031
-12123
-11021
-12131
-11012
-12140
-11003
-12148
-10994
-12156
-10984
-12165
-10975
-12173
-10966
-12182
-10956
-12190
-10947
-12199
-10937
-12207
-10928
-12215
-10919
-12224
-10909
-12232
-10900
-12240
-10890
-12249
-10881
-12257
-10872
-12266
-10862
-12274
-10853
-12282
-10844
-12290
-10834
-12299
-10825
-12307
-10815
-12315
-10806
-12324
-10796
-12332
-10787
-12340
-10778
-12348
-10768
-12357
-10758
-12365
-10749
-12373
-10740
-12381
-10730
-12390
-10720
-12398
-10711
-12406
-10702
-12414
-10692
-12422
-10682
-12431
-10673
-12439
-10663
-12447
-10654
-12455
-10644
-12463
-10635
-12472
-10625
-12480
-10616
-12488
-10606
-12496
-10596
-12504
-10587
-12512
-10577
-12520
-10568
-12528
-10558
-12536
-10548
-12544
-10539
-12553
-10529
-12561
-10520
-12569
-10510
-12577
-10500
-12585
-10491
-12593
-10481
-12601
-10471
-12609
-10462
-12617
-10452
-12625
-10442
-12633
-10433
-12641
-10423
-12649
-10413
-12657
-10404
-12665
-10394
-12673
-10384
-12681
-10374
-12689
-10365
-12697
-10355
-12705
-10345
-12713
-10336
-12720
-10326
-12728
-10316
-12736
-10306
-12744
-10296
-12752
-10287
-12760
-10277
-12768
-10267
-12776
-10257
-12784
-10248
-12792
-10238
-12799
-10228
-12807
-10218
-12815
-10208
-12823
-10198
-12831
-10188
-12838
-10179
-12846
-10169
-12854
-10159
-12862
-10149
-12870
-10139
-12878
-10129
-12885
-10120
-12893
-10110
-12901
-10100
-12908
-10090
-12916
-10080
-12924
-10070
-12932
-10060
-12939
-10050
-12947
-10040
-12955
-10030
-12962
-10020
-12970
-10010
-12978
-10000
-12986
-9990
-12993
-9980
-13001
-9970
-13008
-9961
-13016
-9951
-13024
-9941
-13031
-9931
-13039
-9921
-13046
-9911
-13054
-9901
-13062
-9891
-13069
-9881
-13077
-9870
-13084
-9860
-13092
-9850
-13100
-9840
-13107
-9830
-13115
-9820
-13122
-9810
-13130
-9800
-13137
-9790
-13145
-9780
-13152
-9770
-13160
-9760
-13167
-9750
-13175
-9740
-13182
-9730
-13190
-9720
-13197
-9709
-13204
-9699
-13212
-9689
-13219
-9679
-13227
-9669
-13234
-9659
-13242
-9648
-13249
-9638
-13256
-9628
-13264
-9618
-13271
-9608
-13278
-9598
-13286
-9588
-13293
-9577
-13300
-9567
-13308
-9557
-13315
-9547
-13322
-9536
-13330
-9526
-13337
-9516
-13344
-9506
-13352
-9496
-13359
-9485
-13366
-9475
-13374
-9465
-13381
-9454
-13388
-9444
-13395
-9434
-13402
-9424
-13410
-9413
-13417
-9403
-13424
-9393
-13431
-9382
-13438
-9372
-13446
-9362
-13453
-9352
-13460
-9341
-13467
-9331
-13474
-9321
-13482
-9310
-13489
-9300
-13496
-9290
-13503
-9279
-13510
-9269
-13517
-9258
-13524
-9248
-13531
-9238
-13538
-9227
-13546
-9217
-13552
-9207
-13560
-9196
-13567
-9186
-13574
-9175
-13581
-9165
-13588
-9155
-13595
-9144
-13602
-9134
-13609
-9123
-13616
-9113
-13623
-9102
-13630
-9092
-13637
-9082
-13644
-9071
-13651
-9061
-13658
-9050
-13664
-9040
-13671
-9029
-13678
-9019
-13685
-9008
-13692
-8998
-13699
-8987
-13706
-8977
-13713
-8966
-13720
-8956
-13726
-8945
-13733
-8934
-13740
-8924
-13747
-8914
-13754
-8903
-13761
-8892
-13768
-8882
-13774
-8871
-13781
-8861
-13788
-8850
-13795
-8840
-13802
-8829
-13808
-8818
-13815
-8808
-13822
-8797
-13828
-8786
-13835
-8776
-13842
-8765
-13849
-8755
-13856
-8744
-13862
-8734
-13869
-8723
-13876
-8712
-13882
-8702
-13889
-8691
-13896
-8680
-13902
-8670
-13909
-8659
-13916
-8648
-13922
-8638
-13929
-8627
-13935
-8616
-13942
-8606
-13948
-8595
-13955
-8584
-13962
-8573
-13968
-8563
-13975
-8552
-13981
-8541
-13988
-8530
-13994
-8520
-14001
-8509
-14008
-8498
-14014
-8488
-14020
-8477
-14027
-8466
-14034
-8455
-14040
-8444
-14046
-8434
-14053
-8423
-14059
-8412
-14066
-8401
-14072
-8391
-14079
-8380
-14085
-8369
-14092
-8358
-14098
-8347
-14104
-8337
-14111
-8326
-14117
-8315
-14124
-8304
-14130
-8293
-14136
-8282
-14143
-8272
-14149
-8261
-14155
-8250
-14162
-8239
-14168
-8228
-14174
-8217
-14180
-8206
-14187
-8196
-14193
-8185
-14199
-8174
-14206
-8163
-14212
-8152
-14218
-8141
-14224
-8130
-14231
-8119
-14237
-8108
-14243
-8098
-14249
-8086
-14256
-8076
-14262
-8065
-14268
-8054
-14274
-8043
-14280
-8032
-14286
-8021
-14292
-8010
-14299
-7999
-14305
-7988
-14311
-7977
-14317
-7966
-14323
-7955
-14329
-7944
-14335
-7933
-14341
-7922
-14347
-7911
-14354
-7900
-14360
-7889
-14366
-7878
-14372
-7867
-14378
-7856
-14384
-7845
-14390
-7834
-14396
-7823
-14402
-7812
-14408
-7801
-14414
-7790
-14420
-7779
-14426
-7768
-14432
-7756
-14438
-7746
-14443
-7734
-14449
-7723
-14455
-7712
-14461
-7701
-14467
-7690
-14473
-7679
-14479
-7668
-14485
-7657
-14491
-7646
-14496
-7634
-14502
-7623
-14508
-7612
-14514
-7601
-14520
-7590
-14526
-7579
-14531
-7568
-14537
-7556
-14543
-7545
-14549
-7534
-14555
-7523
-14560
-7512
-14566
-7501
-14572
-7490
-14578
-7478
-14583
-7467
-14589
-7456
-14595
-7445
-14600
-7434
-14606
-7422
-14612
-7411
-14618
-7400
-14623
-7389
-14629
-7378
-14634
-7366
-14640
-7355
-14646
-7344
-14651
-7333
-14657
-7321
-14663
-7310
-14668
-7299
-14674
-7288
-14680
-7276
-14685
-7265
-14691
-7254
-14696
-7243
-14702
-7231
-14707
-7220
-14713
-7209
-14718
-7198
-14724
-7186
-14729
-7175
-14735
-7164
-14740
-7152
-14746
-7141
-14751
-7130
-14757
-7118
-14762
-7107
-14768
-7096
-14773
-7084
-14778
-7073
-14784
-7062
-14789
-7050
-14795
-7039
-14800
-7028
-14806
-7016
-14811
-7005
-14816
-6994
-14822
-6982
-14827
-6971
-14832
-6960
-14838
-6948
-14843
-6937
-14848
-6925
-14854
-6914
-14859
-6903
-14864
-6891
-14870
-6880
-14875
-6868
-14880
-6857
-14885
-6846
-14890
-6834
-14896
-6823
-14901
-6811
-14906
-6800
-14911
-6788
-14917
-6777
-14922
-6766
-14927
-6754
-14932
-6743
-14937
-6731
-14942
-6720
-14948
-6708
-14953
-6697
-14958
-6685
-14963
-6674
-14968
-6662
-14973
-6651
-14978
-6639
-14984
-6628
-14988
-6616
-14994
-6605
-14999
-6593
-15004
-6582
-15009
-6570
-15014
-6559
-15019
-6547
-15024
-6536
-15029
-6524
-15034
-6513
-15039
-6501
-15044
-6490
-15049
-6478
-15054
-6467
-15059
-6455
-15064
-6444
-15069
-6432
-15074
-6420
-15078
-6409
-15083
-6397
-15088
-6386
-15093
-6374
-15098
-6363
-15103
-6351
-15108
-6339
-15113
-6328
-15118
-6316
-15122
-6305
-15127
-6293
-15132
-6281
-15137
-6270
-15142
-6258
-15146
-6247
-15151
-6235
-15156
-6223
-15161
-6212
-15166
-6200
-15170
-6188
-15175
-6177
-15180
-6165
-15184
-6154
-15189
-6142
-15194
-6130
-15198
-6119
-15203
-6107
-15208
-6095
-15213
-6084
-15217
-6072
-15222
-6060
-15226
-6049
-15231
-6037
-15236
-6025
-15240
-6014
-15245
-6002
-15250
-5990
-15254
-5978
-15259
-5967
-15263
-5955
-15268
-5943
-15272
-5932
-15277
-5920
-15282
-5908
-15286
-5896
-15291
-5885
-15295
-5873
-15300
-5861
-15304
-5850
-15309
-5838
-15313
-5826
-15318
-5814
-15322
-5802
-15326
-5791
-15331
-5779
-15335
-5767
-15340
-5756
-15344
-5744
-15348
-5732
-15353
-5720
-15357
-5708
-15362
-5697
-15366
-5685
-15370
-5673
-15375
-5661
-15379
-5650
-15383
-5638
-15388
-5626
-15392
-5614
-15396
-5602
-15401
-5590
-15405
-5579
-15409
-5567
-15414
-5555
-15418
-5543
-15422
-5531
-15426
-5520
-15430
-5508
-15435
-5496
-15439
-5484
-15443
-5472
-15447
-5460
-15451
-5448
-15456
-5437
-15460
-5425
-15464
-5413
-15468
-5401
-15472
-5389
-15476
-5377
-15480
-5366
-15485
-5354
-15489
-5342
-15493
-5330
-15497
-5318
-15501
-5306
-15505
-5294
-15509
-5282
-15513
-5270
-15517
-5258
-15521
-5247
-15525
-5235
-15529
-5223
-15533
-5211
-15537
-5199
-15541
-5187
-15545
-5175
-15549
-5163
-15553
-5151
-15557
-5139
-15561
-5127
-15565
-5115
-15569
-5104
-15573
-5092
-15577
-5080
-15580
-5068
-15584
-5056
-15588
-5044
-15592
-5032
-15596
-5020
-15600
-5008
-15604
-4996
-15608
-4984
-15611
-4972
-15615
-4960
-15619
-4948
-15623
-4936
-15626
-4924
-15630
-4912
-15634
-4900
-15638
-4888
-15642
-4876
-15645
-4864
-15649
-4852
-15653
-4840
-15656
-4828
-15660
-4816
-15664
-4804
-15668
-4792
-15671
-4780
-15675
-4768
-15678
-4756
-15682
-4744
-15686
-4732
-15689
-4720
-15693
-4708
-15697
-4696
-15700
-4684
-15704
-4672
-15707
-4660
-15711
-4648
-15714
-4636
-15718
-4624
-15722
-4612
-15725
-4599
-15729
-4587
-15732
-4575
-15736
-4563
-15739
-4551
-15743
-4539
-15746
-4527
-15750
-4515
-15753
-4503
-15756
-4491
-15760
-4479
-15763
-4467
-15767
-4454
-15770
-4442
-15774
-4430
-15777
-4418
-15780
-4406
-15784
-4394
-15787
-4382
-15790
-4370
-15794
-4358
-15797
-4346
-15800
-4333
-15804
-4321
-15807
-4309
-15810
-4297
-15814
-4285
-15817
-4273
-15820
-4261
-15824
-4248
-15827
-4236
-15830
-4224
-15833
-4212
-15836
-4200
-15840
-4188
-15843
-4176
-15846
-4164
-15849
-4151
-15852
-4139
-15856
-4127
-15859
-4115
-15862
-4103
-15865
-4090
-15868
-4078
-15871
-4066
-15874
-4054
-15878
-4042
-15881
-4030
-15884
-4018
-15887
-4005
-15890
-3993
-15893
-3981
-15896
-3969
-15899
-3956
-15902
-3944
-15905
-3932
-15908
-3920
-15911
-3908
-15914
-3896
-15917
-3883
-15920
-3871
-15923
-3859
-15926
-3847
-15929
-3834
-15932
-3822
-15935
-3810
-15938
-3798
-15941
-3786
-15944
-3773
-15946
-3761
-15949
-3749
-15952
-3737
-15955
-3724
-15958
-3712
-15961
-3700
-15964
-3688
-15966
-3676
-15969
-3663
-15972
-3651
-15975
-3639
-15978
-3626
-15980
-3614
-15983
-3602
-15986
-3590
-15989
-3577
-15991
-3565
-15994
-3553
-15997
-3541
-16000
-3528
-16002
-3516
-16005
-3504
-16008
-3492
-16010
-3479
-16013
-3467
-16016
-3455
-16018
-3442
-16021
-3430
-16024
-3418
-16026
-3406
-16029
-3393
-16031
-3381
-16034
-3369
-16036
-3356
-16039
-3344
-16042
-3332
-16044
-3320
-16047
-3307
-16049
-3295
-16052
-3282
-16054
-3270
-16057
-3258
-16059
-3246
-16062
-3233
-16064
-3221
-16067
-3209
-16069
-3196
-16072
-3184
-16074
-3172
-16076
-3159
-16079
-3147
-16081
-3135
-16084
-3122
-16086
-3110
-16088
-3098
-16091
-3085
-16093
-3073
-16096
-3061
-16098
-3048
-16100
-3036
-16102
-3024
-16105
-3011
-16107
-2999
-16109
-2986
-16112
-2974
-16114
-2962
-16116
-2949
-16118
-2937
-16121
-2925
-16123
-2912
-16125
-2900
-16128
-2888
-16130
-2875
-16132
-2863
-16134
-2850
-16136
-2838
-16138
-2826
-16141
-2813
-16143
-2801
-16145
-2789
-16147
-2776
-16149
-2764
-16151
-2752
-16153
-2739
-16156
-2727
-16158
-2714
-16160
-2702
-16162
-2690
-16164
-2677
-16166
-2665
-16168
-2652
-16170
-2640
-16172
-2628
-16174
-2615
-16176
-2603
-16178
-2590
-16180
-2578
-16182
-2566
-16184
-2553
-16186
-2541
-16188
-2528
-16190
-2516
-16192
-2503
-16194
-2491
-16195
-2478
-16197
-2466
-16199
-2454
-16201
-2441
-16203
-2429
-16205
-2416
-16207
-2404
-16208
-2392
-16210
-2379
-16212
-2367
-16214
-2354
-16216
-2342
-16218
-2329
-16219
-2317
-16221
-2304
-16223
-2292
-16225
-2280
-16226
-2267
-16228
-2255
-16230
-2242
-16232
-2230
-16233
-2217
-16235
-2205
-16237
-2192
-16238
-2180
-16240
-2168
-16242
-2155
-16243
-2143
-16245
-2130
-16246
-2118
-16248
-2105
-16250
-2093
-16251
-2080
-16253
-2068
-16254
-2055
-16256
-2043
-16258
-2030
-16259
-2018
-16261
-2006
-16262
-1993
-16264
-1981
-16265
-1968
-16267
-1956
-16268
-1943
-16270
-1931
-16271
-1918
-16273
-1906
-16274
-1893
-16276
-1881
-16277
-1868
-16278
-1856
-16280
-1843
-16281
-1831
-16283
-1818
-16284
-1806
-16286
-1793
-16287
-1781
-16288
-1768
-16290
-1756
-16291
-1743
-16292
-1731
-16294
-1718
-16295
-1706
-16296
-1693
-16298
-1681
-16299
-1668
-16300
-1656
-16301
-1643
-16302
-1631
-16304
-1618
-16305
-1606
-16306
-1593
-16308
-1581
-16309
-1568
-16310
-1556
-16311
-1543
-16312
-1531
-16313
-1518
-16315
-1506
-16316
-1493
-16317
-1481
-16318
-1468
-16319
-1456
-16320
-1443
-16321
-1431
-16322
-1418
-16324
-1406
-16325
-1393
-16326
-1381
-16327
-1368
-16328
-1356
-16329
-1343
-16330
-1330
-16331
-1318
-16332
-1306
-16333
-1293
-16334
-1280
-16335
-1268
-16336
-1255
-16337
-1243
-16338
-1230
-16339
-1218
-16340
-1205
-16340
-1193
-16341
-1180
-16342
-1168
-16343
-1155
-16344
-1142
-16345
-1130
-16346
-1118
-16347
-1105
-16348
-1092
-16348
-1080
-16349
-1067
-16350
-1055
-16351
-1042
-16352
-1030
-16352
-1017
-16353
-1005
-16354
-992
-16355
-980
-16355
-967
-16356
-954
-16357
-942
-16358
-929
-16358
-917
-16359
-904
-16360
-892
-16360
-879
-16361
-867
-16362
-854
-16362
-842
-16363
-829
-16364
-816
-16364
-804
-16365
-791
-16365
-779
-16366
-766
-16367
-754
-16367
-741
-16368
-728
-16368
-716
-16369
-704
-16369
-691
-16370
-678
-16370
-666
-16371
-653
-16371
-641
-16372
-628
-16372
-616
-16373
-603
-16373
-590
-16374
-578
-16374
-565
-16375
-553
-16375
-540
-16375
-528
-16376
-515
-16376
-502
-16377
-490
-16377
-477
-16377
-465
-16378
-452
-16378
-440
-16378
-427
-16379
-415
-16379
-402
-16379
-390
-16380
-377
-16380
-364
-16380
-352
-16380
-339
-16381
-327
-16381
-314
-16381
-302
-16381
-289
-16382
-276
-16382
-264
-16382
-251
-16382
-239
-16382
-226
-16382
-214
-16383
-201
-16383
-188
-16383
-176
-16383
-163
-16383
-151
-16383
-138
-16384
-126
-16384
-113
-16384
-100
-16384
-88
-16384
-75
-16384
-63
-16384
-50
-16384
-38
-16384
-25
-16384
-12
