8388607
0
8388568
-25736
8388450
-51472
8388253
-77207
8387976
-102941
8387621
-128674
8387187
-154407
8386674
-180138
8386082
-205867
8385410
-231594
8384660
-257319
8383832
-283041
8382924
-308761
8381937
-334478
8380871
-360192
8379727
-385903
8378504
-411609
8377201
-437312
8375820
-463011
8374360
-488706
8372822
-514396
8371204
-540081
8369508
-565760
8367732
-591435
8365879
-617104
8363946
-642768
8361935
-668425
8359845
-694076
8357676
-719720
8355428
-745358
8353102
-770988
8350698
-796612
8348214
-822227
8345653
-847835
8343012
-873436
8340293
-899027
8337496
-924611
8334620
-950186
8331666
-975751
8328633
-1001308
8325522
-1026855
8322332
-1052393
8319064
-1077920
8315718
-1103438
8312294
-1128945
8308791
-1154441
8305210
-1179927
8301551
-1205401
8297814
-1230864
8293999
-1256316
8290105
-1281756
8286134
-1307183
8282084
-1332599
8277957
-1358001
8273752
-1383392
8269469
-1408768
8265108
-1434132
8260669
-1459482
8256153
-1484819
8251558
-1510142
8246886
-1535450
8242137
-1560744
8237310
-1586023
8232405
-1611287
8227423
-1636536
8222364
-1661770
8217227
-1686988
8212012
-1712190
8206721
-1737376
8201352
-1762546
8195906
-1787699
8190383
-1812835
8184783
-1837954
8179105
-1863056
8173351
-1888141
8167520
-1913207
8161612
-1938256
8155627
-1963286
8149565
-1988298
8143427
-2013291
8137212
-2038265
8130920
-2063220
8124552
-2088156
8118108
-2113072
8111586
-2137968
8104989
-2162844
8098316
-2187700
8091566
-2212534
8084740
-2237349
8077837
-2262142
8070859
-2286914
8063805
-2311664
8056675
-2336392
8049469
-2361099
8042188
-2385783
8034830
-2410445
8027397
-2435084
8019889
-2459700
8012305
-2484294
8004645
-2508863
7996911
-2533410
7989101
-2557932
7981215
-2582430
7973255
-2606904
7965220
-2631353
7957109
-2655778
7948924
-2680177
7940664
-2704552
7932329
-2728900
7923920
-2753224
7915436
-2777521
7906877
-2801792
7898244
-2826037
7889537
-2850255
7880755
-2874446
7871899
-2898611
7862970
-2922748
7853966
-2946857
7844888
-2970939
7835736
-2994993
7826511
-3019018
7817212
-3043016
7807839
-3066984
7798393
-3090924
7788874
-3114834
7779281
-3138716
7769615
-3162567
7759875
-3186389
7750063
-3210181
7740178
-3233943
7730220
-3257674
7720189
-3281375
7710086
-3305045
7699910
-3328683
7689661
-3352291
7679340
-3375866
7668947
-3399410
7658482
-3422922
7647944
-3446402
7637335
-3469850
7626654
-3493264
7615901
-3516646
7605076
-3539995
7594180
-3563310
7583212
-3586592
7572172
-3609840
7561062
-3633054
7549880
-3656234
7538628
-3679380
7527304
-3702490
7515910
-3725566
7504444
-3748608
7492908
-3771613
7481302
-3794583
7469625
-3817518
7457878
-3840416
7446061
-3863279
7434173
-3886105
7422216
-3908894
7410189
-3931647
7398092
-3954362
7385925
-3977041
7373689
-3999682
7361383
-4022285
7349008
-4044851
7336564
-4067378
7324052
-4089867
7311470
-4112318
7298819
-4134730
7286099
-4157103
7273311
-4179436
7260454
-4201731
7247530
-4223986
7234536
-4246201
7221475
-4268376
7208346
-4290512
7195149
-4312606
7181884
-4334660
7168552
-4356674
7155152
-4378646
7141685
-4400577
7128150
-4422467
7114549
-4444315
7100881
-4466121
7087145
-4487885
7073343
-4509607
7059475
-4531287
7045540
-4552924
7031538
-4574518
7017471
-4596068
7003337
-4617576
6989138
-4639040
6974873
-4660461
6960542
-4681838
6946145
-4703170
6931683
-4724458
6917156
-4745702
6902564
-4766902
6887907
-4788056
6873185
-4809165
6858398
-4830229
6843547
-4851248
6828632
-4872220
6813652
-4893148
6798608
-4914028
6783500
-4934863
6768328
-4955652
6753092
-4976393
6737793
-4997088
6722430
-5017736
6707005
-5038336
6691516
-5058889
6675964
-5079395
6660349
-5099852
6644672
-5120262
6628932
-5140624
6613129
-5160937
6597264
-5181201
6581338
-5201417
6565349
-5221584
6549298
-5241701
6533186
-5261770
6517013
-5281788
6500778
-5301757
6484482
-5321676
6468124
-5341546
6451706
-5361364
6435228
-5381133
6418688
-5400850
6402088
-5420517
6385428
-5440133
6368708
-5459698
6351928
-5479211
6335088
-5498672
6318189
-5518082
6301230
-5537440
6284212
-5556746
6267134
-5576000
6249998
-5595201
6232802
-5614349
6215548
-5633445
6198236
-5652487
6180865
-5671477
6163436
-5690412
6145949
-5709295
6128405
-5728124
6110802
-5746898
6093142
-5765619
6075425
-5784285
6057650
-5802897
6039819
-5821454
6021930
-5839957
6003985
-5858404
5985984
-5876797
5967926
-5895134
5949812
-5913416
5931642
-5931642
5913416
-5949812
5895134
-5967926
5876797
-5985984
5858404
-6003985
5839957
-6021930
5821454
-6039819
5802897
-6057650
5784285
-6075425
5765619
-6093142
5746898
-6110802
5728124
-6128405
5709295
-6145949
5690412
-6163436
5671477
-6180865
5652487
-6198236
5633445
-6215548
5614349
-6232802
5595201
-6249998
5576000
-6267134
5556746
-6284212
5537440
-6301230
5518082
-6318189
5498672
-6335088
5479211
-6351928
5459698
-6368708
5440133
-6385428
5420517
-6402088
5400850
-6418688
5381133
-6435228
5361364
-6451706
5341546
-6468124
5321676
-6484482
5301757
-6500778
5281788
-6517013
5261770
-6533186
5241701
-6549298
5221584
-6565349
5201417
-6581338
5181201
-6597264
5160937
-6613129
5140624
-6628932
5120262
-6644672
5099852
-6660349
5079395
-6675964
5058889
-6691516
5038336
-6707005
5017736
-6722430
4997088
-6737793
4976393
-6753092
4955652
-6768328
4934863
-6783500
4914028
-6798608
4893148
-6813652
4872220
-6828632
4851248
-6843547
4830229
-6858398
4809165
-6873185
4788056
-6887907
4766902
-6902564
4745702
-6917156
4724458
-6931683
4703170
-6946145
4681838
-6960542
4660461
-6974873
4639040
-6989138
4617576
-7003337
4596068
-7017471
4574518
-7031538
4552924
-7045540
4531287
-7059475
4509607
-7073343
4487885
-7087145
4466121
-7100881
4444315
-7114549
4422467
-7128150
4400577
-7141685
4378646
-7155152
4356674
-7168552
4334660
-7181884
4312606
-7195149
4290512
-7208346
4268376
-7221475
4246201
-7234536
4223986
-7247530
4201731
-7260454
4179436
-7273311
4157103
-7286099
4134730
-7298819
4112318
-7311470
4089867
-7324052
4067378
-7336564
4044851
-7349008
4022285
-7361383
3999682
-7373689
3977041
-7385925
3954362
-7398092
3931647
-7410189
3908894
-7422216
3886105
-7434173
3863279
-7446061
3840416
-7457878
3817518
-7469625
3794583
-7481302
3771613
-7492908
3748608
-7504444
3725566
-7515910
3702490
-7527304
3679380
-7538628
3656234
-7549880
3633054
-7561062
3609840
-7572172
3586592
-7583212
3563310
-7594180
3539995
-7605076
3516646
-7615901
3493264
-7626654
3469850
-7637335
3446402
-7647944
3422922
-7658482
3399410
-7668947
3375866
-7679340
3352291
-7689661
3328683
-7699910
3305045
-7710086
3281375
-7720189
3257674
-7730220
3233943
-7740178
3210181
-7750063
3186389
-7759875
3162567
-7769615
3138716
-7779281
3114834
-7788874
3090924
-7798393
3066984
-7807839
3043016
-7817212
3019018
-7826511
2994993
-7835736
2970939
-7844888
2946857
-7853966
2922748
-7862970
2898611
-7871899
2874446
-7880755
2850255
-7889537
2826037
-7898244
2801792
-7906877
2777521
-7915436
2753224
-7923920
2728900
-7932329
2704552
-7940664
2680177
-7948924
2655778
-7957109
2631353
-7965220
2606904
-7973255
2582430
-7981215
2557932
-7989101
2533410
-7996911
2508863
-8004645
2484294
-8012305
2459700
-8019889
2435084
-8027397
2410445
-8034830
2385783
-8042188
2361099
-8049469
2336392
-8056675
2311664
-8063805
2286914
-8070859
2262142
-8077837
2237349
-8084740
2212534
-8091566
2187700
-8098316
2162844
-8104989
2137968
-8111586
2113072
-8118108
2088156
-8124552
2063220
-8130920
2038265
-8137212
2013291
-8143427
1988298
-8149565
1963286
-8155627
1938256
-8161612
1913207
-8167520
1888141
-8173351
1863056
-8179105
1837954
-8184783
1812835
-8190383
1787699
-8195906
1762546
-8201352
1737376
-8206721
1712190
-8212012
1686988
-8217227
1661770
-8222364
1636536
-8227423
1611287
-8232405
1586023
-8237310
1560744
-8242137
1535450
-8246886
1510142
-8251558
1484819
-8256153
1459482
-8260669
1434132
-8265108
1408768
-8269469
1383392
-8273752
1358001
-8277957
1332599
-8282084
1307183
-8286134
1281756
-8290105
1256316
-8293999
1230864
-8297814
1205401
-8301551
1179927
-8305210
1154441
-8308791
1128945
-8312294
1103438
-8315718
1077920
-8319064
1052393
-8322332
1026855
-8325522
1001308
-8328633
975751
-8331666
950186
-8334620
924611
-8337496
899027
-8340293
873436
-8343012
847835
-8345653
822227
-8348214
796612
-8350698
770988
-8353102
745358
-8355428
719720
-8357676
694076
-8359845
668425
-8361935
642768
-8363946
617104
-8365879
591435
-8367732
565760
-8369508
540081
-8371204
514396
-8372822
488706
-8374360
463011
-8375820
437312
-8377201
411609
-8378504
385903
-8379727
360192
-8380871
334478
-8381937
308761
-8382924
283041
-8383832
257319
-8384660
231594
-8385410
205867
-8386082
180138
-8386674
154407
-8387187
128674
-8387621
102941
-8387976
77207
-8388253
51472
-8388450
25736
-8388568
0
-8388608
-25736
-8388568
-51472
-8388450
-77207
-8388253
-102941
-8387976
-128674
-8387621
-154407
-8387187
-180138
-8386674
-205867
-8386082
-231594
-8385410
-257319
-8384660
-283041
-8383832
-308761
-8382924
-334478
-8381937
-360192
-8380871
-385903
-8379727
-411609
-8378504
-437312
-8377201
-463011
-8375820
-488706
-8374360
-514396
-8372822
-540081
-8371204
-565760
-8369508
-591435
-8367732
-617104
-8365879
-642768
-8363946
-668425
-8361935
-694076
-8359845
-719720
-8357676
-745358
-8355428
-770988
-8353102
-796612
-8350698
-822227
-8348214
-847835
-8345653
-873436
-8343012
-899027
-8340293
-924611
-8337496
-950186
-8334620
-975751
-8331666
-1001308
-8328633
-1026855
-8325522
-1052393
-8322332
-1077920
-8319064
-1103438
-8315718
-1128945
-8312294
-1154441
-8308791
-1179927
-8305210
-1205401
-8301551
-1230864
-8297814
-1256316
-8293999
-1281756
-8290105
-1307183
-8286134
-1332599
-8282084
-1358001
-8277957
-1383392
-8273752
-1408768
-8269469
-1434132
-8265108
-1459482
-8260669
-1484819
-8256153
-1510142
-8251558
-1535450
-8246886
-1560744
-8242137
-1586023
-8237310
-1611287
-8232405
-1636536
-8227423
-1661770
-8222364
-1686988
-8217227
-1712190
-8212012
-1737376
-8206721
-1762546
-8201352
-1787699
-8195906
-1812835
-8190383
-1837954
-8184783
-1863056
-8179105
-1888141
-8173351
-1913207
-8167520
-1938256
-8161612
-1963286
-8155627
-1988298
-8149565
-2013291
-8143427
-2038265
-8137212
-2063220
-8130920
-2088156
-8124552
-2113072
-8118108
-2137968
-8111586
-2162844
-8104989
-2187700
-8098316
-2212534
-8091566
-2237349
-8084740
-2262142
-8077837
-2286914
-8070859
-2311664
-8063805
-2336392
-8056675
-2361099
-8049469
-2385783
-8042188
-2410445
-8034830
-2435084
-8027397
-2459700
-8019889
-2484294
-8012305
-2508863
-8004645
-2533410
-7996911
-2557932
-7989101
-2582430
-7981215
-2606904
-7973255
-2631353
-7965220
-2655778
-7957109
-2680177
-7948924
-2704552
-7940664
-2728900
-7932329
-2753224
-7923920
-2777521
-7915436
-2801792
-7906877
-2826037
-7898244
-2850255
-7889537
-2874446
-7880755
-2898611
-7871899
-2922748
-7862970
-2946857
-7853966
-2970939
-7844888
-2994993
-7835736
-3019018
-7826511
-3043016
-7817212
-3066984
-7807839
-3090924
-7798393
-3114834
-7788874
-3138716
-7779281
-3162567
-7769615
-3186389
-7759875
-3210181
-7750063
-3233943
-7740178
-3257674
-7730220
-3281375
-7720189
-3305045
-7710086
-3328683
-7699910
-3352291
-7689661
-3375866
-7679340
-3399410
-7668947
-3422922
-7658482
-3446402
-7647944
-3469850
-7637335
-3493264
-7626654
-3516646
-7615901
-3539995
-7605076
-3563310
-7594180
-3586592
-7583212
-3609840
-7572172
-3633054
-7561062
-3656234
-7549880
-3679380
-7538628
-3702490
-7527304
-3725566
-7515910
-3748608
-7504444
-3771613
-7492908
-3794583
-7481302
-3817518
-7469625
-3840416
-7457878
-3863279
-7446061
-3886105
-7434173
-3908894
-7422216
-3931647
-7410189
-3954362
-7398092
-3977041
-7385925
-3999682
-7373689
-4022285
-7361383
-4044851
-7349008
-4067378
-7336564
-4089867
-7324052
-4112318
-7311470
-4134730
-7298819
-4157103
-7286099
-4179436
-7273311
-4201731
-7260454
-4223986
-7247530
-4246201
-7234536
-4268376
-7221475
-4290512
-7208346
-4312606
-7195149
-4334660
-7181884
-4356674
-7168552
-4378646
-7155152
-4400577
-7141685
-4422467
-7128150
-4444315
-7114549
-4466121
-7100881
-4487885
-7087145
-4509607
-7073343
-4531287
-7059475
-4552924
-7045540
-4574518
-7031538
-4596068
-7017471
-4617576
-7003337
-4639040
-6989138
-4660461
-6974873
-4681838
-6960542
-4703170
-6946145
-4724458
-6931683
-4745702
-6917156
-4766902
-6902564
-4788056
-6887907
-4809165
-6873185
-4830229
-6858398
-4851248
-6843547
-4872220
-6828632
-4893148
-6813652
-4914028
-6798608
-4934863
-6783500
-4955652
-6768328
-4976393
-6753092
-4997088
-6737793
-5017736
-6722430
-5038336
-6707005
-5058889
-6691516
-5079395
-6675964
-5099852
-6660349
-5120262
-6644672
-5140624
-6628932
-5160937
-6613129
-5181201
-6597264
-5201417
-6581338
-5221584
-6565349
-5241701
-6549298
-5261770
-6533186
-5281788
-6517013
-5301757
-6500778
-5321676
-6484482
-5341546
-6468124
-5361364
-6451706
-5381133
-6435228
-5400850
-6418688
-5420517
-6402088
-5440133
-6385428
-5459698
-6368708
-5479211
-6351928
-5498672
-6335088
-5518082
-6318189
-5537440
-6301230
-5556746
-6284212
-5576000
-6267134
-5595201
-6249998
-5614349
-6232802
-5633445
-6215548
-5652487
-6198236
-5671477
-6180865
-5690412
-6163436
-5709295
-6145949
-5728124
-6128405
-5746898
-6110802
-5765619
-6093142
-5784285
-6075425
-5802897
-6057650
-5821454
-6039819
-5839957
-6021930
-5858404
-6003985
-5876797
-5985984
-5895134
-5967926
-5913416
-5949812
-5931642
-5931642
-5949812
-5913416
-5967926
-5895134
-5985984
-5876797
-6003985
-5858404
-6021930
-5839957
-6039819
-5821454
-6057650
-5802897
-6075425
-5784285
-6093142
-5765619
-6110802
-5746898
-6128405
-5728124
-6145949
-5709295
-6163436
-5690412
-6180865
-5671477
-6198236
-5652487
-6215548
-5633445
-6232802
-5614349
-6249998
-5595201
-6267134
-5576000
-6284212
-5556746
-6301230
-5537440
-6318189
-5518082
-6335088
-5498672
-6351928
-5479211
-6368708
-5459698
-6385428
-5440133
-6402088
-5420517
-6418688
-5400850
-6435228
-5381133
-6451706
-5361364
-6468124
-5341546
-6484482
-5321676
-6500778
-5301757
-6517013
-5281788
-6533186
-5261770
-6549298
-5241701
-6565349
-5221584
-6581338
-5201417
-6597264
-5181201
-6613129
-5160937
-6628932
-5140624
-6644672
-5120262
-6660349
-5099852
-6675964
-5079395
-6691516
-5058889
-6707005
-5038336
-6722430
-5017736
-6737793
-4997088
-6753092
-4976393
-6768328
-4955652
-6783500
-4934863
-6798608
-4914028
-6813652
-4893148
-6828632
-4872220
-6843547
-4851248
-6858398
-4830229
-6873185
-4809165
-6887907
-4788056
-6902564
-4766902
-6917156
-4745702
-6931683
-4724458
-6946145
-4703170
-6960542
-4681838
-6974873
-4660461
-6989138
-4639040
-7003337
-4617576
-7017471
-4596068
-7031538
-4574518
-7045540
-4552924
-7059475
-4531287
-7073343
-4509607
-7087145
-4487885
-7100881
-4466121
-7114549
-4444315
-7128150
-4422467
-7141685
-4400577
-7155152
-4378646
-7168552
-4356674
-7181884
-4334660
-7195149
-4312606
-7208346
-4290512
-7221475
-4268376
-7234536
-4246201
-7247530
-4223986
-7260454
-4201731
-7273311
-4179436
-7286099
-4157103
-7298819
-4134730
-7311470
-4112318
-7324052
-4089867
-7336564
-4067378
-7349008
-4044851
-7361383
-4022285
-7373689
-3999682
-7385925
-3977041
-7398092
-3954362
-7410189
-3931647
-7422216
-3908894
-7434173
-3886105
-7446061
-3863279
-7457878
-3840416
-7469625
-3817518
-7481302
-3794583
-7492908
-3771613
-7504444
-3748608
-7515910
-3725566
-7527304
-3702490
-7538628
-3679380
-7549880
-3656234
-7561062
-3633054
-7572172
-3609840
-7583212
-3586592
-7594180
-3563310
-7605076
-3539995
-7615901
-3516646
-7626654
-3493264
-7637335
-3469850
-7647944
-3446402
-7658482
-3422922
-7668947
-3399410
-7679340
-3375866
-7689661
-3352291
-7699910
-3328683
-7710086
-3305045
-7720189
-3281375
-7730220
-3257674
-7740178
-3233943
-7750063
-3210181
-7759875
-3186389
-7769615
-3162567
-7779281
-3138716
-7788874
-3114834
-7798393
-3090924
-7807839
-3066984
-7817212
-3043016
-7826511
-3019018
-7835736
-2994993
-7844888
-2970939
-7853966
-2946857
-7862970
-2922748
-7871899
-2898611
-7880755
-2874446
-7889537
-2850255
-7898244
-2826037
-7906877
-2801792
-7915436
-2777521
-7923920
-2753224
-7932329
-2728900
-7940664
-2704552
-7948924
-2680177
-7957109
-2655778
-7965220
-2631353
-7973255
-2606904
-7981215
-2582430
-7989101
-2557932
-7996911
-2533410
-8004645
-2508863
-8012305
-2484294
-8019889
-2459700
-8027397
-2435084
-8034830
-2410445
-8042188
-2385783
-8049469
-2361099
-8056675
-2336392
-8063805
-2311664
-8070859
-2286914
-8077837
-2262142
-8084740
-2237349
-8091566
-2212534
-8098316
-2187700
-8104989
-2162844
-8111586
-2137968
-8118108
-2113072
-8124552
-2088156
-8130920
-2063220
-8137212
-2038265
-8143427
-2013291
-8149565
-1988298
-8155627
-1963286
-8161612
-1938256
-8167520
-1913207
-8173351
-1888141
-8179105
-1863056
-8184783
-1837954
-8190383
-1812835
-8195906
-1787699
-8201352
-1762546
-8206721
-1737376
-8212012
-1712190
-8217227
-1686988
-8222364
-1661770
-8227423
-1636536
-8232405
-1611287
-8237310
-1586023
-8242137
-1560744
-8246886
-1535450
-8251558
-1510142
-8256153
-1484819
-8260669
-1459482
-8265108
-1434132
-8269469
-1408768
-8273752
-1383392
-8277957
-1358001
-8282084
-1332599
-8286134
-1307183
-8290105
-1281756
-8293999
-1256316
-8297814
-1230864
-8301551
-1205401
-8305210
-1179927
-8308791
-1154441
-8312294
-1128945
-8315718
-1103438
-8319064
-1077920
-8322332
-1052393
-8325522
-1026855
-8328633
-1001308
-8331666
-975751
-8334620
-950186
-8337496
-924611
-8340293
-899027
-8343012
-873436
-8345653
-847835
-8348214
-822227
-8350698
-796612
-8353102
-770988
-8355428
-745358
-8357676
-719720
-8359845
-694076
-8361935
-668425
-8363946
-642768
-8365879
-617104
-8367732
-591435
-8369508
-565760
-8371204
-540081
-8372822
-514396
-8374360
-488706
-8375820
-463011
-8377201
-437312
-8378504
-411609
-8379727
-385903
-8380871
-360192
-8381937
-334478
-8382924
-308761
-8383832
-283041
-8384660
-257319
-8385410
-231594
-8386082
-205867
-8386674
-180138
-8387187
-154407
-8387621
-128674
-8387976
-102941
-8388253
-77207
-8388450
-51472
-8388568
-25736
