1048575
0
1048575
-804
1048575
-1608
1048573
-2413
1048571
-3217
1048568
-4021
1048565
-4825
1048561
-5630
1048556
-6434
1048551
-7238
1048545
-8042
1048539
-8846
1048532
-9651
1048524
-10455
1048516
-11259
1048506
-12063
1048497
-12868
1048487
-13672
1048476
-14476
1048465
-15280
1048453
-16084
1048440
-16888
1048427
-17692
1048413
-18497
1048398
-19301
1048383
-20105
1048368
-20909
1048351
-21713
1048334
-22517
1048317
-23321
1048298
-24125
1048280
-24929
1048260
-25733
1048240
-26537
1048219
-27341
1048198
-28145
1048176
-28949
1048154
-29753
1048131
-30557
1048107
-31361
1048082
-32165
1048058
-32969
1048032
-33772
1048006
-34576
1047979
-35380
1047952
-36184
1047923
-36988
1047895
-37791
1047865
-38595
1047836
-39399
1047805
-40202
1047774
-41006
1047742
-41810
1047710
-42613
1047677
-43417
1047643
-44220
1047609
-45024
1047574
-45828
1047539
-46631
1047502
-47434
1047466
-48238
1047428
-49041
1047391
-49844
1047352
-50648
1047313
-51451
1047273
-52254
1047233
-53058
1047192
-53861
1047150
-54664
1047108
-55467
1047065
-56270
1047022
-57073
1046978
-57876
1046933
-58679
1046888
-59482
1046842
-60285
1046795
-61088
1046748
-61891
1046700
-62694
1046652
-63497
1046603
-64299
1046553
-65102
1046503
-65905
1046452
-66707
1046400
-67510
1046348
-68313
1046296
-69115
1046242
-69918
1046188
-70720
1046134
-71522
1046079
-72325
1046023
-73127
1045966
-73929
1045910
-74732
1045852
-75534
1045794
-76336
1045735
-77138
1045675
-77940
1045615
-78742
1045554
-79544
1045493
-80346
1045431
-81148
1045369
-81950
1045306
-82751
1045242
-83553
1045177
-84355
1045112
-85156
1045047
-85958
1044980
-86759
1044914
-87561
1044846
-88362
1044778
-89164
1044709
-89965
1044640
-90766
1044570
-91567
1044500
-92368
1044428
-93170
1044357
-93971
1044284
-94772
1044211
-95573
1044138
-96374
1044064
-97174
1043989
-97975
1043913
-98776
1043837
-99576
1043760
-100377
1043683
-101178
1043605
-101978
1043527
-102778
1043448
-103579
1043368
-104379
1043288
-105179
1043206
-105979
1043125
-106780
1043043
-107580
1042960
-108380
1042876
-109179
1042792
-109979
1042708
-110779
1042622
-111579
1042537
-112378
1042450
-113178
1042363
-113978
1042275
-114777
1042187
-115576
1042098
-116376
1042008
-117175
1041918
-117974
1041828
-118773
1041736
-119572
1041644
-120371
1041551
-121170
1041458
-121969
1041364
-122768
1041270
-123566
1041175
-124365
1041079
-125163
1040983
-125962
1040886
-126760
1040788
-127559
1040690
-128357
1040591
-129155
1040492
-129953
1040392
-130751
1040292
-131549
1040190
-132347
1040088
-133145
1039986
-133942
1039883
-134740
1039779
-135538
1039675
-136335
1039570
-137132
1039465
-137930
1039359
-138727
1039252
-139524
1039145
-140321
1039037
-141118
1038928
-141915
1038819
-142712
1038709
-143508
1038599
-144305
1038488
-145102
1038376
-145898
1038264
-146694
1038151
-147491
1038038
-148287
1037924
-149083
1037809
-149879
1037694
-150675
1037578
-151471
1037462
-152267
1037344
-153062
1037227
-153858
1037108
-154654
1036990
-155449
1036870
-156244
1036750
-157039
1036629
-157835
1036508
-158630
1036386
-159424
1036263
-160219
1036140
-161014
1036016
-161809
1035892
-162603
1035767
-163398
1035641
-164192
1035515
-164986
1035388
-165781
1035260
-166575
1035132
-167369
1035004
-168163
1034874
-168956
1034745
-169750
1034614
-170544
1034483
-171337
1034351
-172131
1034219
-172924
1034086
-173717
1033952
-174510
1033818
-175303
1033684
-176096
1033548
-176889
1033412
-177682
1033276
-178474
1033138
-179266
1033001
-180059
1032862
-180851
1032723
-181643
1032584
-182435
1032443
-183227
1032302
-184019
1032161
-184811
1032019
-185602
1031876
-186394
1031733
-187185
1031589
-187976
1031445
-188768
1031300
-189559
1031154
-190350
1031008
-191140
1030861
-191931
1030713
-192722
1030565
-193512
1030416
-194303
1030267
-195093
1030117
-195883
1029967
-196673
1029816
-197463
1029664
-198253
1029511
-199042
1029358
-199832
1029205
-200622
1029051
-201411
1028896
-202200
1028740
-202989
1028584
-203778
1028428
-204567
1028271
-205356
1028113
-206144
1027954
-206933
1027795
-207721
1027636
-208509
1027476
-209298
1027315
-210086
1027153
-210873
1026991
-211661
1026829
-212449
1026665
-213236
1026502
-214024
1026337
-214811
1026172
-215598
1026006
-216385
1025840
-217172
1025673
-217959
1025506
-218745
1025338
-219532
1025169
-220318
1025000
-221104
1024830
-221890
1024659
-222676
1024488
-223462
1024316
-224248
1024144
-225034
1023971
-225819
1023798
-226604
1023624
-227390
1023449
-228174
1023274
-228960
1023098
-229744
1022921
-230529
1022744
-231313
1022566
-232098
1022388
-232882
1022209
-233666
1022030
-234450
1021850
-235234
1021669
-236018
1021488
-236801
1021306
-237584
1021123
-238368
1020940
-239151
1020756
-239934
1020572
-240717
1020387
-241499
1020201
-242282
1020015
-243064
1019829
-243847
1019641
-244629
1019453
-245411
1019265
-246192
1019076
-246974
1018886
-247756
1018696
-248537
1018505
-249318
1018313
-250100
1018121
-250880
1017928
-251661
1017735
-252442
1017541
-253222
1017346
-254003
1017151
-254783
1016956
-255563
1016759
-256343
1016562
-257123
1016365
-257902
1016167
-258682
1015968
-259461
1015769
-260240
1015569
-261020
1015368
-261798
1015167
-262577
1014966
-263356
1014763
-264134
1014560
-264912
1014357
-265690
1014153
-266468
1013948
-267246
1013743
-268024
1013537
-268801
1013331
-269578
1013124
-270356
1012916
-271132
1012708
-271909
1012499
-272686
1012289
-273462
1012079
-274239
1011869
-275015
1011658
-275791
1011446
-276567
1011233
-277342
1011020
-278118
1010807
-278893
1010592
-279668
1010378
-280444
1010162
-281218
1009946
-281993
1009730
-282768
1009512
-283542
1009295
-284316
1009076
-285090
1008857
-285864
1008638
-286638
1008418
-287411
1008197
-288185
1007976
-288958
1007754
-289731
1007531
-290504
1007308
-291276
1007084
-292049
1006860
-292821
1006635
-293594
1006410
-294366
1006184
-295137
1005957
-295909
1005730
-296680
1005502
-297452
1005273
-298223
1005044
-298994
1004815
-299765
1004584
-300535
1004354
-301306
1004122
-302076
1003890
-302846
1003658
-303616
1003425
-304386
1003191
-305155
1002956
-305924
1002722
-306694
1002486
-307462
1002250
-308231
1002013
-309000
1001776
-309768
1001538
-310537
1001300
-311305
1001060
-312073
1000821
-312840
1000581
-313608
1000340
-314375
1000098
-315142
999856
-315909
999614
-316676
999371
-317443
999127
-318209
998882
-318975
998638
-319741
998392
-320507
998146
-321273
997899
-322038
997652
-322804
997404
-323569
997156
-324334
996906
-325098
996657
-325863
996407
-326627
996156
-327391
995904
-328155
995652
-328919
995400
-329683
995147
-330446
994893
-331209
994639
-331972
994384
-332735
994128
-333498
993872
-334260
993616
-335022
993358
-335784
993100
-336546
992842
-337308
992583
-338069
992323
-338830
992063
-339591
991802
-340352
991541
-341112
991279
-341873
991017
-342633
990754
-343393
990490
-344153
990226
-344912
989961
-345672
989695
-346431
989429
-347190
989163
-347949
988896
-348707
988628
-349466
988360
-350224
988091
-350982
987821
-351740
987551
-352497
987280
-353254
987009
-354012
986737
-354769
986465
-355525
986192
-356282
985918
-357038
985644
-357794
985370
-358550
985094
-359306
984818
-360061
984542
-360816
984265
-361572
983987
-362326
983709
-363081
983430
-363835
983151
-364590
982871
-365343
982591
-366097
982310
-366851
982028
-367604
981746
-368357
981463
-369110
981180
-369863
980896
-370615
980611
-371367
980326
-372119
980040
-372871
979754
-373623
979467
-374374
979180
-375125
978892
-375876
978603
-376627
978314
-377377
978024
-378128
977734
-378878
977443
-379627
977151
-380377
976859
-381126
976567
-381875
976274
-382624
975980
-383373
975686
-384121
975391
-384870
975095
-385618
974799
-386365
974502
-387113
974205
-387860
973908
-388607
973609
-389354
973310
-390101
973011
-390847
972711
-391594
972410
-392339
972109
-393085
971807
-393831
971505
-394576
971202
-395321
970898
-396066
970594
-396810
970290
-397554
969984
-398299
969679
-399042
969372
-399786
969065
-400530
968758
-401273
968450
-402016
968141
-402758
967832
-403501
967522
-404243
967212
-404985
966901
-405726
966590
-406468
966278
-407209
965965
-407950
965652
-408691
965338
-409432
965024
-410172
964709
-410912
964393
-411652
964077
-412391
963761
-413130
963444
-413870
963126
-414608
962808
-415347
962489
-416085
962169
-416824
961849
-417561
961529
-418299
961208
-419036
960886
-419773
960564
-420510
960241
-421247
959918
-421983
959594
-422719
959269
-423455
958944
-424191
958618
-424926
958292
-425661
957965
-426396
957638
-427131
957310
-427865
956982
-428599
956653
-429333
956323
-430067
955993
-430800
955662
-431533
955331
-432266
954999
-432999
954667
-433731
954334
-434463
954000
-435195
953666
-435927
953332
-436658
952996
-437389
952661
-438120
952324
-438850
951988
-439581
951650
-440311
951312
-441040
950974
-441770
950634
-442499
950295
-443228
949954
-443957
949614
-444686
949272
-445414
948930
-446142
948588
-446869
948245
-447597
947901
-448324
947557
-449051
947213
-449778
946867
-450504
946522
-451230
946175
-451956
945828
-452681
945481
-453407
945133
-454132
944784
-454856
944435
-455581
944085
-456305
943735
-457029
943384
-457753
943033
-458476
942681
-459200
942328
-459922
941975
-460645
941622
-461367
941268
-462090
940913
-462811
940558
-463533
940202
-464254
939846
-464975
939489
-465696
939131
-466416
938773
-467136
938415
-467856
938056
-468576
937696
-469295
937336
-470014
936975
-470733
936614
-471452
936252
-472170
935889
-472888
935526
-473606
935163
-474323
934799
-475040
934434
-475757
934069
-476473
933703
-477190
933337
-477906
932970
-478621
932603
-479337
932235
-480052
931866
-480767
931497
-481482
931128
-482196
930758
-482910
930387
-483624
930016
-484337
929644
-485050
929272
-485763
928899
-486476
928525
-487188
928151
-487900
927777
-488612
927402
-489323
927026
-490034
926650
-490745
926274
-491456
925896
-492166
925518
-492876
925140
-493586
924761
-494295
924382
-495004
924002
-495713
923622
-496422
923241
-497130
922859
-497838
922477
-498546
922094
-499253
921711
-499960
921327
-500667
920943
-501374
920558
-502080
920173
-502786
919787
-503491
919400
-504196
919014
-504902
918626
-505606
918238
-506311
917849
-507015
917460
-507719
917070
-508422
916680
-509125
916290
-509828
915898
-510531
915506
-511233
915114
-511935
914721
-512637
914328
-513338
913934
-514040
913539
-514740
913144
-515441
912748
-516141
912352
-516841
911956
-517541
911558
-518240
911161
-518939
910762
-519638
910364
-520336
909964
-521034
909564
-521732
909164
-522430
908763
-523127
908361
-523824
907959
-524520
907557
-525216
907154
-525912
906750
-526608
906346
-527303
905941
-527998
905536
-528693
905130
-529387
904724
-530081
904317
-530775
903910
-531468
903502
-532162
903093
-532854
902684
-533547
902275
-534239
901865
-534931
901454
-535623
901043
-536314
900632
-537005
900220
-537696
899807
-538386
899394
-539076
898980
-539765
898566
-540455
898151
-541144
897736
-541832
897320
-542521
896903
-543209
896486
-543897
896069
-544584
895651
-545271
895232
-545958
894814
-546644
894394
-547331
893974
-548016
893553
-548702
893132
-549387
892710
-550072
892288
-550757
891866
-551441
891442
-552125
891019
-552808
890594
-553492
890170
-554174
889744
-554857
889319
-555539
888892
-556221
888465
-556903
888038
-557584
887610
-558265
887182
-558946
886753
-559626
886323
-560306
885893
-560986
885463
-561665
885032
-562344
884600
-563022
884168
-563701
883735
-564379
883302
-565056
882868
-565734
882434
-566411
882000
-567087
881564
-567764
881129
-568440
880692
-569115
880256
-569791
879818
-570466
879381
-571140
878942
-571815
878503
-572489
878064
-573162
877624
-573836
877184
-574508
876743
-575181
876302
-575853
875860
-576525
875417
-577197
874974
-577868
874531
-578539
874087
-579210
873642
-579880
873197
-580550
872752
-581220
872306
-581889
871859
-582558
871412
-583226
870964
-583894
870516
-584562
870068
-585230
869618
-585897
869169
-586564
868719
-587230
868268
-587896
867817
-588562
867365
-589227
866913
-589892
866460
-590557
866007
-591222
865554
-591886
865099
-592549
864644
-593213
864189
-593876
863734
-594538
863277
-595201
862820
-595863
862363
-596524
861905
-597186
861447
-597846
860988
-598507
860529
-599167
860069
-599827
859609
-600486
859148
-601146
858687
-601804
858225
-602463
857763
-603121
857300
-603779
856836
-604436
856372
-605093
855908
-605750
855443
-606406
854978
-607062
854512
-607717
854046
-608373
853579
-609028
853112
-609682
852644
-610336
852175
-610990
851706
-611643
851237
-612296
850767
-612949
850297
-613602
849826
-614254
849354
-614905
848883
-615556
848410
-616207
847937
-616858
847464
-617508
846990
-618158
846516
-618807
846041
-619456
845566
-620105
845090
-620754
844613
-621402
844136
-622049
843659
-622696
843181
-623343
842703
-623990
842224
-624636
841745
-625282
841265
-625927
840785
-626572
840304
-627217
839822
-627861
839341
-628505
838858
-629149
838376
-629792
837892
-630435
837408
-631077
836924
-631719
836439
-632361
835954
-633002
835468
-633643
834982
-634284
834495
-634924
834008
-635564
833520
-636204
833032
-636843
832544
-637482
832054
-638120
831565
-638758
831074
-639396
830584
-640033
830093
-640670
829601
-641306
829109
-641942
828616
-642578
828123
-643213
827630
-643848
827136
-644483
826641
-645117
826146
-645751
825650
-646384
825154
-647017
824658
-647650
824161
-648282
823664
-648914
823166
-649546
822667
-650177
822168
-650808
821669
-651438
821169
-652068
820669
-652698
820168
-653327
819666
-653956
819164
-654584
818662
-655213
818160
-655840
817656
-656468
817152
-657095
816648
-657721
816144
-658347
815638
-658973
815133
-659598
814626
-660224
814120
-660848
813613
-661472
813105
-662096
812597
-662720
812089
-663343
811580
-663965
811070
-664588
810560
-665210
810050
-665831
809539
-666452
809027
-667073
808516
-667693
808003
-668313
807490
-668933
806977
-669552
806463
-670170
805949
-670789
805434
-671407
804919
-672024
804403
-672642
803887
-673258
803371
-673875
802854
-674491
802336
-675106
801818
-675721
801299
-676336
800780
-676951
800261
-677565
799741
-678178
799221
-678791
798700
-679404
798178
-680017
797657
-680629
797134
-681240
796612
-681851
796088
-682462
795565
-683072
795041
-683682
794516
-684292
793991
-684901
793465
-685510
792939
-686118
792413
-686726
791886
-687334
791359
-687941
790831
-688548
790302
-689154
789774
-689760
789244
-690366
788714
-690971
788184
-691576
787654
-692180
787122
-692784
786591
-693387
786059
-693990
785526
-694593
784993
-695196
784460
-695797
783926
-696399
783392
-697000
782857
-697601
782322
-698201
781786
-698801
781250
-699400
780713
-699999
780176
-700598
779638
-701196
779100
-701794
778562
-702391
778023
-702988
777483
-703584
776944
-704180
776403
-704776
775862
-705372
775321
-705966
774780
-706561
774237
-707155
773695
-707748
773152
-708342
772608
-708934
772064
-709527
771520
-710119
770975
-710710
770430
-711302
769884
-711892
769338
-712482
768791
-713072
768244
-713662
767696
-714251
767148
-714840
766600
-715428
766050
-716015
765501
-716603
764951
-717190
764401
-717776
763850
-718362
763299
-718948
762747
-719533
762195
-720118
761643
-720702
761090
-721286
760536
-721870
759982
-722453
759428
-723036
758873
-723618
758318
-724200
757762
-724781
757206
-725362
756650
-725943
756093
-726523
755535
-727102
754977
-727682
754419
-728261
753860
-728839
753301
-729417
752741
-729995
752181
-730572
751620
-731148
751060
-731725
750498
-732300
749936
-732876
749374
-733451
748811
-734026
748248
-734600
747684
-735173
747120
-735746
746556
-736319
745991
-736892
745425
-737464
744859
-738035
744293
-738606
743726
-739177
743159
-739747
742592
-740317
742024
-740886
741455
-741455
740886
-742024
740317
-742592
739747
-743159
739177
-743726
738606
-744293
738035
-744859
737464
-745425
736892
-745991
736319
-746556
735746
-747120
735173
-747684
734600
-748248
734026
-748811
733451
-749374
732876
-749936
732300
-750498
731725
-751060
731148
-751620
730572
-752181
729995
-752741
729417
-753301
728839
-753860
728261
-754419
727682
-754977
727102
-755535
726523
-756093
725943
-756650
725362
-757206
724781
-757762
724200
-758318
723618
-758873
723036
-759428
722453
-759982
721870
-760536
721286
-761090
720702
-761643
720118
-762195
719533
-762747
718948
-763299
718362
-763850
717776
-764401
717190
-764951
716603
-765501
716015
-766050
715428
-766600
714840
-767148
714251
-767696
713662
-768244
713072
-768791
712482
-769338
711892
-769884
711302
-770430
710710
-770975
710119
-771520
709527
-772064
708934
-772608
708342
-773152
707748
-773695
707155
-774237
706561
-774780
705966
-775321
705372
-775862
704776
-776403
704180
-776944
703584
-777483
702988
-778023
702391
-778562
701794
-779100
701196
-779638
700598
-780176
699999
-780713
699400
-781250
698801
-781786
698201
-782322
697601
-782857
697000
-783392
696399
-783926
695797
-784460
695196
-784993
694593
-785526
693990
-786059
693387
-786591
692784
-787122
692180
-787654
691576
-788184
690971
-788714
690366
-789244
689760
-789774
689154
-790302
688548
-790831
687941
-791359
687334
-791886
686726
-792413
686118
-792939
685510
-793465
684901
-793991
684292
-794516
683682
-795041
683072
-795565
682462
-796088
681851
-796612
681240
-797134
680629
-797657
680017
-798178
679404
-798700
678791
-799221
678178
-799741
677565
-800261
676951
-800780
676336
-801299
675721
-801818
675106
-802336
674491
-802854
673875
-803371
673258
-803887
672642
-804403
672024
-804919
671407
-805434
670789
-805949
670170
-806463
669552
-806977
668933
-807490
668313
-808003
667693
-808516
667073
-809027
666452
-809539
665831
-810050
665210
-810560
664588
-811070
663965
-811580
663343
-812089
662720
-812597
662096
-813105
661472
-813613
660848
-814120
660224
-814626
659598
-815133
658973
-815638
658347
-816144
657721
-816648
657095
-817152
656468
-817656
655840
-818160
655213
-818662
654584
-819164
653956
-819666
653327
-820168
652698
-820669
652068
-821169
651438
-821669
650808
-822168
650177
-822667
649546
-823166
648914
-823664
648282
-824161
647650
-824658
647017
-825154
646384
-825650
645751
-826146
645117
-826641
644483
-827136
643848
-827630
643213
-828123
642578
-828616
641942
-829109
641306
-829601
640670
-830093
640033
-830584
639396
-831074
638758
-831565
638120
-832054
637482
-832544
636843
-833032
636204
-833520
635564
-834008
634924
-834495
634284
-834982
633643
-835468
633002
-835954
632361
-836439
631719
-836924
631077
-837408
630435
-837892
629792
-838376
629149
-838858
628505
-839341
627861
-839822
627217
-840304
626572
-840785
625927
-841265
625282
-841745
624636
-842224
623990
-842703
623343
-843181
622696
-843659
622049
-844136
621402
-844613
620754
-845090
620105
-845566
619456
-846041
618807
-846516
618158
-846990
617508
-847464
616858
-847937
616207
-848410
615556
-848883
614905
-849354
614254
-849826
613602
-850297
612949
-850767
612296
-851237
611643
-851706
610990
-852175
610336
-852644
609682
-853112
609028
-853579
608373
-854046
607717
-854512
607062
-854978
606406
-855443
605750
-855908
605093
-856372
604436
-856836
603779
-857300
603121
-857763
602463
-858225
601804
-858687
601146
-859148
600486
-859609
599827
-860069
599167
-860529
598507
-860988
597846
-861447
597186
-861905
596524
-862363
595863
-862820
595201
-863277
594538
-863734
593876
-864189
593213
-864644
592549
-865099
591886
-865554
591222
-866007
590557
-866460
589892
-866913
589227
-867365
588562
-867817
587896
-868268
587230
-868719
586564
-869169
585897
-869618
585230
-870068
584562
-870516
583894
-870964
583226
-871412
582558
-871859
581889
-872306
581220
-872752
580550
-873197
579880
-873642
579210
-874087
578539
-874531
577868
-874974
577197
-875417
576525
-875860
575853
-876302
575181
-876743
574508
-877184
573836
-877624
573162
-878064
572489
-878503
571815
-878942
571140
-879381
570466
-879818
569791
-880256
569115
-880692
568440
-881129
567764
-881564
567087
-882000
566411
-882434
565734
-882868
565056
-883302
564379
-883735
563701
-884168
563022
-884600
562344
-885032
561665
-885463
560986
-885893
560306
-886323
559626
-886753
558946
-887182
558265
-887610
557584
-888038
556903
-888465
556221
-888892
555539
-889319
554857
-889744
554174
-890170
553492
-890594
552808
-891019
552125
-891442
551441
-891866
550757
-892288
550072
-892710
549387
-893132
548702
-893553
548016
-893974
547331
-894394
546644
-894814
545958
-895232
545271
-895651
544584
-896069
543897
-896486
543209
-896903
542521
-897320
541832
-897736
541144
-898151
540455
-898566
539765
-898980
539076
-899394
538386
-899807
537696
-900220
537005
-900632
536314
-901043
535623
-901454
534931
-901865
534239
-902275
533547
-902684
532854
-903093
532162
-903502
531468
-903910
530775
-904317
530081
-904724
529387
-905130
528693
-905536
527998
-905941
527303
-906346
526608
-906750
525912
-907154
525216
-907557
524520
-907959
523824
-908361
523127
-908763
522430
-909164
521732
-909564
521034
-909964
520336
-910364
519638
-910762
518939
-911161
518240
-911558
517541
-911956
516841
-912352
516141
-912748
515441
-913144
514740
-913539
514040
-913934
513338
-914328
512637
-914721
511935
-915114
511233
-915506
510531
-915898
509828
-916290
509125
-916680
508422
-917070
507719
-917460
507015
-917849
506311
-918238
505606
-918626
504902
-919014
504196
-919400
503491
-919787
502786
-920173
502080
-920558
501374
-920943
500667
-921327
499960
-921711
499253
-922094
498546
-922477
497838
-922859
497130
-923241
496422
-923622
495713
-924002
495004
-924382
494295
-924761
493586
-925140
492876
-925518
492166
-925896
491456
-926274
490745
-926650
490034
-927026
489323
-927402
488612
-927777
487900
-928151
487188
-928525
486476
-928899
485763
-929272
485050
-929644
484337
-930016
483624
-930387
482910
-930758
482196
-931128
481482
-931497
480767
-931866
480052
-932235
479337
-932603
478621
-932970
477906
-933337
477190
-933703
476473
-934069
475757
-934434
475040
-934799
474323
-935163
473606
-935526
472888
-935889
472170
-936252
471452
-936614
470733
-936975
470014
-937336
469295
-937696
468576
-938056
467856
-938415
467136
-938773
466416
-939131
465696
-939489
464975
-939846
464254
-940202
463533
-940558
462811
-940913
462090
-941268
461367
-941622
460645
-941975
459922
-942328
459200
-942681
458476
-943033
457753
-943384
457029
-943735
456305
-944085
455581
-944435
454856
-944784
454132
-945133
453407
-945481
452681
-945828
451956
-946175
451230
-946522
450504
-946867
449778
-947213
449051
-947557
448324
-947901
447597
-948245
446869
-948588
446142
-948930
445414
-949272
444686
-949614
443957
-949954
443228
-950295
442499
-950634
441770
-950974
441040
-951312
440311
-951650
439581
-951988
438850
-952324
438120
-952661
437389
-952996
436658
-953332
435927
-953666
435195
-954000
434463
-954334
433731
-954667
432999
-954999
432266
-955331
431533
-955662
430800
-955993
430067
-956323
429333
-956653
428599
-956982
427865
-957310
427131
-957638
426396
-957965
425661
-958292
424926
-958618
424191
-958944
423455
-959269
422719
-959594
421983
-959918
421247
-960241
420510
-960564
419773
-960886
419036
-961208
418299
-961529
417561
-961849
416824
-962169
416085
-962489
415347
-962808
414608
-963126
413870
-963444
413130
-963761
412391
-964077
411652
-964393
410912
-964709
410172
-965024
409432
-965338
408691
-965652
407950
-965965
407209
-966278
406468
-966590
405726
-966901
404985
-967212
404243
-967522
403501
-967832
402758
-968141
402016
-968450
401273
-968758
400530
-969065
399786
-969372
399042
-969679
398299
-969984
397554
-970290
396810
-970594
396066
-970898
395321
-971202
394576
-971505
393831
-971807
393085
-972109
392339
-972410
391594
-972711
390847
-973011
390101
-973310
389354
-973609
388607
-973908
387860
-974205
387113
-974502
386365
-974799
385618
-975095
384870
-975391
384121
-975686
383373
-975980
382624
-976274
381875
-976567
381126
-976859
380377
-977151
379627
-977443
378878
-977734
378128
-978024
377377
-978314
376627
-978603
375876
-978892
375125
-979180
374374
-979467
373623
-979754
372871
-980040
372119
-980326
371367
-980611
370615
-980896
369863
-981180
369110
-981463
368357
-981746
367604
-982028
366851
-982310
366097
-982591
365343
-982871
364590
-983151
363835
-983430
363081
-983709
362326
-983987
361572
-984265
360816
-984542
360061
-984818
359306
-985094
358550
-985370
357794
-985644
357038
-985918
356282
-986192
355525
-986465
354769
-986737
354012
-987009
353254
-987280
352497
-987551
351740
-987821
350982
-988091
350224
-988360
349466
-988628
348707
-988896
347949
-989163
347190
-989429
346431
-989695
345672
-989961
344912
-990226
344153
-990490
343393
-990754
342633
-991017
341873
-991279
341112
-991541
340352
-991802
339591
-992063
338830
-992323
338069
-992583
337308
-992842
336546
-993100
335784
-993358
335022
-993616
334260
-993872
333498
-994128
332735
-994384
331972
-994639
331209
-994893
330446
-995147
329683
-995400
328919
-995652
328155
-995904
327391
-996156
326627
-996407
325863
-996657
325098
-996906
324334
-997156
323569
-997404
322804
-997652
322038
-997899
321273
-998146
320507
-998392
319741
-998638
318975
-998882
318209
-999127
317443
-999371
316676
-999614
315909
-999856
315142
-1000098
314375
-1000340
313608
-1000581
312840
-1000821
312073
-1001060
311305
-1001300
310537
-1001538
309768
-1001776
309000
-1002013
308231
-1002250
307462
-1002486
306694
-1002722
305924
-1002956
305155
-1003191
304386
-1003425
303616
-1003658
302846
-1003890
302076
-1004122
301306
-1004354
300535
-1004584
299765
-1004815
298994
-1005044
298223
-1005273
297452
-1005502
296680
-1005730
295909
-1005957
295137
-1006184
294366
-1006410
293594
-1006635
292821
-1006860
292049
-1007084
291276
-1007308
290504
-1007531
289731
-1007754
288958
-1007976
288185
-1008197
287411
-1008418
286638
-1008638
285864
-1008857
285090
-1009076
284316
-1009295
283542
-1009512
282768
-1009730
281993
-1009946
281218
-1010162
280444
-1010378
279668
-1010592
278893
-1010807
278118
-1011020
277342
-1011233
276567
-1011446
275791
-1011658
275015
-1011869
274239
-1012079
273462
-1012289
272686
-1012499
271909
-1012708
271132
-1012916
270356
-1013124
269578
-1013331
268801
-1013537
268024
-1013743
267246
-1013948
266468
-1014153
265690
-1014357
264912
-1014560
264134
-1014763
263356
-1014966
262577
-1015167
261798
-1015368
261020
-1015569
260240
-1015769
259461
-1015968
258682
-1016167
257902
-1016365
257123
-1016562
256343
-1016759
255563
-1016956
254783
-1017151
254003
-1017346
253222
-1017541
252442
-1017735
251661
-1017928
250880
-1018121
250100
-1018313
249318
-1018505
248537
-1018696
247756
-1018886
246974
-1019076
246192
-1019265
245411
-1019453
244629
-1019641
243847
-1019829
243064
-1020015
242282
-1020201
241499
-1020387
240717
-1020572
239934
-1020756
239151
-1020940
238368
-1021123
237584
-1021306
236801
-1021488
236018
-1021669
235234
-1021850
234450
-1022030
233666
-1022209
232882
-1022388
232098
-1022566
231313
-1022744
230529
-1022921
229744
-1023098
228960
-1023274
228174
-1023449
227390
-1023624
226604
-1023798
225819
-1023971
225034
-1024144
224248
-1024316
223462
-1024488
222676
-1024659
221890
-1024830
221104
-1025000
220318
-1025169
219532
-1025338
218745
-1025506
217959
-1025673
217172
-1025840
216385
-1026006
215598
-1026172
214811
-1026337
214024
-1026502
213236
-1026665
212449
-1026829
211661
-1026991
210873
-1027153
210086
-1027315
209298
-1027476
208509
-1027636
207721
-1027795
206933
-1027954
206144
-1028113
205356
-1028271
204567
-1028428
203778
-1028584
202989
-1028740
202200
-1028896
201411
-1029051
200622
-1029205
199832
-1029358
199042
-1029511
198253
-1029664
197463
-1029816
196673
-1029967
195883
-1030117
195093
-1030267
194303
-1030416
193512
-1030565
192722
-1030713
191931
-1030861
191140
-1031008
190350
-1031154
189559
-1031300
188768
-1031445
187976
-1031589
187185
-1031733
186394
-1031876
185602
-1032019
184811
-1032161
184019
-1032302
183227
-1032443
182435
-1032584
181643
-1032723
180851
-1032862
180059
-1033001
179266
-1033138
178474
-1033276
177682
-1033412
176889
-1033548
176096
-1033684
175303
-1033818
174510
-1033952
173717
-1034086
172924
-1034219
172131
-1034351
171337
-1034483
170544
-1034614
169750
-1034745
168956
-1034874
168163
-1035004
167369
-1035132
166575
-1035260
165781
-1035388
164986
-1035515
164192
-1035641
163398
-1035767
162603
-1035892
161809
-1036016
161014
-1036140
160219
-1036263
159424
-1036386
158630
-1036508
157835
-1036629
157039
-1036750
156244
-1036870
155449
-1036990
154654
-1037108
153858
-1037227
153062
-1037344
152267
-1037462
151471
-1037578
150675
-1037694
149879
-1037809
149083
-1037924
148287
-1038038
147491
-1038151
146694
-1038264
145898
-1038376
145102
-1038488
144305
-1038599
143508
-1038709
142712
-1038819
141915
-1038928
141118
-1039037
140321
-1039145
139524
-1039252
138727
-1039359
137930
-1039465
137132
-1039570
136335
-1039675
135538
-1039779
134740
-1039883
133942
-1039986
133145
-1040088
132347
-1040190
131549
-1040292
130751
-1040392
129953
-1040492
129155
-1040591
128357
-1040690
127559
-1040788
126760
-1040886
125962
-1040983
125163
-1041079
124365
-1041175
123566
-1041270
122768
-1041364
121969
-1041458
121170
-1041551
120371
-1041644
119572
-1041736
118773
-1041828
117974
-1041918
117175
-1042008
116376
-1042098
115576
-1042187
114777
-1042275
113978
-1042363
113178
-1042450
112378
-1042537
111579
-1042622
110779
-1042708
109979
-1042792
109179
-1042876
108380
-1042960
107580
-1043043
106780
-1043125
105979
-1043206
105179
-1043288
104379
-1043368
103579
-1043448
102778
-1043527
101978
-1043605
101178
-1043683
100377
-1043760
99576
-1043837
98776
-1043913
97975
-1043989
97174
-1044064
96374
-1044138
95573
-1044211
94772
-1044284
93971
-1044357
93170
-1044428
92368
-1044500
91567
-1044570
90766
-1044640
89965
-1044709
89164
-1044778
88362
-1044846
87561
-1044914
86759
-1044980
85958
-1045047
85156
-1045112
84355
-1045177
83553
-1045242
82751
-1045306
81950
-1045369
81148
-1045431
80346
-1045493
79544
-1045554
78742
-1045615
77940
-1045675
77138
-1045735
76336
-1045794
75534
-1045852
74732
-1045910
73929
-1045966
73127
-1046023
72325
-1046079
71522
-1046134
70720
-1046188
69918
-1046242
69115
-1046296
68313
-1046348
67510
-1046400
66707
-1046452
65905
-1046503
65102
-1046553
64299
-1046603
63497
-1046652
62694
-1046700
61891
-1046748
61088
-1046795
60285
-1046842
59482
-1046888
58679
-1046933
57876
-1046978
57073
-1047022
56270
-1047065
55467
-1047108
54664
-1047150
53861
-1047192
53058
-1047233
52254
-1047273
51451
-1047313
50648
-1047352
49844
-1047391
49041
-1047428
48238
-1047466
47434
-1047502
46631
-1047539
45828
-1047574
45024
-1047609
44220
-1047643
43417
-1047677
42613
-1047710
41810
-1047742
41006
-1047774
40202
-1047805
39399
-1047836
38595
-1047865
37791
-1047895
36988
-1047923
36184
-1047952
35380
-1047979
34576
-1048006
33772
-1048032
32969
-1048058
32165
-1048082
31361
-1048107
30557
-1048131
29753
-1048154
28949
-1048176
28145
-1048198
27341
-1048219
26537
-1048240
25733
-1048260
24929
-1048280
24125
-1048298
23321
-1048317
22517
-1048334
21713
-1048351
20909
-1048368
20105
-1048383
19301
-1048398
18497
-1048413
17692
-1048427
16888
-1048440
16084
-1048453
15280
-1048465
14476
-1048476
13672
-1048487
12868
-1048497
12063
-1048506
11259
-1048516
10455
-1048524
9651
-1048532
8846
-1048539
8042
-1048545
7238
-1048551
6434
-1048556
5630
-1048561
4825
-1048565
4021
-1048568
3217
-1048571
2413
-1048573
1608
-1048575
804
-1048576
0
-1048576
-804
-1048576
-1608
-1048575
-2413
-1048573
-3217
-1048571
-4021
-1048568
-4825
-1048565
-5630
-1048561
-6434
-1048556
-7238
-1048551
-8042
-1048545
-8846
-1048539
-9651
-1048532
-10455
-1048524
-11259
-1048516
-12063
-1048506
-12868
-1048497
-13672
-1048487
-14476
-1048476
-15280
-1048465
-16084
-1048453
-16888
-1048440
-17692
-1048427
-18497
-1048413
-19301
-1048398
-20105
-1048383
-20909
-1048368
-21713
-1048351
-22517
-1048334
-23321
-1048317
-24125
-1048298
-24929
-1048280
-25733
-1048260
-26537
-1048240
-27341
-1048219
-28145
-1048198
-28949
-1048176
-29753
-1048154
-30557
-1048131
-31361
-1048107
-32165
-1048082
-32969
-1048058
-33772
-1048032
-34576
-1048006
-35380
-1047979
-36184
-1047952
-36988
-1047923
-37791
-1047895
-38595
-1047865
-39399
-1047836
-40202
-1047805
-41006
-1047774
-41810
-1047742
-42613
-1047710
-43417
-1047677
-44220
-1047643
-45024
-1047609
-45828
-1047574
-46631
-1047539
-47434
-1047502
-48238
-1047466
-49041
-1047428
-49844
-1047391
-50648
-1047352
-51451
-1047313
-52254
-1047273
-53058
-1047233
-53861
-1047192
-54664
-1047150
-55467
-1047108
-56270
-1047065
-57073
-1047022
-57876
-1046978
-58679
-1046933
-59482
-1046888
-60285
-1046842
-61088
-1046795
-61891
-1046748
-62694
-1046700
-63497
-1046652
-64299
-1046603
-65102
-1046553
-65905
-1046503
-66707
-1046452
-67510
-1046400
-68313
-1046348
-69115
-1046296
-69918
-1046242
-70720
-1046188
-71522
-1046134
-72325
-1046079
-73127
-1046023
-73929
-1045966
-74732
-1045910
-75534
-1045852
-76336
-1045794
-77138
-1045735
-77940
-1045675
-78742
-1045615
-79544
-1045554
-80346
-1045493
-81148
-1045431
-81950
-1045369
-82751
-1045306
-83553
-1045242
-84355
-1045177
-85156
-1045112
-85958
-1045047
-86759
-1044980
-87561
-1044914
-88362
-1044846
-89164
-1044778
-89965
-1044709
-90766
-1044640
-91567
-1044570
-92368
-1044500
-93170
-1044428
-93971
-1044357
-94772
-1044284
-95573
-1044211
-96374
-1044138
-97174
-1044064
-97975
-1043989
-98776
-1043913
-99576
-1043837
-100377
-1043760
-101178
-1043683
-101978
-1043605
-102778
-1043527
-103579
-1043448
-104379
-1043368
-105179
-1043288
-105979
-1043206
-106780
-1043125
-107580
-1043043
-108380
-1042960
-109179
-1042876
-109979
-1042792
-110779
-1042708
-111579
-1042622
-112378
-1042537
-113178
-1042450
-113978
-1042363
-114777
-1042275
-115576
-1042187
-116376
-1042098
-117175
-1042008
-117974
-1041918
-118773
-1041828
-119572
-1041736
-120371
-1041644
-121170
-1041551
-121969
-1041458
-122768
-1041364
-123566
-1041270
-124365
-1041175
-125163
-1041079
-125962
-1040983
-126760
-1040886
-127559
-1040788
-128357
-1040690
-129155
-1040591
-129953
-1040492
-130751
-1040392
-131549
-1040292
-132347
-1040190
-133145
-1040088
-133942
-1039986
-134740
-1039883
-135538
-1039779
-136335
-1039675
-137132
-1039570
-137930
-1039465
-138727
-1039359
-139524
-1039252
-140321
-1039145
-141118
-1039037
-141915
-1038928
-142712
-1038819
-143508
-1038709
-144305
-1038599
-145102
-1038488
-145898
-1038376
-146694
-1038264
-147491
-1038151
-148287
-1038038
-149083
-1037924
-149879
-1037809
-150675
-1037694
-151471
-1037578
-152267
-1037462
-153062
-1037344
-153858
-1037227
-154654
-1037108
-155449
-1036990
-156244
-1036870
-157039
-1036750
-157835
-1036629
-158630
-1036508
-159424
-1036386
-160219
-1036263
-161014
-1036140
-161809
-1036016
-162603
-1035892
-163398
-1035767
-164192
-1035641
-164986
-1035515
-165781
-1035388
-166575
-1035260
-167369
-1035132
-168163
-1035004
-168956
-1034874
-169750
-1034745
-170544
-1034614
-171337
-1034483
-172131
-1034351
-172924
-1034219
-173717
-1034086
-174510
-1033952
-175303
-1033818
-176096
-1033684
-176889
-1033548
-177682
-1033412
-178474
-1033276
-179266
-1033138
-180059
-1033001
-180851
-1032862
-181643
-1032723
-182435
-1032584
-183227
-1032443
-184019
-1032302
-184811
-1032161
-185602
-1032019
-186394
-1031876
-187185
-1031733
-187976
-1031589
-188768
-1031445
-189559
-1031300
-190350
-1031154
-191140
-1031008
-191931
-1030861
-192722
-1030713
-193512
-1030565
-194303
-1030416
-195093
-1030267
-195883
-1030117
-196673
-1029967
-197463
-1029816
-198253
-1029664
-199042
-1029511
-199832
-1029358
-200622
-1029205
-201411
-1029051
-202200
-1028896
-202989
-1028740
-203778
-1028584
-204567
-1028428
-205356
-1028271
-206144
-1028113
-206933
-1027954
-207721
-1027795
-208509
-1027636
-209298
-1027476
-210086
-1027315
-210873
-1027153
-211661
-1026991
-212449
-1026829
-213236
-1026665
-214024
-1026502
-214811
-1026337
-215598
-1026172
-216385
-1026006
-217172
-1025840
-217959
-1025673
-218745
-1025506
-219532
-1025338
-220318
-1025169
-221104
-1025000
-221890
-1024830
-222676
-1024659
-223462
-1024488
-224248
-1024316
-225034
-1024144
-225819
-1023971
-226604
-1023798
-227390
-1023624
-228174
-1023449
-228960
-1023274
-229744
-1023098
-230529
-1022921
-231313
-1022744
-232098
-1022566
-232882
-1022388
-233666
-1022209
-234450
-1022030
-235234
-1021850
-236018
-1021669
-236801
-1021488
-237584
-1021306
-238368
-1021123
-239151
-1020940
-239934
-1020756
-240717
-1020572
-241499
-1020387
-242282
-1020201
-243064
-1020015
-243847
-1019829
-244629
-1019641
-245411
-1019453
-246192
-1019265
-246974
-1019076
-247756
-1018886
-248537
-1018696
-249318
-1018505
-250100
-1018313
-250880
-1018121
-251661
-1017928
-252442
-1017735
-253222
-1017541
-254003
-1017346
-254783
-1017151
-255563
-1016956
-256343
-1016759
-257123
-1016562
-257902
-1016365
-258682
-1016167
-259461
-1015968
-260240
-1015769
-261020
-1015569
-261798
-1015368
-262577
-1015167
-263356
-1014966
-264134
-1014763
-264912
-1014560
-265690
-1014357
-266468
-1014153
-267246
-1013948
-268024
-1013743
-268801
-1013537
-269578
-1013331
-270356
-1013124
-271132
-1012916
-271909
-1012708
-272686
-1012499
-273462
-1012289
-274239
-1012079
-275015
-1011869
-275791
-1011658
-276567
-1011446
-277342
-1011233
-278118
-1011020
-278893
-1010807
-279668
-1010592
-280444
-1010378
-281218
-1010162
-281993
-1009946
-282768
-1009730
-283542
-1009512
-284316
-1009295
-285090
-1009076
-285864
-1008857
-286638
-1008638
-287411
-1008418
-288185
-1008197
-288958
-1007976
-289731
-1007754
-290504
-1007531
-291276
-1007308
-292049
-1007084
-292821
-1006860
-293594
-1006635
-294366
-1006410
-295137
-1006184
-295909
-1005957
-296680
-1005730
-297452
-1005502
-298223
-1005273
-298994
-1005044
-299765
-1004815
-300535
-1004584
-301306
-1004354
-302076
-1004122
-302846
-1003890
-303616
-1003658
-304386
-1003425
-305155
-1003191
-305924
-1002956
-306694
-1002722
-307462
-1002486
-308231
-1002250
-309000
-1002013
-309768
-1001776
-310537
-1001538
-311305
-1001300
-312073
-1001060
-312840
-1000821
-313608
-1000581
-314375
-1000340
-315142
-1000098
-315909
-999856
-316676
-999614
-317443
-999371
-318209
-999127
-318975
-998882
-319741
-998638
-320507
-998392
-321273
-998146
-322038
-997899
-322804
-997652
-323569
-997404
-324334
-997156
-325098
-996906
-325863
-996657
-326627
-996407
-327391
-996156
-328155
-995904
-328919
-995652
-329683
-995400
-330446
-995147
-331209
-994893
-331972
-994639
-332735
-994384
-333498
-994128
-334260
-993872
-335022
-993616
-335784
-993358
-336546
-993100
-337308
-992842
-338069
-992583
-338830
-992323
-339591
-992063
-340352
-991802
-341112
-991541
-341873
-991279
-342633
-991017
-343393
-990754
-344153
-990490
-344912
-990226
-345672
-989961
-346431
-989695
-347190
-989429
-347949
-989163
-348707
-988896
-349466
-988628
-350224
-988360
-350982
-988091
-351740
-987821
-352497
-987551
-353254
-987280
-354012
-987009
-354769
-986737
-355525
-986465
-356282
-986192
-357038
-985918
-357794
-985644
-358550
-985370
-359306
-985094
-360061
-984818
-360816
-984542
-361572
-984265
-362326
-983987
-363081
-983709
-363835
-983430
-364590
-983151
-365343
-982871
-366097
-982591
-366851
-982310
-367604
-982028
-368357
-981746
-369110
-981463
-369863
-981180
-370615
-980896
-371367
-980611
-372119
-980326
-372871
-980040
-373623
-979754
-374374
-979467
-375125
-979180
-375876
-978892
-376627
-978603
-377377
-978314
-378128
-978024
-378878
-977734
-379627
-977443
-380377
-977151
-381126
-976859
-381875
-976567
-382624
-976274
-383373
-975980
-384121
-975686
-384870
-975391
-385618
-975095
-386365
-974799
-387113
-974502
-387860
-974205
-388607
-973908
-389354
-973609
-390101
-973310
-390847
-973011
-391594
-972711
-392339
-972410
-393085
-972109
-393831
-971807
-394576
-971505
-395321
-971202
-396066
-970898
-396810
-970594
-397554
-970290
-398299
-969984
-399042
-969679
-399786
-969372
-400530
-969065
-401273
-968758
-402016
-968450
-402758
-968141
-403501
-967832
-404243
-967522
-404985
-967212
-405726
-966901
-406468
-966590
-407209
-966278
-407950
-965965
-408691
-965652
-409432
-965338
-410172
-965024
-410912
-964709
-411652
-964393
-412391
-964077
-413130
-963761
-413870
-963444
-414608
-963126
-415347
-962808
-416085
-962489
-416824
-962169
-417561
-961849
-418299
-961529
-419036
-961208
-419773
-960886
-420510
-960564
-421247
-960241
-421983
-959918
-422719
-959594
-423455
-959269
-424191
-958944
-424926
-958618
-425661
-958292
-426396
-957965
-427131
-957638
-427865
-957310
-428599
-956982
-429333
-956653
-430067
-956323
-430800
-955993
-431533
-955662
-432266
-955331
-432999
-954999
-433731
-954667
-434463
-954334
-435195
-954000
-435927
-953666
-436658
-953332
-437389
-952996
-438120
-952661
-438850
-952324
-439581
-951988
-440311
-951650
-441040
-951312
-441770
-950974
-442499
-950634
-443228
-950295
-443957
-949954
-444686
-949614
-445414
-949272
-446142
-948930
-446869
-948588
-447597
-948245
-448324
-947901
-449051
-947557
-449778
-947213
-450504
-946867
-451230
-946522
-451956
-946175
-452681
-945828
-453407
-945481
-454132
-945133
-454856
-944784
-455581
-944435
-456305
-944085
-457029
-943735
-457753
-943384
-458476
-943033
-459200
-942681
-459922
-942328
-460645
-941975
-461367
-941622
-462090
-941268
-462811
-940913
-463533
-940558
-464254
-940202
-464975
-939846
-465696
-939489
-466416
-939131
-467136
-938773
-467856
-938415
-468576
-938056
-469295
-937696
-470014
-937336
-470733
-936975
-471452
-936614
-472170
-936252
-472888
-935889
-473606
-935526
-474323
-935163
-475040
-934799
-475757
-934434
-476473
-934069
-477190
-933703
-477906
-933337
-478621
-932970
-479337
-932603
-480052
-932235
-480767
-931866
-481482
-931497
-482196
-931128
-482910
-930758
-483624
-930387
-484337
-930016
-485050
-929644
-485763
-929272
-486476
-928899
-487188
-928525
-487900
-928151
-488612
-927777
-489323
-927402
-490034
-927026
-490745
-926650
-491456
-926274
-492166
-925896
-492876
-925518
-493586
-925140
-494295
-924761
-495004
-924382
-495713
-924002
-496422
-923622
-497130
-923241
-497838
-922859
-498546
-922477
-499253
-922094
-499960
-921711
-500667
-921327
-501374
-920943
-502080
-920558
-502786
-920173
-503491
-919787
-504196
-919400
-504902
-919014
-505606
-918626
-506311
-918238
-507015
-917849
-507719
-917460
-508422
-917070
-509125
-916680
-509828
-916290
-510531
-915898
-511233
-915506
-511935
-915114
-512637
-914721
-513338
-914328
-514040
-913934
-514740
-913539
-515441
-913144
-516141
-912748
-516841
-912352
-517541
-911956
-518240
-911558
-518939
-911161
-519638
-910762
-520336
-910364
-521034
-909964
-521732
-909564
-522430
-909164
-523127
-908763
-523824
-908361
-524520
-907959
-525216
-907557
-525912
-907154
-526608
-906750
-527303
-906346
-527998
-905941
-528693
-905536
-529387
-905130
-530081
-904724
-530775
-904317
-531468
-903910
-532162
-903502
-532854
-903093
-533547
-902684
-534239
-902275
-534931
-901865
-535623
-901454
-536314
-901043
-537005
-900632
-537696
-900220
-538386
-899807
-539076
-899394
-539765
-898980
-540455
-898566
-541144
-898151
-541832
-897736
-542521
-897320
-543209
-896903
-543897
-896486
-544584
-896069
-545271
-895651
-545958
-895232
-546644
-894814
-547331
-894394
-548016
-893974
-548702
-893553
-549387
-893132
-550072
-892710
-550757
-892288
-551441
-891866
-552125
-891442
-552808
-891019
-553492
-890594
-554174
-890170
-554857
-889744
-555539
-889319
-556221
-888892
-556903
-888465
-557584
-888038
-558265
-887610
-558946
-887182
-559626
-886753
-560306
-886323
-560986
-885893
-561665
-885463
-562344
-885032
-563022
-884600
-563701
-884168
-564379
-883735
-565056
-883302
-565734
-882868
-566411
-882434
-567087
-882000
-567764
-881564
-568440
-881129
-569115
-880692
-569791
-880256
-570466
-879818
-571140
-879381
-571815
-878942
-572489
-878503
-573162
-878064
-573836
-877624
-574508
-877184
-575181
-876743
-575853
-876302
-576525
-875860
-577197
-875417
-577868
-874974
-578539
-874531
-579210
-874087
-579880
-873642
-580550
-873197
-581220
-872752
-581889
-872306
-582558
-871859
-583226
-871412
-583894
-870964
-584562
-870516
-585230
-870068
-585897
-869618
-586564
-869169
-587230
-868719
-587896
-868268
-588562
-867817
-589227
-867365
-589892
-866913
-590557
-866460
-591222
-866007
-591886
-865554
-592549
-865099
-593213
-864644
-593876
-864189
-594538
-863734
-595201
-863277
-595863
-862820
-596524
-862363
-597186
-861905
-597846
-861447
-598507
-860988
-599167
-860529
-599827
-860069
-600486
-859609
-601146
-859148
-601804
-858687
-602463
-858225
-603121
-857763
-603779
-857300
-604436
-856836
-605093
-856372
-605750
-855908
-606406
-855443
-607062
-854978
-607717
-854512
-608373
-854046
-609028
-853579
-609682
-853112
-610336
-852644
-610990
-852175
-611643
-851706
-612296
-851237
-612949
-850767
-613602
-850297
-614254
-849826
-614905
-849354
-615556
-848883
-616207
-848410
-616858
-847937
-617508
-847464
-618158
-846990
-618807
-846516
-619456
-846041
-620105
-845566
-620754
-845090
-621402
-844613
-622049
-844136
-622696
-843659
-623343
-843181
-623990
-842703
-624636
-842224
-625282
-841745
-625927
-841265
-626572
-840785
-627217
-840304
-627861
-839822
-628505
-839341
-629149
-838858
-629792
-838376
-630435
-837892
-631077
-837408
-631719
-836924
-632361
-836439
-633002
-835954
-633643
-835468
-634284
-834982
-634924
-834495
-635564
-834008
-636204
-833520
-636843
-833032
-637482
-832544
-638120
-832054
-638758
-831565
-639396
-831074
-640033
-830584
-640670
-830093
-641306
-829601
-641942
-829109
-642578
-828616
-643213
-828123
-643848
-827630
-644483
-827136
-645117
-826641
-645751
-826146
-646384
-825650
-647017
-825154
-647650
-824658
-648282
-824161
-648914
-823664
-649546
-823166
-650177
-822667
-650808
-822168
-651438
-821669
-652068
-821169
-652698
-820669
-653327
-820168
-653956
-819666
-654584
-819164
-655213
-818662
-655840
-818160
-656468
-817656
-657095
-817152
-657721
-816648
-658347
-816144
-658973
-815638
-659598
-815133
-660224
-814626
-660848
-814120
-661472
-813613
-662096
-813105
-662720
-812597
-663343
-812089
-663965
-811580
-664588
-811070
-665210
-810560
-665831
-810050
-666452
-809539
-667073
-809027
-667693
-808516
-668313
-808003
-668933
-807490
-669552
-806977
-670170
-806463
-670789
-805949
-671407
-805434
-672024
-804919
-672642
-804403
-673258
-803887
-673875
-803371
-674491
-802854
-675106
-802336
-675721
-801818
-676336
-801299
-676951
-800780
-677565
-800261
-678178
-799741
-678791
-799221
-679404
-798700
-680017
-798178
-680629
-797657
-681240
-797134
-681851
-796612
-682462
-796088
-683072
-795565
-683682
-795041
-684292
-794516
-684901
-793991
-685510
-793465
-686118
-792939
-686726
-792413
-687334
-791886
-687941
-791359
-688548
-790831
-689154
-790302
-689760
-789774
-690366
-789244
-690971
-788714
-691576
-788184
-692180
-787654
-692784
-787122
-693387
-786591
-693990
-786059
-694593
-785526
-695196
-784993
-695797
-784460
-696399
-783926
-697000
-783392
-697601
-782857
-698201
-782322
-698801
-781786
-699400
-781250
-699999
-780713
-700598
-780176
-701196
-779638
-701794
-779100
-702391
-778562
-702988
-778023
-703584
-777483
-704180
-776944
-704776
-776403
-705372
-775862
-705966
-775321
-706561
-774780
-707155
-774237
-707748
-773695
-708342
-773152
-708934
-772608
-709527
-772064
-710119
-771520
-710710
-770975
-711302
-770430
-711892
-769884
-712482
-769338
-713072
-768791
-713662
-768244
-714251
-767696
-714840
-767148
-715428
-766600
-716015
-766050
-716603
-765501
-717190
-764951
-717776
-764401
-718362
-763850
-718948
-763299
-719533
-762747
-720118
-762195
-720702
-761643
-721286
-761090
-721870
-760536
-722453
-759982
-723036
-759428
-723618
-758873
-724200
-758318
-724781
-757762
-725362
-757206
-725943
-756650
-726523
-756093
-727102
-755535
-727682
-754977
-728261
-754419
-728839
-753860
-729417
-753301
-729995
-752741
-730572
-752181
-731148
-751620
-731725
-751060
-732300
-750498
-732876
-749936
-733451
-749374
-734026
-748811
-734600
-748248
-735173
-747684
-735746
-747120
-736319
-746556
-736892
-745991
-737464
-745425
-738035
-744859
-738606
-744293
-739177
-743726
-739747
-743159
-740317
-742592
-740886
-742024
-741455
-741455
-742024
-740886
-742592
-740317
-743159
-739747
-743726
-739177
-744293
-738606
-744859
-738035
-745425
-737464
-745991
-736892
-746556
-736319
-747120
-735746
-747684
-735173
-748248
-734600
-748811
-734026
-749374
-733451
-749936
-732876
-750498
-732300
-751060
-731725
-751620
-731148
-752181
-730572
-752741
-729995
-753301
-729417
-753860
-728839
-754419
-728261
-754977
-727682
-755535
-727102
-756093
-726523
-756650
-725943
-757206
-725362
-757762
-724781
-758318
-724200
-758873
-723618
-759428
-723036
-759982
-722453
-760536
-721870
-761090
-721286
-761643
-720702
-762195
-720118
-762747
-719533
-763299
-718948
-763850
-718362
-764401
-717776
-764951
-717190
-765501
-716603
-766050
-716015
-766600
-715428
-767148
-714840
-767696
-714251
-768244
-713662
-768791
-713072
-769338
-712482
-769884
-711892
-770430
-711302
-770975
-710710
-771520
-710119
-772064
-709527
-772608
-708934
-773152
-708342
-773695
-707748
-774237
-707155
-774780
-706561
-775321
-705966
-775862
-705372
-776403
-704776
-776944
-704180
-777483
-703584
-778023
-702988
-778562
-702391
-779100
-701794
-779638
-701196
-780176
-700598
-780713
-699999
-781250
-699400
-781786
-698801
-782322
-698201
-782857
-697601
-783392
-697000
-783926
-696399
-784460
-695797
-784993
-695196
-785526
-694593
-786059
-693990
-786591
-693387
-787122
-692784
-787654
-692180
-788184
-691576
-788714
-690971
-789244
-690366
-789774
-689760
-790302
-689154
-790831
-688548
-791359
-687941
-791886
-687334
-792413
-686726
-792939
-686118
-793465
-685510
-793991
-684901
-794516
-684292
-795041
-683682
-795565
-683072
-796088
-682462
-796612
-681851
-797134
-681240
-797657
-680629
-798178
-680017
-798700
-679404
-799221
-678791
-799741
-678178
-800261
-677565
-800780
-676951
-801299
-676336
-801818
-675721
-802336
-675106
-802854
-674491
-803371
-673875
-803887
-673258
-804403
-672642
-804919
-672024
-805434
-671407
-805949
-670789
-806463
-670170
-806977
-669552
-807490
-668933
-808003
-668313
-808516
-667693
-809027
-667073
-809539
-666452
-810050
-665831
-810560
-665210
-811070
-664588
-811580
-663965
-812089
-663343
-812597
-662720
-813105
-662096
-813613
-661472
-814120
-660848
-814626
-660224
-815133
-659598
-815638
-658973
-816144
-658347
-816648
-657721
-817152
-657095
-817656
-656468
-818160
-655840
-818662
-655213
-819164
-654584
-819666
-653956
-820168
-653327
-820669
-652698
-821169
-652068
-821669
-651438
-822168
-650808
-822667
-650177
-823166
-649546
-823664
-648914
-824161
-648282
-824658
-647650
-825154
-647017
-825650
-646384
-826146
-645751
-826641
-645117
-827136
-644483
-827630
-643848
-828123
-643213
-828616
-642578
-829109
-641942
-829601
-641306
-830093
-640670
-830584
-640033
-831074
-639396
-831565
-638758
-832054
-638120
-832544
-637482
-833032
-636843
-833520
-636204
-834008
-635564
-834495
-634924
-834982
-634284
-835468
-633643
-835954
-633002
-836439
-632361
-836924
-631719
-837408
-631077
-837892
-630435
-838376
-629792
-838858
-629149
-839341
-628505
-839822
-627861
-840304
-627217
-840785
-626572
-841265
-625927
-841745
-625282
-842224
-624636
-842703
-623990
-843181
-623343
-843659
-622696
-844136
-622049
-844613
-621402
-845090
-620754
-845566
-620105
-846041
-619456
-846516
-618807
-846990
-618158
-847464
-617508
-847937
-616858
-848410
-616207
-848883
-615556
-849354
-614905
-849826
-614254
-850297
-613602
-850767
-612949
-851237
-612296
-851706
-611643
-852175
-610990
-852644
-610336
-853112
-609682
-853579
-609028
-854046
-608373
-854512
-607717
-854978
-607062
-855443
-606406
-855908
-605750
-856372
-605093
-856836
-604436
-857300
-603779
-857763
-603121
-858225
-602463
-858687
-601804
-859148
-601146
-859609
-600486
-860069
-599827
-860529
-599167
-860988
-598507
-861447
-597846
-861905
-597186
-862363
-596524
-862820
-595863
-863277
-595201
-863734
-594538
-864189
-593876
-864644
-593213
-865099
-592549
-865554
-591886
-866007
-591222
-866460
-590557
-866913
-589892
-867365
-589227
-867817
-588562
-868268
-587896
-868719
-587230
-869169
-586564
-869618
-585897
-870068
-585230
-870516
-584562
-870964
-583894
-871412
-583226
-871859
-582558
-872306
-581889
-872752
-581220
-873197
-580550
-873642
-579880
-874087
-579210
-874531
-578539
-874974
-577868
-875417
-577197
-875860
-576525
-876302
-575853
-876743
-575181
-877184
-574508
-877624
-573836
-878064
-573162
-878503
-572489
-878942
-571815
-879381
-571140
-879818
-570466
-880256
-569791
-880692
-569115
-881129
-568440
-881564
-567764
-882000
-567087
-882434
-566411
-882868
-565734
-883302
-565056
-883735
-564379
-884168
-563701
-884600
-563022
-885032
-562344
-885463
-561665
-885893
-560986
-886323
-560306
-886753
-559626
-887182
-558946
-887610
-558265
-888038
-557584
-888465
-556903
-888892
-556221
-889319
-555539
-889744
-554857
-890170
-554174
-890594
-553492
-891019
-552808
-891442
-552125
-891866
-551441
-892288
-550757
-892710
-550072
-893132
-549387
-893553
-548702
-893974
-548016
-894394
-547331
-894814
-546644
-895232
-545958
-895651
-545271
-896069
-544584
-896486
-543897
-896903
-543209
-897320
-542521
-897736
-541832
-898151
-541144
-898566
-540455
-898980
-539765
-899394
-539076
-899807
-538386
-900220
-537696
-900632
-537005
-901043
-536314
-901454
-535623
-901865
-534931
-902275
-534239
-902684
-533547
-903093
-532854
-903502
-532162
-903910
-531468
-904317
-530775
-904724
-530081
-905130
-529387
-905536
-528693
-905941
-527998
-906346
-527303
-906750
-526608
-907154
-525912
-907557
-525216
-907959
-524520
-908361
-523824
-908763
-523127
-909164
-522430
-909564
-521732
-909964
-521034
-910364
-520336
-910762
-519638
-911161
-518939
-911558
-518240
-911956
-517541
-912352
-516841
-912748
-516141
-913144
-515441
-913539
-514740
-913934
-514040
-914328
-513338
-914721
-512637
-915114
-511935
-915506
-511233
-915898
-510531
-916290
-509828
-916680
-509125
-917070
-508422
-917460
-507719
-917849
-507015
-918238
-506311
-918626
-505606
-919014
-504902
-919400
-504196
-919787
-503491
-920173
-502786
-920558
-502080
-920943
-501374
-921327
-500667
-921711
-499960
-922094
-499253
-922477
-498546
-922859
-497838
-923241
-497130
-923622
-496422
-924002
-495713
-924382
-495004
-924761
-494295
-925140
-493586
-925518
-492876
-925896
-492166
-926274
-491456
-926650
-490745
-927026
-490034
-927402
-489323
-927777
-488612
-928151
-487900
-928525
-487188
-928899
-486476
-929272
-485763
-929644
-485050
-930016
-484337
-930387
-483624
-930758
-482910
-931128
-482196
-931497
-481482
-931866
-480767
-932235
-480052
-932603
-479337
-932970
-478621
-933337
-477906
-933703
-477190
-934069
-476473
-934434
-475757
-934799
-475040
-935163
-474323
-935526
-473606
-935889
-472888
-936252
-472170
-936614
-471452
-936975
-470733
-937336
-470014
-937696
-469295
-938056
-468576
-938415
-467856
-938773
-467136
-939131
-466416
-939489
-465696
-939846
-464975
-940202
-464254
-940558
-463533
-940913
-462811
-941268
-462090
-941622
-461367
-941975
-460645
-942328
-459922
-942681
-459200
-943033
-458476
-943384
-457753
-943735
-457029
-944085
-456305
-944435
-455581
-944784
-454856
-945133
-454132
-945481
-453407
-945828
-452681
-946175
-451956
-946522
-451230
-946867
-450504
-947213
-449778
-947557
-449051
-947901
-448324
-948245
-447597
-948588
-446869
-948930
-446142
-949272
-445414
-949614
-444686
-949954
-443957
-950295
-443228
-950634
-442499
-950974
-441770
-951312
-441040
-951650
-440311
-951988
-439581
-952324
-438850
-952661
-438120
-952996
-437389
-953332
-436658
-953666
-435927
-954000
-435195
-954334
-434463
-954667
-433731
-954999
-432999
-955331
-432266
-955662
-431533
-955993
-430800
-956323
-430067
-956653
-429333
-956982
-428599
-957310
-427865
-957638
-427131
-957965
-426396
-958292
-425661
-958618
-424926
-958944
-424191
-959269
-423455
-959594
-422719
-959918
-421983
-960241
-421247
-960564
-420510
-960886
-419773
-961208
-419036
-961529
-418299
-961849
-417561
-962169
-416824
-962489
-416085
-962808
-415347
-963126
-414608
-963444
-413870
-963761
-413130
-964077
-412391
-964393
-411652
-964709
-410912
-965024
-410172
-965338
-409432
-965652
-408691
-965965
-407950
-966278
-407209
-966590
-406468
-966901
-405726
-967212
-404985
-967522
-404243
-967832
-403501
-968141
-402758
-968450
-402016
-968758
-401273
-969065
-400530
-969372
-399786
-969679
-399042
-969984
-398299
-970290
-397554
-970594
-396810
-970898
-396066
-971202
-395321
-971505
-394576
-971807
-393831
-972109
-393085
-972410
-392339
-972711
-391594
-973011
-390847
-973310
-390101
-973609
-389354
-973908
-388607
-974205
-387860
-974502
-387113
-974799
-386365
-975095
-385618
-975391
-384870
-975686
-384121
-975980
-383373
-976274
-382624
-976567
-381875
-976859
-381126
-977151
-380377
-977443
-379627
-977734
-378878
-978024
-378128
-978314
-377377
-978603
-376627
-978892
-375876
-979180
-375125
-979467
-374374
-979754
-373623
-980040
-372871
-980326
-372119
-980611
-371367
-980896
-370615
-981180
-369863
-981463
-369110
-981746
-368357
-982028
-367604
-982310
-366851
-982591
-366097
-982871
-365343
-983151
-364590
-983430
-363835
-983709
-363081
-983987
-362326
-984265
-361572
-984542
-360816
-984818
-360061
-985094
-359306
-985370
-358550
-985644
-357794
-985918
-357038
-986192
-356282
-986465
-355525
-986737
-354769
-987009
-354012
-987280
-353254
-987551
-352497
-987821
-351740
-988091
-350982
-988360
-350224
-988628
-349466
-988896
-348707
-989163
-347949
-989429
-347190
-989695
-346431
-989961
-345672
-990226
-344912
-990490
-344153
-990754
-343393
-991017
-342633
-991279
-341873
-991541
-341112
-991802
-340352
-992063
-339591
-992323
-338830
-992583
-338069
-992842
-337308
-993100
-336546
-993358
-335784
-993616
-335022
-993872
-334260
-994128
-333498
-994384
-332735
-994639
-331972
-994893
-331209
-995147
-330446
-995400
-329683
-995652
-328919
-995904
-328155
-996156
-327391
-996407
-326627
-996657
-325863
-996906
-325098
-997156
-324334
-997404
-323569
-997652
-322804
-997899
-322038
-998146
-321273
-998392
-320507
-998638
-319741
-998882
-318975
-999127
-318209
-999371
-317443
-999614
-316676
-999856
-315909
-1000098
-315142
-1000340
-314375
-1000581
-313608
-1000821
-312840
-1001060
-312073
-1001300
-311305
-1001538
-310537
-1001776
-309768
-1002013
-309000
-1002250
-308231
-1002486
-307462
-1002722
-306694
-1002956
-305924
-1003191
-305155
-1003425
-304386
-1003658
-303616
-1003890
-302846
-1004122
-302076
-1004354
-301306
-1004584
-300535
-1004815
-299765
-1005044
-298994
-1005273
-298223
-1005502
-297452
-1005730
-296680
-1005957
-295909
-1006184
-295137
-1006410
-294366
-1006635
-293594
-1006860
-292821
-1007084
-292049
-1007308
-291276
-1007531
-290504
-1007754
-289731
-1007976
-288958
-1008197
-288185
-1008418
-287411
-1008638
-286638
-1008857
-285864
-1009076
-285090
-1009295
-284316
-1009512
-283542
-1009730
-282768
-1009946
-281993
-1010162
-281218
-1010378
-280444
-1010592
-279668
-1010807
-278893
-1011020
-278118
-1011233
-277342
-1011446
-276567
-1011658
-275791
-1011869
-275015
-1012079
-274239
-1012289
-273462
-1012499
-272686
-1012708
-271909
-1012916
-271132
-1013124
-270356
-1013331
-269578
-1013537
-268801
-1013743
-268024
-1013948
-267246
-1014153
-266468
-1014357
-265690
-1014560
-264912
-1014763
-264134
-1014966
-263356
-1015167
-262577
-1015368
-261798
-1015569
-261020
-1015769
-260240
-1015968
-259461
-1016167
-258682
-1016365
-257902
-1016562
-257123
-1016759
-256343
-1016956
-255563
-1017151
-254783
-1017346
-254003
-1017541
-253222
-1017735
-252442
-1017928
-251661
-1018121
-250880
-1018313
-250100
-1018505
-249318
-1018696
-248537
-1018886
-247756
-1019076
-246974
-1019265
-246192
-1019453
-245411
-1019641
-244629
-1019829
-243847
-1020015
-243064
-1020201
-242282
-1020387
-241499
-1020572
-240717
-1020756
-239934
-1020940
-239151
-1021123
-238368
-1021306
-237584
-1021488
-236801
-1021669
-236018
-1021850
-235234
-1022030
-234450
-1022209
-233666
-1022388
-232882
-1022566
-232098
-1022744
-231313
-1022921
-230529
-1023098
-229744
-1023274
-228960
-1023449
-228174
-1023624
-227390
-1023798
-226604
-1023971
-225819
-1024144
-225034
-1024316
-224248
-1024488
-223462
-1024659
-222676
-1024830
-221890
-1025000
-221104
-1025169
-220318
-1025338
-219532
-1025506
-218745
-1025673
-217959
-1025840
-217172
-1026006
-216385
-1026172
-215598
-1026337
-214811
-1026502
-214024
-1026665
-213236
-1026829
-212449
-1026991
-211661
-1027153
-210873
-1027315
-210086
-1027476
-209298
-1027636
-208509
-1027795
-207721
-1027954
-206933
-1028113
-206144
-1028271
-205356
-1028428
-204567
-1028584
-203778
-1028740
-202989
-1028896
-202200
-1029051
-201411
-1029205
-200622
-1029358
-199832
-1029511
-199042
-1029664
-198253
-1029816
-197463
-1029967
-196673
-1030117
-195883
-1030267
-195093
-1030416
-194303
-1030565
-193512
-1030713
-192722
-1030861
-191931
-1031008
-191140
-1031154
-190350
-1031300
-189559
-1031445
-188768
-1031589
-187976
-1031733
-187185
-1031876
-186394
-1032019
-185602
-1032161
-184811
-1032302
-184019
-1032443
-183227
-1032584
-182435
-1032723
-181643
-1032862
-180851
-1033001
-180059
-1033138
-179266
-1033276
-178474
-1033412
-177682
-1033548
-176889
-1033684
-176096
-1033818
-175303
-1033952
-174510
-1034086
-173717
-1034219
-172924
-1034351
-172131
-1034483
-171337
-1034614
-170544
-1034745
-169750
-1034874
-168956
-1035004
-168163
-1035132
-167369
-1035260
-166575
-1035388
-165781
-1035515
-164986
-1035641
-164192
-1035767
-163398
-1035892
-162603
-1036016
-161809
-1036140
-161014
-1036263
-160219
-1036386
-159424
-1036508
-158630
-1036629
-157835
-1036750
-157039
-1036870
-156244
-1036990
-155449
-1037108
-154654
-1037227
-153858
-1037344
-153062
-1037462
-152267
-1037578
-151471
-1037694
-150675
-1037809
-149879
-1037924
-149083
-1038038
-148287
-1038151
-147491
-1038264
-146694
-1038376
-145898
-1038488
-145102
-1038599
-144305
-1038709
-143508
-1038819
-142712
-1038928
-141915
-1039037
-141118
-1039145
-140321
-1039252
-139524
-1039359
-138727
-1039465
-137930
-1039570
-137132
-1039675
-136335
-1039779
-135538
-1039883
-134740
-1039986
-133942
-1040088
-133145
-1040190
-132347
-1040292
-131549
-1040392
-130751
-1040492
-129953
-1040591
-129155
-1040690
-128357
-1040788
-127559
-1040886
-126760
-1040983
-125962
-1041079
-125163
-1041175
-124365
-1041270
-123566
-1041364
-122768
-1041458
-121969
-1041551
-121170
-1041644
-120371
-1041736
-119572
-1041828
-118773
-1041918
-117974
-1042008
-117175
-1042098
-116376
-1042187
-115576
-1042275
-114777
-1042363
-113978
-1042450
-113178
-1042537
-112378
-1042622
-111579
-1042708
-110779
-1042792
-109979
-1042876
-109179
-1042960
-108380
-1043043
-107580
-1043125
-106780
-1043206
-105979
-1043288
-105179
-1043368
-104379
-1043448
-103579
-1043527
-102778
-1043605
-101978
-1043683
-101178
-1043760
-100377
-1043837
-99576
-1043913
-98776
-1043989
-97975
-1044064
-97174
-1044138
-96374
-1044211
-95573
-1044284
-94772
-1044357
-93971
-1044428
-93170
-1044500
-92368
-1044570
-91567
-1044640
-90766
-1044709
-89965
-1044778
-89164
-1044846
-88362
-1044914
-87561
-1044980
-86759
-1045047
-85958
-1045112
-85156
-1045177
-84355
-1045242
-83553
-1045306
-82751
-1045369
-81950
-1045431
-81148
-1045493
-80346
-1045554
-79544
-1045615
-78742
-1045675
-77940
-1045735
-77138
-1045794
-76336
-1045852
-75534
-1045910
-74732
-1045966
-73929
-1046023
-73127
-1046079
-72325
-1046134
-71522
-1046188
-70720
-1046242
-69918
-1046296
-69115
-1046348
-68313
-1046400
-67510
-1046452
-66707
-1046503
-65905
-1046553
-65102
-1046603
-64299
-1046652
-63497
-1046700
-62694
-1046748
-61891
-1046795
-61088
-1046842
-60285
-1046888
-59482
-1046933
-58679
-1046978
-57876
-1047022
-57073
-1047065
-56270
-1047108
-55467
-1047150
-54664
-1047192
-53861
-1047233
-53058
-1047273
-52254
-1047313
-51451
-1047352
-50648
-1047391
-49844
-1047428
-49041
-1047466
-48238
-1047502
-47434
-1047539
-46631
-1047574
-45828
-1047609
-45024
-1047643
-44220
-1047677
-43417
-1047710
-42613
-1047742
-41810
-1047774
-41006
-1047805
-40202
-1047836
-39399
-1047865
-38595
-1047895
-37791
-1047923
-36988
-1047952
-36184
-1047979
-35380
-1048006
-34576
-1048032
-33772
-1048058
-32969
-1048082
-32165
-1048107
-31361
-1048131
-30557
-1048154
-29753
-1048176
-28949
-1048198
-28145
-1048219
-27341
-1048240
-26537
-1048260
-25733
-1048280
-24929
-1048298
-24125
-1048317
-23321
-1048334
-22517
-1048351
-21713
-1048368
-20909
-1048383
-20105
-1048398
-19301
-1048413
-18497
-1048427
-17692
-1048440
-16888
-1048453
-16084
-1048465
-15280
-1048476
-14476
-1048487
-13672
-1048497
-12868
-1048506
-12063
-1048516
-11259
-1048524
-10455
-1048532
-9651
-1048539
-8846
-1048545
-8042
-1048551
-7238
-1048556
-6434
-1048561
-5630
-1048565
-4825
-1048568
-4021
-1048571
-3217
-1048573
-2413
-1048575
-1608
-1048576
-804
