16777215
0
16757007
-823219
16696429
-1644455
16595628
-2461729
16454846
-3273072
16274424
-4076531
16054795
-4870169
15796488
-5652074
15500126
-6420362
15166424
-7173184
14796184
-7908725
14390298
-8625213
13949745
-9320922
13475586
-9994176
12968963
-10643353
12431097
-11266890
11863283
-11863283
11266890
-12431097
10643353
-12968963
9994176
-13475586
9320922
-13949745
8625213
-14390298
7908725
-14796184
7173184
-15166424
6420362
-15500126
5652074
-15796488
4870169
-16054795
4076531
-16274424
3273072
-16454846
2461729
-16595628
1644455
-16696429
823219
-16757007
0
-16777216
-823219
-16757007
-1644455
-16696429
-2461729
-16595628
-3273072
-16454846
-4076531
-16274424
-4870169
-16054795
-5652074
-15796488
-6420362
-15500126
-7173184
-15166424
-7908725
-14796184
-8625213
-14390298
-9320922
-13949745
-9994176
-13475586
-10643353
-12968963
-11266890
-12431097
-11863283
-11863283
-12431097
-11266890
-12968963
-10643353
-13475586
-9994176
-13949745
-9320922
-14390298
-8625213
-14796184
-7908725
-15166424
-7173184
-15500126
-6420362
-15796488
-5652074
-16054795
-4870169
-16274424
-4076531
-16454846
-3273072
-16595628
-2461729
-16696429
-1644455
-16757007
-823219
