131071
0
131062
-1608
131032
-3217
130983
-4824
130914
-6431
130825
-8037
130717
-9642
130589
-11246
130441
-12847
130273
-14447
130086
-16044
129880
-17640
129653
-19232
129408
-20822
129142
-22408
128858
-23991
128553
-25571
128230
-27146
127887
-28718
127525
-30285
127144
-31848
126744
-33406
126324
-34958
125886
-36506
125428
-38048
124952
-39584
124456
-41115
123943
-42639
123410
-44157
122859
-45668
122289
-47172
121701
-48669
121095
-50159
120470
-51641
119827
-53116
119166
-54582
118488
-56040
117791
-57490
117077
-58931
116345
-60364
115595
-61787
114828
-63201
114044
-64605
113243
-66000
112424
-67384
111589
-68759
110737
-70123
109868
-71477
108982
-72820
108080
-74152
107162
-75472
106228
-76782
105278
-78079
104312
-79366
103330
-80640
102333
-81902
101320
-83151
100292
-84388
99249
-85613
98191
-86824
97118
-88022
96030
-89208
94928
-90379
93812
-91538
92682
-92682
91538
-93812
90379
-94928
89208
-96030
88022
-97118
86824
-98191
85613
-99249
84388
-100292
83151
-101320
81902
-102333
80640
-103330
79366
-104312
78079
-105278
76782
-106228
75472
-107162
74152
-108080
72820
-108982
71477
-109868
70123
-110737
68759
-111589
67384
-112424
66000
-113243
64605
-114044
63201
-114828
61787
-115595
60364
-116345
58931
-117077
57490
-117791
56040
-118488
54582
-119166
53116
-119827
51641
-120470
50159
-121095
48669
-121701
47172
-122289
45668
-122859
44157
-123410
42639
-123943
41115
-124456
39584
-124952
38048
-125428
36506
-125886
34958
-126324
33406
-126744
31848
-127144
30285
-127525
28718
-127887
27146
-128230
25571
-128553
23991
-128858
22408
-129142
20822
-129408
19232
-129653
17640
-129880
16044
-130086
14447
-130273
12847
-130441
11246
-130589
9642
-130717
8037
-130825
6431
-130914
4824
-130983
3217
-131032
1608
-131062
0
-131072
-1608
-131062
-3217
-131032
-4824
-130983
-6431
-130914
-8037
-130825
-9642
-130717
-11246
-130589
-12847
-130441
-14447
-130273
-16044
-130086
-17640
-129880
-19232
-129653
-20822
-129408
-22408
-129142
-23991
-128858
-25571
-128553
-27146
-128230
-28718
-127887
-30285
-127525
-31848
-127144
-33406
-126744
-34958
-126324
-36506
-125886
-38048
-125428
-39584
-124952
-41115
-124456
-42639
-123943
-44157
-123410
-45668
-122859
-47172
-122289
-48669
-121701
-50159
-121095
-51641
-120470
-53116
-119827
-54582
-119166
-56040
-118488
-57490
-117791
-58931
-117077
-60364
-116345
-61787
-115595
-63201
-114828
-64605
-114044
-66000
-113243
-67384
-112424
-68759
-111589
-70123
-110737
-71477
-109868
-72820
-108982
-74152
-108080
-75472
-107162
-76782
-106228
-78079
-105278
-79366
-104312
-80640
-103330
-81902
-102333
-83151
-101320
-84388
-100292
-85613
-99249
-86824
-98191
-88022
-97118
-89208
-96030
-90379
-94928
-91538
-93812
-92682
-92682
-93812
-91538
-94928
-90379
-96030
-89208
-97118
-88022
-98191
-86824
-99249
-85613
-100292
-84388
-101320
-83151
-102333
-81902
-103330
-80640
-104312
-79366
-105278
-78079
-106228
-76782
-107162
-75472
-108080
-74152
-108982
-72820
-109868
-71477
-110737
-70123
-111589
-68759
-112424
-67384
-113243
-66000
-114044
-64605
-114828
-63201
-115595
-61787
-116345
-60364
-117077
-58931
-117791
-57490
-118488
-56040
-119166
-54582
-119827
-53116
-120470
-51641
-121095
-50159
-121701
-48669
-122289
-47172
-122859
-45668
-123410
-44157
-123943
-42639
-124456
-41115
-124952
-39584
-125428
-38048
-125886
-36506
-126324
-34958
-126744
-33406
-127144
-31848
-127525
-30285
-127887
-28718
-128230
-27146
-128553
-25571
-128858
-23991
-129142
-22408
-129408
-20822
-129653
-19232
-129880
-17640
-130086
-16044
-130273
-14447
-130441
-12847
-130589
-11246
-130717
-9642
-130825
-8037
-130914
-6431
-130983
-4824
-131032
-3217
-131062
-1608
