131071
0
131071
-201
131071
-402
131070
-603
131070
-804
131068
-1005
131066
-1206
131064
-1407
131062
-1608
131060
-1809
131056
-2010
131053
-2212
131050
-2412
131046
-2614
131042
-2815
131037
-3016
131032
-3217
131027
-3418
131022
-3619
131016
-3820
131010
-4020
131004
-4222
130997
-4422
130990
-4623
130983
-4824
130976
-5025
130968
-5226
130960
-5427
130951
-5628
130942
-5829
130933
-6030
130924
-6230
130914
-6431
130904
-6632
130894
-6833
130883
-7034
130872
-7234
130861
-7435
130849
-7636
130838
-7837
130825
-8037
130813
-8238
130800
-8439
130787
-8639
130774
-8840
130760
-9040
130746
-9241
130731
-9442
130717
-9642
130702
-9843
130687
-10043
130671
-10244
130655
-10444
130639
-10644
130622
-10845
130606
-11045
130589
-11246
130571
-11446
130554
-11646
130536
-11846
130517
-12047
130498
-12247
130480
-12447
130460
-12647
130441
-12847
130421
-13047
130401
-13247
130380
-13447
130360
-13647
130338
-13847
130317
-14047
130295
-14247
130273
-14447
130251
-14647
130228
-14847
130206
-15046
130182
-15246
130159
-15446
130135
-15645
130111
-15845
130086
-16044
130062
-16244
130036
-16444
130011
-16643
129985
-16842
129959
-17042
129933
-17241
129906
-17440
129880
-17640
129852
-17839
129825
-18038
129797
-18237
129769
-18436
129740
-18635
129712
-18834
129683
-19033
129653
-19232
129624
-19431
129594
-19630
129563
-19829
129533
-20027
129502
-20226
129471
-20425
129439
-20623
129408
-20822
129375
-21020
129343
-21219
129310
-21417
129277
-21615
129244
-21814
129210
-22012
129176
-22210
129142
-22408
129108
-22606
129073
-22804
129038
-23002
129002
-23200
128967
-23398
128930
-23596
128894
-23794
128858
-23991
128821
-24189
128783
-24386
128746
-24584
128708
-24782
128670
-24979
128631
-25176
128592
-25374
128553
-25571
128514
-25768
128474
-25965
128434
-26162
128394
-26359
128354
-26556
128313
-26753
128272
-26950
128230
-27146
128188
-27343
128146
-27540
128104
-27736
128061
-27933
128018
-28129
127975
-28326
127931
-28522
127887
-28718
127843
-28914
127798
-29110
127754
-29306
127708
-29502
127663
-29698
127617
-29894
127571
-30090
127525
-30285
127478
-30481
127432
-30676
127384
-30872
127337
-31067
127289
-31262
127241
-31458
127193
-31653
127144
-31848
127095
-32043
127046
-32238
126996
-32433
126946
-32627
126896
-32822
126845
-33017
126795
-33211
126744
-33406
126692
-33600
126640
-33794
126588
-33989
126536
-34183
126484
-34377
126431
-34571
126378
-34765
126324
-34958
126270
-35152
126216
-35346
126162
-35540
126107
-35733
126052
-35926
125997
-36120
125941
-36313
125886
-36506
125829
-36699
125773
-36892
125716
-37085
125659
-37278
125602
-37470
125544
-37663
125486
-37856
125428
-38048
125370
-38240
125311
-38433
125252
-38625
125192
-38817
125132
-39009
125072
-39201
125012
-39393
124952
-39584
124891
-39776
124830
-39968
124768
-40159
124706
-40350
124644
-40542
124582
-40733
124519
-40924
124456
-41115
124393
-41306
124330
-41496
124266
-41687
124202
-41878
124138
-42068
124073
-42258
124008
-42449
123943
-42639
123877
-42829
123811
-43019
123745
-43209
123679
-43399
123612
-43588
123545
-43778
123478
-43967
123410
-44157
123342
-44346
123274
-44535
123206
-44724
123137
-44913
123068
-45102
122998
-45291
122929
-45479
122859
-45668
122789
-45856
122718
-46045
122647
-46233
122576
-46421
122505
-46609
122433
-46797
122361
-46984
122289
-47172
122217
-47360
122144
-47547
122071
-47734
121997
-47922
121924
-48109
121850
-48296
121776
-48482
121701
-48669
121626
-48856
121551
-49042
121476
-49229
121400
-49415
121324
-49601
121248
-49787
121172
-49973
121095
-50159
121018
-50345
120940
-50530
120863
-50716
120785
-50901
120706
-51086
120628
-51271
120549
-51456
120470
-51641
120391
-51826
120311
-52011
120231
-52195
120151
-52380
120070
-52564
119990
-52748
119909
-52932
119827
-53116
119746
-53300
119664
-53483
119582
-53667
119499
-53850
119416
-54033
119333
-54216
119250
-54399
119166
-54582
119082
-54765
118998
-54948
118914
-55130
118829
-55312
118744
-55495
118659
-55677
118574
-55859
118488
-56040
118402
-56222
118315
-56404
118228
-56585
118142
-56766
118054
-56948
117967
-57129
117879
-57310
117791
-57490
117703
-57671
117614
-57851
117525
-58032
117436
-58212
117347
-58392
117257
-58572
117167
-58752
117077
-58931
116986
-59111
116895
-59290
116804
-59470
116713
-59649
116621
-59828
116529
-60006
116437
-60185
116345
-60364
116252
-60542
116159
-60720
116066
-60898
115972
-61076
115878
-61254
115784
-61432
115690
-61610
115595
-61787
115500
-61964
115405
-62141
115310
-62318
115214
-62495
115118
-62672
115022
-62848
114925
-63024
114828
-63201
114731
-63377
114634
-63553
114536
-63728
114438
-63904
114340
-64080
114242
-64255
114143
-64430
114044
-64605
113945
-64780
113845
-64955
113746
-65129
113645
-65304
113545
-65478
113444
-65652
113344
-65826
113243
-66000
113141
-66173
113040
-66347
112938
-66520
112836
-66693
112733
-66866
112630
-67039
112527
-67212
112424
-67384
112321
-67557
112217
-67729
112113
-67901
112008
-68073
111904
-68245
111799
-68416
111694
-68588
111589
-68759
111483
-68930
111377
-69101
111271
-69272
111165
-69442
111058
-69613
110951
-69783
110844
-69953
110737
-70123
110629
-70293
110521
-70462
110413
-70632
110304
-70801
110196
-70970
110086
-71139
109977
-71308
109868
-71477
109758
-71645
109648
-71814
109538
-71982
109427
-72150
109316
-72317
109205
-72485
109094
-72652
108982
-72820
108870
-72987
108758
-73154
108646
-73320
108534
-73487
108421
-73653
108308
-73820
108194
-73986
108080
-74152
107967
-74317
107852
-74483
107738
-74648
107624
-74813
107509
-74978
107394
-75143
107278
-75308
107162
-75472
107046
-75637
106930
-75801
106814
-75965
106697
-76128
106580
-76292
106463
-76455
106346
-76619
106228
-76782
106110
-76944
105992
-77107
105874
-77270
105755
-77432
105636
-77594
105517
-77756
105398
-77918
105278
-78079
105158
-78241
105038
-78402
104918
-78563
104797
-78724
104676
-78885
104555
-79045
104434
-79205
104312
-79366
104190
-79525
104068
-79685
103946
-79845
103823
-80004
103700
-80163
103577
-80322
103454
-80481
103330
-80640
103206
-80798
103082
-80956
102958
-81114
102833
-81272
102708
-81430
102584
-81587
102458
-81744
102333
-81902
102207
-82058
102081
-82215
101955
-82372
101828
-82528
101702
-82684
101575
-82840
101447
-82996
101320
-83151
101192
-83306
101064
-83462
100936
-83616
100808
-83771
100679
-83926
100550
-84080
100421
-84234
100292
-84388
100162
-84542
100033
-84696
99902
-84849
99772
-85002
99642
-85155
99511
-85308
99380
-85460
99249
-85613
99117
-85765
98986
-85917
98854
-86068
98722
-86220
98589
-86371
98457
-86522
98324
-86673
98191
-86824
98058
-86975
97924
-87125
97790
-87275
97656
-87425
97522
-87575
97388
-87724
97253
-87873
97118
-88022
96983
-88171
96847
-88320
96712
-88468
96576
-88617
96440
-88765
96304
-88913
96167
-89060
96030
-89208
95894
-89355
95756
-89502
95619
-89649
95481
-89795
95343
-89942
95205
-90088
95067
-90234
94928
-90379
94790
-90525
94651
-90670
94512
-90815
94372
-90960
94232
-91105
94093
-91249
93952
-91394
93812
-91538
93672
-91681
93531
-91825
93390
-91968
93249
-92111
93107
-92254
92966
-92397
92824
-92540
92682
-92682
92540
-92824
92397
-92966
92254
-93107
92111
-93249
91968
-93390
91825
-93531
91681
-93672
91538
-93812
91394
-93952
91249
-94093
91105
-94232
90960
-94372
90815
-94512
90670
-94651
90525
-94790
90379
-94928
90234
-95067
90088
-95205
89942
-95343
89795
-95481
89649
-95619
89502
-95756
89355
-95894
89208
-96030
89060
-96167
88913
-96304
88765
-96440
88617
-96576
88468
-96712
88320
-96847
88171
-96983
88022
-97118
87873
-97253
87724
-97388
87575
-97522
87425
-97656
87275
-97790
87125
-97924
86975
-98058
86824
-98191
86673
-98324
86522
-98457
86371
-98589
86220
-98722
86068
-98854
85917
-98986
85765
-99117
85613
-99249
85460
-99380
85308
-99511
85155
-99642
85002
-99772
84849
-99902
84696
-100033
84542
-100162
84388
-100292
84234
-100421
84080
-100550
83926
-100679
83771
-100808
83616
-100936
83462
-101064
83306
-101192
83151
-101320
82996
-101447
82840
-101575
82684
-101702
82528
-101828
82372
-101955
82215
-102081
82058
-102207
81902
-102333
81744
-102458
81587
-102584
81430
-102708
81272
-102833
81114
-102958
80956
-103082
80798
-103206
80640
-103330
80481
-103454
80322
-103577
80163
-103700
80004
-103823
79845
-103946
79685
-104068
79525
-104190
79366
-104312
79205
-104434
79045
-104555
78885
-104676
78724
-104797
78563
-104918
78402
-105038
78241
-105158
78079
-105278
77918
-105398
77756
-105517
77594
-105636
77432
-105755
77270
-105874
77107
-105992
76944
-106110
76782
-106228
76619
-106346
76455
-106463
76292
-106580
76128
-106697
75965
-106814
75801
-106930
75637
-107046
75472
-107162
75308
-107278
75143
-107394
74978
-107509
74813
-107624
74648
-107738
74483
-107852
74317
-107967
74152
-108080
73986
-108194
73820
-108308
73653
-108421
73487
-108534
73320
-108646
73154
-108758
72987
-108870
72820
-108982
72652
-109094
72485
-109205
72317
-109316
72150
-109427
71982
-109538
71814
-109648
71645
-109758
71477
-109868
71308
-109977
71139
-110086
70970
-110196
70801
-110304
70632
-110413
70462
-110521
70293
-110629
70123
-110737
69953
-110844
69783
-110951
69613
-111058
69442
-111165
69272
-111271
69101
-111377
68930
-111483
68759
-111589
68588
-111694
68416
-111799
68245
-111904
68073
-112008
67901
-112113
67729
-112217
67557
-112321
67384
-112424
67212
-112527
67039
-112630
66866
-112733
66693
-112836
66520
-112938
66347
-113040
66173
-113141
66000
-113243
65826
-113344
65652
-113444
65478
-113545
65304
-113645
65129
-113746
64955
-113845
64780
-113945
64605
-114044
64430
-114143
64255
-114242
64080
-114340
63904
-114438
63728
-114536
63553
-114634
63377
-114731
63201
-114828
63024
-114925
62848
-115022
62672
-115118
62495
-115214
62318
-115310
62141
-115405
61964
-115500
61787
-115595
61610
-115690
61432
-115784
61254
-115878
61076
-115972
60898
-116066
60720
-116159
60542
-116252
60364
-116345
60185
-116437
60006
-116529
59828
-116621
59649
-116713
59470
-116804
59290
-116895
59111
-116986
58931
-117077
58752
-117167
58572
-117257
58392
-117347
58212
-117436
58032
-117525
57851
-117614
57671
-117703
57490
-117791
57310
-117879
57129
-117967
56948
-118054
56766
-118142
56585
-118228
56404
-118315
56222
-118402
56040
-118488
55859
-118574
55677
-118659
55495
-118744
55312
-118829
55130
-118914
54948
-118998
54765
-119082
54582
-119166
54399
-119250
54216
-119333
54033
-119416
53850
-119499
53667
-119582
53483
-119664
53300
-119746
53116
-119827
52932
-119909
52748
-119990
52564
-120070
52380
-120151
52195
-120231
52011
-120311
51826
-120391
51641
-120470
51456
-120549
51271
-120628
51086
-120706
50901
-120785
50716
-120863
50530
-120940
50345
-121018
50159
-121095
49973
-121172
49787
-121248
49601
-121324
49415
-121400
49229
-121476
49042
-121551
48856
-121626
48669
-121701
48482
-121776
48296
-121850
48109
-121924
47922
-121997
47734
-122071
47547
-122144
47360
-122217
47172
-122289
46984
-122361
46797
-122433
46609
-122505
46421
-122576
46233
-122647
46045
-122718
45856
-122789
45668
-122859
45479
-122929
45291
-122998
45102
-123068
44913
-123137
44724
-123206
44535
-123274
44346
-123342
44157
-123410
43967
-123478
43778
-123545
43588
-123612
43399
-123679
43209
-123745
43019
-123811
42829
-123877
42639
-123943
42449
-124008
42258
-124073
42068
-124138
41878
-124202
41687
-124266
41496
-124330
41306
-124393
41115
-124456
40924
-124519
40733
-124582
40542
-124644
40350
-124706
40159
-124768
39968
-124830
39776
-124891
39584
-124952
39393
-125012
39201
-125072
39009
-125132
38817
-125192
38625
-125252
38433
-125311
38240
-125370
38048
-125428
37856
-125486
37663
-125544
37470
-125602
37278
-125659
37085
-125716
36892
-125773
36699
-125829
36506
-125886
36313
-125941
36120
-125997
35926
-126052
35733
-126107
35540
-126162
35346
-126216
35152
-126270
34958
-126324
34765
-126378
34571
-126431
34377
-126484
34183
-126536
33989
-126588
33794
-126640
33600
-126692
33406
-126744
33211
-126795
33017
-126845
32822
-126896
32627
-126946
32433
-126996
32238
-127046
32043
-127095
31848
-127144
31653
-127193
31458
-127241
31262
-127289
31067
-127337
30872
-127384
30676
-127432
30481
-127478
30285
-127525
30090
-127571
29894
-127617
29698
-127663
29502
-127708
29306
-127754
29110
-127798
28914
-127843
28718
-127887
28522
-127931
28326
-127975
28129
-128018
27933
-128061
27736
-128104
27540
-128146
27343
-128188
27146
-128230
26950
-128272
26753
-128313
26556
-128354
26359
-128394
26162
-128434
25965
-128474
25768
-128514
25571
-128553
25374
-128592
25176
-128631
24979
-128670
24782
-128708
24584
-128746
24386
-128783
24189
-128821
23991
-128858
23794
-128894
23596
-128930
23398
-128967
23200
-129002
23002
-129038
22804
-129073
22606
-129108
22408
-129142
22210
-129176
22012
-129210
21814
-129244
21615
-129277
21417
-129310
21219
-129343
21020
-129375
20822
-129408
20623
-129439
20425
-129471
20226
-129502
20027
-129533
19829
-129563
19630
-129594
19431
-129624
19232
-129653
19033
-129683
18834
-129712
18635
-129740
18436
-129769
18237
-129797
18038
-129825
17839
-129852
17640
-129880
17440
-129906
17241
-129933
17042
-129959
16842
-129985
16643
-130011
16444
-130036
16244
-130062
16044
-130086
15845
-130111
15645
-130135
15446
-130159
15246
-130182
15046
-130206
14847
-130228
14647
-130251
14447
-130273
14247
-130295
14047
-130317
13847
-130338
13647
-130360
13447
-130380
13247
-130401
13047
-130421
12847
-130441
12647
-130460
12447
-130480
12247
-130498
12047
-130517
11846
-130536
11646
-130554
11446
-130571
11246
-130589
11045
-130606
10845
-130622
10644
-130639
10444
-130655
10244
-130671
10043
-130687
9843
-130702
9642
-130717
9442
-130731
9241
-130746
9040
-130760
8840
-130774
8639
-130787
8439
-130800
8238
-130813
8037
-130825
7837
-130838
7636
-130849
7435
-130861
7234
-130872
7034
-130883
6833
-130894
6632
-130904
6431
-130914
6230
-130924
6030
-130933
5829
-130942
5628
-130951
5427
-130960
5226
-130968
5025
-130976
4824
-130983
4623
-130990
4422
-130997
4222
-131004
4020
-131010
3820
-131016
3619
-131022
3418
-131027
3217
-131032
3016
-131037
2815
-131042
2614
-131046
2412
-131050
2212
-131053
2010
-131056
1809
-131060
1608
-131062
1407
-131064
1206
-131066
1005
-131068
804
-131070
603
-131070
402
-131071
201
-131072
0
-131072
-201
-131072
-402
-131071
-603
-131070
-804
-131070
-1005
-131068
-1206
-131066
-1407
-131064
-1608
-131062
-1809
-131060
-2010
-131056
-2212
-131053
-2412
-131050
-2614
-131046
-2815
-131042
-3016
-131037
-3217
-131032
-3418
-131027
-3619
-131022
-3820
-131016
-4020
-131010
-4222
-131004
-4422
-130997
-4623
-130990
-4824
-130983
-5025
-130976
-5226
-130968
-5427
-130960
-5628
-130951
-5829
-130942
-6030
-130933
-6230
-130924
-6431
-130914
-6632
-130904
-6833
-130894
-7034
-130883
-7234
-130872
-7435
-130861
-7636
-130849
-7837
-130838
-8037
-130825
-8238
-130813
-8439
-130800
-8639
-130787
-8840
-130774
-9040
-130760
-9241
-130746
-9442
-130731
-9642
-130717
-9843
-130702
-10043
-130687
-10244
-130671
-10444
-130655
-10644
-130639
-10845
-130622
-11045
-130606
-11246
-130589
-11446
-130571
-11646
-130554
-11846
-130536
-12047
-130517
-12247
-130498
-12447
-130480
-12647
-130460
-12847
-130441
-13047
-130421
-13247
-130401
-13447
-130380
-13647
-130360
-13847
-130338
-14047
-130317
-14247
-130295
-14447
-130273
-14647
-130251
-14847
-130228
-15046
-130206
-15246
-130182
-15446
-130159
-15645
-130135
-15845
-130111
-16044
-130086
-16244
-130062
-16444
-130036
-16643
-130011
-16842
-129985
-17042
-129959
-17241
-129933
-17440
-129906
-17640
-129880
-17839
-129852
-18038
-129825
-18237
-129797
-18436
-129769
-18635
-129740
-18834
-129712
-19033
-129683
-19232
-129653
-19431
-129624
-19630
-129594
-19829
-129563
-20027
-129533
-20226
-129502
-20425
-129471
-20623
-129439
-20822
-129408
-21020
-129375
-21219
-129343
-21417
-129310
-21615
-129277
-21814
-129244
-22012
-129210
-22210
-129176
-22408
-129142
-22606
-129108
-22804
-129073
-23002
-129038
-23200
-129002
-23398
-128967
-23596
-128930
-23794
-128894
-23991
-128858
-24189
-128821
-24386
-128783
-24584
-128746
-24782
-128708
-24979
-128670
-25176
-128631
-25374
-128592
-25571
-128553
-25768
-128514
-25965
-128474
-26162
-128434
-26359
-128394
-26556
-128354
-26753
-128313
-26950
-128272
-27146
-128230
-27343
-128188
-27540
-128146
-27736
-128104
-27933
-128061
-28129
-128018
-28326
-127975
-28522
-127931
-28718
-127887
-28914
-127843
-29110
-127798
-29306
-127754
-29502
-127708
-29698
-127663
-29894
-127617
-30090
-127571
-30285
-127525
-30481
-127478
-30676
-127432
-30872
-127384
-31067
-127337
-31262
-127289
-31458
-127241
-31653
-127193
-31848
-127144
-32043
-127095
-32238
-127046
-32433
-126996
-32627
-126946
-32822
-126896
-33017
-126845
-33211
-126795
-33406
-126744
-33600
-126692
-33794
-126640
-33989
-126588
-34183
-126536
-34377
-126484
-34571
-126431
-34765
-126378
-34958
-126324
-35152
-126270
-35346
-126216
-35540
-126162
-35733
-126107
-35926
-126052
-36120
-125997
-36313
-125941
-36506
-125886
-36699
-125829
-36892
-125773
-37085
-125716
-37278
-125659
-37470
-125602
-37663
-125544
-37856
-125486
-38048
-125428
-38240
-125370
-38433
-125311
-38625
-125252
-38817
-125192
-39009
-125132
-39201
-125072
-39393
-125012
-39584
-124952
-39776
-124891
-39968
-124830
-40159
-124768
-40350
-124706
-40542
-124644
-40733
-124582
-40924
-124519
-41115
-124456
-41306
-124393
-41496
-124330
-41687
-124266
-41878
-124202
-42068
-124138
-42258
-124073
-42449
-124008
-42639
-123943
-42829
-123877
-43019
-123811
-43209
-123745
-43399
-123679
-43588
-123612
-43778
-123545
-43967
-123478
-44157
-123410
-44346
-123342
-44535
-123274
-44724
-123206
-44913
-123137
-45102
-123068
-45291
-122998
-45479
-122929
-45668
-122859
-45856
-122789
-46045
-122718
-46233
-122647
-46421
-122576
-46609
-122505
-46797
-122433
-46984
-122361
-47172
-122289
-47360
-122217
-47547
-122144
-47734
-122071
-47922
-121997
-48109
-121924
-48296
-121850
-48482
-121776
-48669
-121701
-48856
-121626
-49042
-121551
-49229
-121476
-49415
-121400
-49601
-121324
-49787
-121248
-49973
-121172
-50159
-121095
-50345
-121018
-50530
-120940
-50716
-120863
-50901
-120785
-51086
-120706
-51271
-120628
-51456
-120549
-51641
-120470
-51826
-120391
-52011
-120311
-52195
-120231
-52380
-120151
-52564
-120070
-52748
-119990
-52932
-119909
-53116
-119827
-53300
-119746
-53483
-119664
-53667
-119582
-53850
-119499
-54033
-119416
-54216
-119333
-54399
-119250
-54582
-119166
-54765
-119082
-54948
-118998
-55130
-118914
-55312
-118829
-55495
-118744
-55677
-118659
-55859
-118574
-56040
-118488
-56222
-118402
-56404
-118315
-56585
-118228
-56766
-118142
-56948
-118054
-57129
-117967
-57310
-117879
-57490
-117791
-57671
-117703
-57851
-117614
-58032
-117525
-58212
-117436
-58392
-117347
-58572
-117257
-58752
-117167
-58931
-117077
-59111
-116986
-59290
-116895
-59470
-116804
-59649
-116713
-59828
-116621
-60006
-116529
-60185
-116437
-60364
-116345
-60542
-116252
-60720
-116159
-60898
-116066
-61076
-115972
-61254
-115878
-61432
-115784
-61610
-115690
-61787
-115595
-61964
-115500
-62141
-115405
-62318
-115310
-62495
-115214
-62672
-115118
-62848
-115022
-63024
-114925
-63201
-114828
-63377
-114731
-63553
-114634
-63728
-114536
-63904
-114438
-64080
-114340
-64255
-114242
-64430
-114143
-64605
-114044
-64780
-113945
-64955
-113845
-65129
-113746
-65304
-113645
-65478
-113545
-65652
-113444
-65826
-113344
-66000
-113243
-66173
-113141
-66347
-113040
-66520
-112938
-66693
-112836
-66866
-112733
-67039
-112630
-67212
-112527
-67384
-112424
-67557
-112321
-67729
-112217
-67901
-112113
-68073
-112008
-68245
-111904
-68416
-111799
-68588
-111694
-68759
-111589
-68930
-111483
-69101
-111377
-69272
-111271
-69442
-111165
-69613
-111058
-69783
-110951
-69953
-110844
-70123
-110737
-70293
-110629
-70462
-110521
-70632
-110413
-70801
-110304
-70970
-110196
-71139
-110086
-71308
-109977
-71477
-109868
-71645
-109758
-71814
-109648
-71982
-109538
-72150
-109427
-72317
-109316
-72485
-109205
-72652
-109094
-72820
-108982
-72987
-108870
-73154
-108758
-73320
-108646
-73487
-108534
-73653
-108421
-73820
-108308
-73986
-108194
-74152
-108080
-74317
-107967
-74483
-107852
-74648
-107738
-74813
-107624
-74978
-107509
-75143
-107394
-75308
-107278
-75472
-107162
-75637
-107046
-75801
-106930
-75965
-106814
-76128
-106697
-76292
-106580
-76455
-106463
-76619
-106346
-76782
-106228
-76944
-106110
-77107
-105992
-77270
-105874
-77432
-105755
-77594
-105636
-77756
-105517
-77918
-105398
-78079
-105278
-78241
-105158
-78402
-105038
-78563
-104918
-78724
-104797
-78885
-104676
-79045
-104555
-79205
-104434
-79366
-104312
-79525
-104190
-79685
-104068
-79845
-103946
-80004
-103823
-80163
-103700
-80322
-103577
-80481
-103454
-80640
-103330
-80798
-103206
-80956
-103082
-81114
-102958
-81272
-102833
-81430
-102708
-81587
-102584
-81744
-102458
-81902
-102333
-82058
-102207
-82215
-102081
-82372
-101955
-82528
-101828
-82684
-101702
-82840
-101575
-82996
-101447
-83151
-101320
-83306
-101192
-83462
-101064
-83616
-100936
-83771
-100808
-83926
-100679
-84080
-100550
-84234
-100421
-84388
-100292
-84542
-100162
-84696
-100033
-84849
-99902
-85002
-99772
-85155
-99642
-85308
-99511
-85460
-99380
-85613
-99249
-85765
-99117
-85917
-98986
-86068
-98854
-86220
-98722
-86371
-98589
-86522
-98457
-86673
-98324
-86824
-98191
-86975
-98058
-87125
-97924
-87275
-97790
-87425
-97656
-87575
-97522
-87724
-97388
-87873
-97253
-88022
-97118
-88171
-96983
-88320
-96847
-88468
-96712
-88617
-96576
-88765
-96440
-88913
-96304
-89060
-96167
-89208
-96030
-89355
-95894
-89502
-95756
-89649
-95619
-89795
-95481
-89942
-95343
-90088
-95205
-90234
-95067
-90379
-94928
-90525
-94790
-90670
-94651
-90815
-94512
-90960
-94372
-91105
-94232
-91249
-94093
-91394
-93952
-91538
-93812
-91681
-93672
-91825
-93531
-91968
-93390
-92111
-93249
-92254
-93107
-92397
-92966
-92540
-92824
-92682
-92682
-92824
-92540
-92966
-92397
-93107
-92254
-93249
-92111
-93390
-91968
-93531
-91825
-93672
-91681
-93812
-91538
-93952
-91394
-94093
-91249
-94232
-91105
-94372
-90960
-94512
-90815
-94651
-90670
-94790
-90525
-94928
-90379
-95067
-90234
-95205
-90088
-95343
-89942
-95481
-89795
-95619
-89649
-95756
-89502
-95894
-89355
-96030
-89208
-96167
-89060
-96304
-88913
-96440
-88765
-96576
-88617
-96712
-88468
-96847
-88320
-96983
-88171
-97118
-88022
-97253
-87873
-97388
-87724
-97522
-87575
-97656
-87425
-97790
-87275
-97924
-87125
-98058
-86975
-98191
-86824
-98324
-86673
-98457
-86522
-98589
-86371
-98722
-86220
-98854
-86068
-98986
-85917
-99117
-85765
-99249
-85613
-99380
-85460
-99511
-85308
-99642
-85155
-99772
-85002
-99902
-84849
-100033
-84696
-100162
-84542
-100292
-84388
-100421
-84234
-100550
-84080
-100679
-83926
-100808
-83771
-100936
-83616
-101064
-83462
-101192
-83306
-101320
-83151
-101447
-82996
-101575
-82840
-101702
-82684
-101828
-82528
-101955
-82372
-102081
-82215
-102207
-82058
-102333
-81902
-102458
-81744
-102584
-81587
-102708
-81430
-102833
-81272
-102958
-81114
-103082
-80956
-103206
-80798
-103330
-80640
-103454
-80481
-103577
-80322
-103700
-80163
-103823
-80004
-103946
-79845
-104068
-79685
-104190
-79525
-104312
-79366
-104434
-79205
-104555
-79045
-104676
-78885
-104797
-78724
-104918
-78563
-105038
-78402
-105158
-78241
-105278
-78079
-105398
-77918
-105517
-77756
-105636
-77594
-105755
-77432
-105874
-77270
-105992
-77107
-106110
-76944
-106228
-76782
-106346
-76619
-106463
-76455
-106580
-76292
-106697
-76128
-106814
-75965
-106930
-75801
-107046
-75637
-107162
-75472
-107278
-75308
-107394
-75143
-107509
-74978
-107624
-74813
-107738
-74648
-107852
-74483
-107967
-74317
-108080
-74152
-108194
-73986
-108308
-73820
-108421
-73653
-108534
-73487
-108646
-73320
-108758
-73154
-108870
-72987
-108982
-72820
-109094
-72652
-109205
-72485
-109316
-72317
-109427
-72150
-109538
-71982
-109648
-71814
-109758
-71645
-109868
-71477
-109977
-71308
-110086
-71139
-110196
-70970
-110304
-70801
-110413
-70632
-110521
-70462
-110629
-70293
-110737
-70123
-110844
-69953
-110951
-69783
-111058
-69613
-111165
-69442
-111271
-69272
-111377
-69101
-111483
-68930
-111589
-68759
-111694
-68588
-111799
-68416
-111904
-68245
-112008
-68073
-112113
-67901
-112217
-67729
-112321
-67557
-112424
-67384
-112527
-67212
-112630
-67039
-112733
-66866
-112836
-66693
-112938
-66520
-113040
-66347
-113141
-66173
-113243
-66000
-113344
-65826
-113444
-65652
-113545
-65478
-113645
-65304
-113746
-65129
-113845
-64955
-113945
-64780
-114044
-64605
-114143
-64430
-114242
-64255
-114340
-64080
-114438
-63904
-114536
-63728
-114634
-63553
-114731
-63377
-114828
-63201
-114925
-63024
-115022
-62848
-115118
-62672
-115214
-62495
-115310
-62318
-115405
-62141
-115500
-61964
-115595
-61787
-115690
-61610
-115784
-61432
-115878
-61254
-115972
-61076
-116066
-60898
-116159
-60720
-116252
-60542
-116345
-60364
-116437
-60185
-116529
-60006
-116621
-59828
-116713
-59649
-116804
-59470
-116895
-59290
-116986
-59111
-117077
-58931
-117167
-58752
-117257
-58572
-117347
-58392
-117436
-58212
-117525
-58032
-117614
-57851
-117703
-57671
-117791
-57490
-117879
-57310
-117967
-57129
-118054
-56948
-118142
-56766
-118228
-56585
-118315
-56404
-118402
-56222
-118488
-56040
-118574
-55859
-118659
-55677
-118744
-55495
-118829
-55312
-118914
-55130
-118998
-54948
-119082
-54765
-119166
-54582
-119250
-54399
-119333
-54216
-119416
-54033
-119499
-53850
-119582
-53667
-119664
-53483
-119746
-53300
-119827
-53116
-119909
-52932
-119990
-52748
-120070
-52564
-120151
-52380
-120231
-52195
-120311
-52011
-120391
-51826
-120470
-51641
-120549
-51456
-120628
-51271
-120706
-51086
-120785
-50901
-120863
-50716
-120940
-50530
-121018
-50345
-121095
-50159
-121172
-49973
-121248
-49787
-121324
-49601
-121400
-49415
-121476
-49229
-121551
-49042
-121626
-48856
-121701
-48669
-121776
-48482
-121850
-48296
-121924
-48109
-121997
-47922
-122071
-47734
-122144
-47547
-122217
-47360
-122289
-47172
-122361
-46984
-122433
-46797
-122505
-46609
-122576
-46421
-122647
-46233
-122718
-46045
-122789
-45856
-122859
-45668
-122929
-45479
-122998
-45291
-123068
-45102
-123137
-44913
-123206
-44724
-123274
-44535
-123342
-44346
-123410
-44157
-123478
-43967
-123545
-43778
-123612
-43588
-123679
-43399
-123745
-43209
-123811
-43019
-123877
-42829
-123943
-42639
-124008
-42449
-124073
-42258
-124138
-42068
-124202
-41878
-124266
-41687
-124330
-41496
-124393
-41306
-124456
-41115
-124519
-40924
-124582
-40733
-124644
-40542
-124706
-40350
-124768
-40159
-124830
-39968
-124891
-39776
-124952
-39584
-125012
-39393
-125072
-39201
-125132
-39009
-125192
-38817
-125252
-38625
-125311
-38433
-125370
-38240
-125428
-38048
-125486
-37856
-125544
-37663
-125602
-37470
-125659
-37278
-125716
-37085
-125773
-36892
-125829
-36699
-125886
-36506
-125941
-36313
-125997
-36120
-126052
-35926
-126107
-35733
-126162
-35540
-126216
-35346
-126270
-35152
-126324
-34958
-126378
-34765
-126431
-34571
-126484
-34377
-126536
-34183
-126588
-33989
-126640
-33794
-126692
-33600
-126744
-33406
-126795
-33211
-126845
-33017
-126896
-32822
-126946
-32627
-126996
-32433
-127046
-32238
-127095
-32043
-127144
-31848
-127193
-31653
-127241
-31458
-127289
-31262
-127337
-31067
-127384
-30872
-127432
-30676
-127478
-30481
-127525
-30285
-127571
-30090
-127617
-29894
-127663
-29698
-127708
-29502
-127754
-29306
-127798
-29110
-127843
-28914
-127887
-28718
-127931
-28522
-127975
-28326
-128018
-28129
-128061
-27933
-128104
-27736
-128146
-27540
-128188
-27343
-128230
-27146
-128272
-26950
-128313
-26753
-128354
-26556
-128394
-26359
-128434
-26162
-128474
-25965
-128514
-25768
-128553
-25571
-128592
-25374
-128631
-25176
-128670
-24979
-128708
-24782
-128746
-24584
-128783
-24386
-128821
-24189
-128858
-23991
-128894
-23794
-128930
-23596
-128967
-23398
-129002
-23200
-129038
-23002
-129073
-22804
-129108
-22606
-129142
-22408
-129176
-22210
-129210
-22012
-129244
-21814
-129277
-21615
-129310
-21417
-129343
-21219
-129375
-21020
-129408
-20822
-129439
-20623
-129471
-20425
-129502
-20226
-129533
-20027
-129563
-19829
-129594
-19630
-129624
-19431
-129653
-19232
-129683
-19033
-129712
-18834
-129740
-18635
-129769
-18436
-129797
-18237
-129825
-18038
-129852
-17839
-129880
-17640
-129906
-17440
-129933
-17241
-129959
-17042
-129985
-16842
-130011
-16643
-130036
-16444
-130062
-16244
-130086
-16044
-130111
-15845
-130135
-15645
-130159
-15446
-130182
-15246
-130206
-15046
-130228
-14847
-130251
-14647
-130273
-14447
-130295
-14247
-130317
-14047
-130338
-13847
-130360
-13647
-130380
-13447
-130401
-13247
-130421
-13047
-130441
-12847
-130460
-12647
-130480
-12447
-130498
-12247
-130517
-12047
-130536
-11846
-130554
-11646
-130571
-11446
-130589
-11246
-130606
-11045
-130622
-10845
-130639
-10644
-130655
-10444
-130671
-10244
-130687
-10043
-130702
-9843
-130717
-9642
-130731
-9442
-130746
-9241
-130760
-9040
-130774
-8840
-130787
-8639
-130800
-8439
-130813
-8238
-130825
-8037
-130838
-7837
-130849
-7636
-130861
-7435
-130872
-7234
-130883
-7034
-130894
-6833
-130904
-6632
-130914
-6431
-130924
-6230
-130933
-6030
-130942
-5829
-130951
-5628
-130960
-5427
-130968
-5226
-130976
-5025
-130983
-4824
-130990
-4623
-130997
-4422
-131004
-4222
-131010
-4020
-131016
-3820
-131022
-3619
-131027
-3418
-131032
-3217
-131037
-3016
-131042
-2815
-131046
-2614
-131050
-2412
-131053
-2212
-131056
-2010
-131060
-1809
-131062
-1608
-131064
-1407
-131066
-1206
-131068
-1005
-131070
-804
-131070
-603
-131071
-402
-131072
-201
