2047
0
2047
-2
2047
-3
2047
-5
2047
-6
2047
-8
2047
-9
2047
-11
2047
-12
2047
-14
2047
-16
2047
-17
2047
-19
2047
-20
2047
-22
2047
-24
2047
-25
2047
-27
2047
-28
2047
-30
2047
-31
2047
-33
2047
-34
2047
-36
2047
-38
2047
-39
2047
-41
2047
-42
2047
-44
2047
-46
2047
-47
2047
-49
2047
-50
2047
-52
2047
-53
2047
-55
2047
-56
2047
-58
2047
-60
2047
-61
2047
-63
2047
-64
2047
-66
2047
-68
2047
-69
2047
-71
2047
-72
2047
-74
2046
-75
2046
-77
2046
-78
2046
-80
2046
-82
2046
-83
2046
-85
2046
-86
2046
-88
2046
-90
2046
-91
2046
-93
2046
-94
2046
-96
2046
-97
2046
-99
2046
-100
2045
-102
2045
-104
2045
-105
2045
-107
2045
-108
2045
-110
2045
-111
2045
-113
2045
-114
2045
-116
2044
-118
2044
-119
2044
-121
2044
-122
2044
-124
2044
-126
2044
-127
2044
-129
2044
-130
2044
-132
2044
-133
2044
-135
2043
-136
2043
-138
2043
-140
2043
-141
2043
-143
2043
-144
2043
-146
2043
-148
2042
-149
2042
-151
2042
-152
2042
-154
2042
-155
2042
-157
2042
-158
2042
-160
2042
-162
2041
-163
2041
-165
2041
-166
2041
-168
2041
-169
2041
-171
2041
-172
2040
-174
2040
-176
2040
-177
2040
-179
2040
-180
2040
-182
2040
-184
2040
-185
2039
-187
2039
-188
2039
-190
2039
-191
2039
-193
2039
-194
2038
-196
2038
-198
2038
-199
2038
-201
2038
-202
2038
-204
2038
-205
2038
-207
2037
-208
2037
-210
2037
-212
2037
-213
2037
-215
2036
-216
2036
-218
2036
-219
2036
-221
2036
-222
2036
-224
2036
-226
2035
-227
2035
-229
2035
-230
2035
-232
2035
-234
2034
-235
2034
-237
2034
-238
2034
-240
2034
-241
2034
-243
2033
-244
2033
-246
2033
-248
2033
-249
2032
-251
2032
-252
2032
-254
2032
-255
2032
-257
2032
-258
2031
-260
2031
-262
2031
-263
2031
-265
2030
-266
2030
-268
2030
-269
2030
-271
2030
-272
2030
-274
2029
-276
2029
-277
2029
-279
2029
-280
2028
-282
2028
-283
2028
-285
2028
-286
2028
-288
2027
-290
2027
-291
2027
-293
2027
-294
2026
-296
2026
-297
2026
-299
2026
-300
2026
-302
2025
-304
2025
-305
2025
-307
2025
-308
2024
-310
2024
-311
2024
-313
2024
-314
2023
-316
2023
-318
2023
-319
2023
-321
2022
-322
2022
-324
2022
-325
2022
-327
2021
-328
2021
-330
2021
-332
2021
-333
2020
-335
2020
-336
2020
-338
2020
-339
2019
-341
2019
-342
2019
-344
2019
-345
2018
-347
2018
-348
2018
-350
2018
-352
2017
-353
2017
-355
2017
-356
2016
-358
2016
-359
2016
-361
2016
-362
2015
-364
2015
-366
2015
-367
2014
-369
2014
-370
2014
-372
2014
-373
2013
-375
2013
-376
2013
-378
2012
-379
2012
-381
2012
-382
2012
-384
2011
-386
2011
-387
2011
-389
2010
-390
2010
-392
2010
-393
2010
-395
2009
-396
2009
-398
2009
-400
2008
-401
2008
-403
2008
-404
2007
-406
2007
-407
2007
-409
2006
-410
2006
-412
2006
-413
2006
-415
2005
-416
2005
-418
2004
-420
2004
-421
2004
-423
2004
-424
2003
-426
2003
-427
2002
-429
2002
-430
2002
-432
2002
-433
2001
-435
2001
-436
2000
-438
2000
-440
2000
-441
2000
-442
1999
-444
1999
-446
1998
-447
1998
-449
1998
-450
1998
-452
1997
-453
1997
-455
1996
-456
1996
-458
1996
-459
1995
-461
1995
-462
1995
-464
1994
-466
1994
-467
1994
-468
1993
-470
1993
-472
1992
-473
1992
-475
1992
-476
1991
-478
1991
-479
1991
-481
1990
-482
1990
-484
1990
-485
1989
-487
1989
-488
1988
-490
1988
-492
1988
-493
1987
-494
1987
-496
1986
-498
1986
-499
1986
-501
1985
-502
1985
-504
1985
-505
1984
-507
1984
-508
1984
-510
1983
-511
1983
-513
1982
-514
1982
-516
1982
-517
1981
-519
1981
-520
1980
-522
1980
-523
1980
-525
1979
-526
1979
-528
1978
-530
1978
-531
1978
-532
1977
-534
1977
-536
1976
-537
1976
-539
1975
-540
1975
-542
1975
-543
1974
-545
1974
-546
1973
-548
1973
-549
1972
-551
1972
-552
1972
-554
1971
-555
1971
-557
1970
-558
1970
-560
1970
-561
1969
-563
1969
-564
1968
-566
1968
-567
1967
-569
1967
-570
1966
-572
1966
-573
1966
-575
1965
-576
1965
-578
1964
-579
1964
-581
1963
-582
1963
-584
1962
-585
1962
-587
1962
-588
1961
-590
1961
-591
1960
-593
1960
-594
1959
-596
1959
-598
1958
-599
1958
-600
1958
-602
1957
-604
1956
-605
1956
-606
1956
-608
1955
-610
1955
-611
1954
-612
1954
-614
1953
-616
1953
-617
1952
-618
1952
-620
1951
-622
1951
-623
1950
-624
1950
-626
1950
-627
1949
-629
1948
-630
1948
-632
1948
-633
1947
-635
1946
-636
1946
-638
1946
-639
1945
-641
1945
-642
1944
-644
1944
-645
1943
-647
1943
-648
1942
-650
1942
-651
1941
-653
1941
-654
1940
-656
1940
-657
1939
-659
1939
-660
1938
-662
1938
-663
1937
-665
1936
-666
1936
-668
1936
-669
1935
-671
1934
-672
1934
-674
1934
-675
1933
-676
1932
-678
1932
-680
1931
-681
1931
-682
1930
-684
1930
-686
1929
-687
1929
-688
1928
-690
1928
-691
1927
-693
1927
-694
1926
-696
1926
-697
1925
-699
1924
-700
1924
-702
1923
-703
1923
-705
1922
-706
1922
-708
1921
-709
1921
-710
1920
-712
1920
-714
1919
-715
1918
-716
1918
-718
1917
-719
1917
-721
1916
-722
1916
-724
1915
-725
1915
-727
1914
-728
1914
-730
1913
-731
1912
-733
1912
-734
1911
-736
1911
-737
1910
-738
1910
-740
1909
-741
1908
-743
1908
-744
1907
-746
1907
-747
1906
-749
1906
-750
1905
-752
1904
-753
1904
-754
1903
-756
1903
-758
1902
-759
1902
-760
1901
-762
1900
-763
1900
-765
1899
-766
1899
-768
1898
-769
1897
-771
1897
-772
1896
-774
1896
-775
1895
-776
1894
-778
1894
-779
1893
-781
1893
-782
1892
-784
1892
-785
1891
-787
1890
-788
1890
-790
1889
-791
1888
-792
1888
-794
1887
-795
1887
-797
1886
-798
1885
-800
1885
-801
1884
-802
1884
-804
1883
-805
1882
-807
1882
-808
1881
-810
1880
-811
1880
-813
1879
-814
1878
-816
1878
-817
1877
-818
1877
-820
1876
-821
1875
-823
1875
-824
1874
-826
1874
-827
1873
-828
1872
-830
1872
-831
1871
-833
1870
-834
1870
-836
1869
-837
1868
-838
1868
-840
1867
-841
1866
-843
1866
-844
1865
-846
1864
-847
1864
-848
1863
-850
1863
-851
1862
-853
1861
-854
1861
-856
1860
-857
1859
-858
1859
-860
1858
-861
1857
-863
1857
-864
1856
-866
1855
-867
1855
-868
1854
-870
1853
-871
1853
-873
1852
-874
1851
-876
1851
-877
1850
-878
1849
-880
1849
-881
1848
-883
1847
-884
1847
-886
1846
-887
1845
-888
1844
-890
1844
-891
1843
-893
1842
-894
1842
-895
1841
-897
1840
-898
1840
-900
1839
-901
1838
-902
1838
-904
1837
-905
1836
-907
1836
-908
1835
-910
1834
-911
1834
-912
1833
-914
1832
-915
1831
-916
1831
-918
1830
-919
1829
-921
1828
-922
1828
-924
1827
-925
1826
-926
1826
-928
1825
-929
1824
-930
1824
-932
1823
-933
1822
-935
1821
-936
1821
-938
1820
-939
1819
-940
1818
-942
1818
-943
1817
-944
1816
-946
1816
-947
1815
-949
1814
-950
1814
-952
1813
-953
1812
-954
1811
-956
1810
-957
1810
-958
1809
-960
1808
-961
1808
-963
1807
-964
1806
-965
1805
-967
1805
-968
1804
-970
1803
-971
1802
-972
1802
-974
1801
-975
1800
-976
1799
-978
1799
-979
1798
-980
1797
-982
1796
-983
1796
-985
1795
-986
1794
-988
1793
-989
1793
-990
1792
-992
1791
-993
1790
-994
1790
-996
1789
-997
1788
-998
1787
-1000
1786
-1001
1786
-1002
1785
-1004
1784
-1005
1783
-1007
1783
-1008
1782
-1009
1781
-1011
1780
-1012
1780
-1014
1779
-1015
1778
-1016
1777
-1018
1776
-1019
1776
-1020
1775
-1022
1774
-1023
1773
-1024
1772
-1026
1772
-1027
1771
-1028
1770
-1030
1769
-1031
1768
-1032
1768
-1034
1767
-1035
1766
-1037
1765
-1038
1765
-1039
1764
-1041
1763
-1042
1762
-1043
1761
-1045
1761
-1046
1760
-1047
1759
-1049
1758
-1050
1757
-1052
1757
-1053
1756
-1054
1755
-1056
1754
-1057
1753
-1058
1752
-1060
1752
-1061
1751
-1062
1750
-1064
1749
-1065
1748
-1066
1748
-1068
1747
-1069
1746
-1070
1745
-1072
1744
-1073
1744
-1074
1743
-1076
1742
-1077
1741
-1078
1740
-1080
1739
-1081
1738
-1082
1738
-1084
1737
-1085
1736
-1086
1735
-1088
1734
-1089
1734
-1090
1733
-1092
1732
-1093
1731
-1094
1730
-1096
1729
-1097
1728
-1098
1728
-1100
1727
-1101
1726
-1102
1725
-1104
1724
-1105
1724
-1106
1723
-1108
1722
-1109
1721
-1110
1720
-1112
1719
-1113
1718
-1114
1718
-1116
1717
-1117
1716
-1118
1715
-1119
1714
-1121
1713
-1122
1712
-1123
1712
-1125
1711
-1126
1710
-1127
1709
-1129
1708
-1130
1707
-1131
1706
-1132
1705
-1134
1704
-1135
1704
-1136
1703
-1138
1702
-1139
1701
-1140
1700
-1142
1699
-1143
1698
-1144
1698
-1146
1697
-1147
1696
-1148
1695
-1150
1694
-1151
1693
-1152
1692
-1153
1691
-1155
1690
-1156
1690
-1157
1689
-1158
1688
-1160
1687
-1161
1686
-1162
1685
-1164
1684
-1165
1683
-1166
1682
-1168
1682
-1169
1681
-1170
1680
-1172
1679
-1173
1678
-1174
1677
-1175
1676
-1177
1675
-1178
1674
-1179
1674
-1180
1672
-1182
1672
-1183
1671
-1184
1670
-1186
1669
-1187
1668
-1188
1667
-1190
1666
-1191
1665
-1192
1664
-1193
1663
-1194
1662
-1196
1662
-1197
1661
-1198
1660
-1200
1659
-1201
1658
-1202
1657
-1204
1656
-1205
1655
-1206
1654
-1207
1653
-1208
1652
-1210
1651
-1211
1650
-1212
1650
-1214
1649
-1215
1648
-1216
1647
-1217
1646
-1219
1645
-1220
1644
-1221
1643
-1222
1642
-1224
1641
-1225
1640
-1226
1639
-1228
1638
-1229
1637
-1230
1636
-1231
1636
-1232
1634
-1234
1634
-1235
1633
-1236
1632
-1238
1631
-1239
1630
-1240
1629
-1241
1628
-1242
1627
-1244
1626
-1245
1625
-1246
1624
-1248
1623
-1249
1622
-1250
1621
-1251
1620
-1252
1619
-1254
1618
-1255
1617
-1256
1616
-1258
1615
-1259
1614
-1260
1614
-1261
1612
-1262
1612
-1264
1611
-1265
1610
-1266
1609
-1267
1608
-1269
1607
-1270
1606
-1271
1605
-1272
1604
-1274
1603
-1275
1602
-1276
1601
-1277
1600
-1278
1599
-1280
1598
-1281
1597
-1282
1596
-1283
1595
-1284
1594
-1286
1593
-1287
1592
-1288
1591
-1289
1590
-1291
1589
-1292
1588
-1293
1587
-1294
1586
-1296
1585
-1297
1584
-1298
1583
-1299
1582
-1300
1581
-1302
1580
-1303
1579
-1304
1578
-1305
1577
-1306
1576
-1308
1575
-1309
1574
-1310
1573
-1311
1572
-1312
1571
-1314
1570
-1315
1569
-1316
1568
-1317
1567
-1318
1566
-1320
1565
-1321
1564
-1322
1563
-1323
1562
-1324
1561
-1326
1560
-1327
1559
-1328
1558
-1329
1557
-1330
1556
-1332
1555
-1333
1554
-1334
1553
-1335
1552
-1336
1551
-1338
1550
-1339
1549
-1340
1548
-1341
1547
-1342
1546
-1344
1544
-1345
1544
-1346
1542
-1347
1541
-1348
1540
-1350
1539
-1351
1538
-1352
1537
-1353
1536
-1354
1535
-1355
1534
-1357
1533
-1358
1532
-1359
1531
-1360
1530
-1361
1529
-1362
1528
-1364
1527
-1365
1526
-1366
1525
-1367
1524
-1368
1523
-1370
1522
-1371
1521
-1372
1520
-1373
1518
-1374
1517
-1375
1516
-1376
1515
-1378
1514
-1379
1513
-1380
1512
-1381
1511
-1382
1510
-1383
1509
-1385
1508
-1386
1507
-1387
1506
-1388
1505
-1389
1504
-1390
1502
-1392
1502
-1393
1500
-1394
1499
-1395
1498
-1396
1497
-1397
1496
-1398
1495
-1400
1494
-1401
1493
-1402
1492
-1403
1491
-1404
1490
-1405
1489
-1406
1488
-1408
1486
-1409
1485
-1410
1484
-1411
1483
-1412
1482
-1413
1481
-1414
1480
-1416
1479
-1417
1478
-1418
1477
-1419
1476
-1420
1474
-1421
1473
-1422
1472
-1424
1471
-1425
1470
-1426
1469
-1427
1468
-1428
1467
-1429
1466
-1430
1465
-1431
1464
-1432
1462
-1434
1461
-1435
1460
-1436
1459
-1437
1458
-1438
1457
-1439
1456
-1440
1455
-1441
1454
-1442
1452
-1444
1451
-1445
1450
-1446
1449
-1447
1448
-1448
1447
-1449
1446
-1450
1445
-1451
1444
-1452
1442
-1454
1441
-1455
1440
-1456
1439
-1457
1438
-1458
1437
-1459
1436
-1460
1435
-1461
1434
-1462
1432
-1464
1431
-1465
1430
-1466
1429
-1467
1428
-1468
1427
-1469
1426
-1470
1425
-1471
1424
-1472
1422
-1473
1421
-1474
1420
-1476
1419
-1477
1418
-1478
1417
-1479
1416
-1480
1414
-1481
1413
-1482
1412
-1483
1411
-1484
1410
-1485
1409
-1486
1408
-1488
1406
-1489
1405
-1490
1404
-1491
1403
-1492
1402
-1493
1401
-1494
1400
-1495
1398
-1496
1397
-1497
1396
-1498
1395
-1499
1394
-1500
1393
-1502
1392
-1502
1390
-1504
1389
-1505
1388
-1506
1387
-1507
1386
-1508
1385
-1509
1383
-1510
1382
-1511
1381
-1512
1380
-1513
1379
-1514
1378
-1515
1376
-1516
1375
-1517
1374
-1518
1373
-1520
1372
-1521
1371
-1522
1370
-1523
1368
-1524
1367
-1525
1366
-1526
1365
-1527
1364
-1528
1362
-1529
1361
-1530
1360
-1531
1359
-1532
1358
-1533
1357
-1534
1355
-1535
1354
-1536
1353
-1537
1352
-1538
1351
-1539
1350
-1540
1348
-1541
1347
-1542
1346
-1544
1345
-1544
1344
-1546
1342
-1547
1341
-1548
1340
-1549
1339
-1550
1338
-1551
1336
-1552
1335
-1553
1334
-1554
1333
-1555
1332
-1556
1330
-1557
1329
-1558
1328
-1559
1327
-1560
1326
-1561
1324
-1562
1323
-1563
1322
-1564
1321
-1565
1320
-1566
1318
-1567
1317
-1568
1316
-1569
1315
-1570
1314
-1571
1312
-1572
1311
-1573
1310
-1574
1309
-1575
1308
-1576
1306
-1577
1305
-1578
1304
-1579
1303
-1580
1302
-1581
1300
-1582
1299
-1583
1298
-1584
1297
-1585
1296
-1586
1294
-1587
1293
-1588
1292
-1589
1291
-1590
1289
-1591
1288
-1592
1287
-1593
1286
-1594
1284
-1595
1283
-1596
1282
-1597
1281
-1598
1280
-1599
1278
-1600
1277
-1601
1276
-1602
1275
-1603
1274
-1604
1272
-1605
1271
-1606
1270
-1607
1269
-1608
1267
-1609
1266
-1610
1265
-1611
1264
-1612
1262
-1612
1261
-1614
1260
-1614
1259
-1615
1258
-1616
1256
-1617
1255
-1618
1254
-1619
1252
-1620
1251
-1621
1250
-1622
1249
-1623
1248
-1624
1246
-1625
1245
-1626
1244
-1627
1242
-1628
1241
-1629
1240
-1630
1239
-1631
1238
-1632
1236
-1633
1235
-1634
1234
-1634
1232
-1636
1231
-1636
1230
-1637
1229
-1638
1228
-1639
1226
-1640
1225
-1641
1224
-1642
1222
-1643
1221
-1644
1220
-1645
1219
-1646
1217
-1647
1216
-1648
1215
-1649
1214
-1650
1212
-1650
1211
-1651
1210
-1652
1208
-1653
1207
-1654
1206
-1655
1205
-1656
1204
-1657
1202
-1658
1201
-1659
1200
-1660
1198
-1661
1197
-1662
1196
-1662
1194
-1663
1193
-1664
1192
-1665
1191
-1666
1190
-1667
1188
-1668
1187
-1669
1186
-1670
1184
-1671
1183
-1672
1182
-1672
1180
-1674
1179
-1674
1178
-1675
1177
-1676
1175
-1677
1174
-1678
1173
-1679
1172
-1680
1170
-1681
1169
-1682
1168
-1682
1166
-1683
1165
-1684
1164
-1685
1162
-1686
1161
-1687
1160
-1688
1158
-1689
1157
-1690
1156
-1690
1155
-1691
1153
-1692
1152
-1693
1151
-1694
1150
-1695
1148
-1696
1147
-1697
1146
-1698
1144
-1698
1143
-1699
1142
-1700
1140
-1701
1139
-1702
1138
-1703
1136
-1704
1135
-1704
1134
-1705
1132
-1706
1131
-1707
1130
-1708
1129
-1709
1127
-1710
1126
-1711
1125
-1712
1123
-1712
1122
-1713
1121
-1714
1119
-1715
1118
-1716
1117
-1717
1116
-1718
1114
-1718
1113
-1719
1112
-1720
1110
-1721
1109
-1722
1108
-1723
1106
-1724
1105
-1724
1104
-1725
1102
-1726
1101
-1727
1100
-1728
1098
-1728
1097
-1729
1096
-1730
1094
-1731
1093
-1732
1092
-1733
1090
-1734
1089
-1734
1088
-1735
1086
-1736
1085
-1737
1084
-1738
1082
-1738
1081
-1739
1080
-1740
1078
-1741
1077
-1742
1076
-1743
1074
-1744
1073
-1744
1072
-1745
1070
-1746
1069
-1747
1068
-1748
1066
-1748
1065
-1749
1064
-1750
1062
-1751
1061
-1752
1060
-1752
1058
-1753
1057
-1754
1056
-1755
1054
-1756
1053
-1757
1052
-1757
1050
-1758
1049
-1759
1047
-1760
1046
-1761
1045
-1761
1043
-1762
1042
-1763
1041
-1764
1039
-1765
1038
-1765
1037
-1766
1035
-1767
1034
-1768
1032
-1768
1031
-1769
1030
-1770
1028
-1771
1027
-1772
1026
-1772
1024
-1773
1023
-1774
1022
-1775
1020
-1776
1019
-1776
1018
-1777
1016
-1778
1015
-1779
1014
-1780
1012
-1780
1011
-1781
1009
-1782
1008
-1783
1007
-1783
1005
-1784
1004
-1785
1002
-1786
1001
-1786
1000
-1787
998
-1788
997
-1789
996
-1790
994
-1790
993
-1791
992
-1792
990
-1793
989
-1793
988
-1794
986
-1795
985
-1796
983
-1796
982
-1797
980
-1798
979
-1799
978
-1799
976
-1800
975
-1801
974
-1802
972
-1802
971
-1803
970
-1804
968
-1805
967
-1805
965
-1806
964
-1807
963
-1808
961
-1808
960
-1809
958
-1810
957
-1810
956
-1811
954
-1812
953
-1813
952
-1814
950
-1814
949
-1815
947
-1816
946
-1816
944
-1817
943
-1818
942
-1818
940
-1819
939
-1820
938
-1821
936
-1821
935
-1822
933
-1823
932
-1824
930
-1824
929
-1825
928
-1826
926
-1826
925
-1827
924
-1828
922
-1828
921
-1829
919
-1830
918
-1831
916
-1831
915
-1832
914
-1833
912
-1834
911
-1834
910
-1835
908
-1836
907
-1836
905
-1837
904
-1838
902
-1838
901
-1839
900
-1840
898
-1840
897
-1841
895
-1842
894
-1842
893
-1843
891
-1844
890
-1844
888
-1845
887
-1846
886
-1847
884
-1847
883
-1848
881
-1849
880
-1849
878
-1850
877
-1851
876
-1851
874
-1852
873
-1853
871
-1853
870
-1854
868
-1855
867
-1855
866
-1856
864
-1857
863
-1857
861
-1858
860
-1859
858
-1859
857
-1860
856
-1861
854
-1861
853
-1862
851
-1863
850
-1863
848
-1864
847
-1864
846
-1865
844
-1866
843
-1866
841
-1867
840
-1868
838
-1868
837
-1869
836
-1870
834
-1870
833
-1871
831
-1872
830
-1872
828
-1873
827
-1874
826
-1874
824
-1875
823
-1875
821
-1876
820
-1877
818
-1877
817
-1878
816
-1878
814
-1879
813
-1880
811
-1880
810
-1881
808
-1882
807
-1882
805
-1883
804
-1884
802
-1884
801
-1885
800
-1885
798
-1886
797
-1887
795
-1887
794
-1888
792
-1888
791
-1889
790
-1890
788
-1890
787
-1891
785
-1892
784
-1892
782
-1893
781
-1893
779
-1894
778
-1894
776
-1895
775
-1896
774
-1896
772
-1897
771
-1897
769
-1898
768
-1899
766
-1899
765
-1900
763
-1900
762
-1901
760
-1902
759
-1902
758
-1903
756
-1903
754
-1904
753
-1904
752
-1905
750
-1906
749
-1906
747
-1907
746
-1907
744
-1908
743
-1908
741
-1909
740
-1910
738
-1910
737
-1911
736
-1911
734
-1912
733
-1912
731
-1913
730
-1914
728
-1914
727
-1915
725
-1915
724
-1916
722
-1916
721
-1917
719
-1917
718
-1918
716
-1918
715
-1919
714
-1920
712
-1920
710
-1921
709
-1921
708
-1922
706
-1922
705
-1923
703
-1923
702
-1924
700
-1924
699
-1925
697
-1926
696
-1926
694
-1927
693
-1927
691
-1928
690
-1928
688
-1929
687
-1929
686
-1930
684
-1930
682
-1931
681
-1931
680
-1932
678
-1932
676
-1933
675
-1934
674
-1934
672
-1934
671
-1935
669
-1936
668
-1936
666
-1936
665
-1937
663
-1938
662
-1938
660
-1939
659
-1939
657
-1940
656
-1940
654
-1941
653
-1941
651
-1942
650
-1942
648
-1943
647
-1943
645
-1944
644
-1944
642
-1945
641
-1945
639
-1946
638
-1946
636
-1946
635
-1947
633
-1948
632
-1948
630
-1948
629
-1949
627
-1950
626
-1950
624
-1950
623
-1951
622
-1951
620
-1952
618
-1952
617
-1953
616
-1953
614
-1954
612
-1954
611
-1955
610
-1955
608
-1956
606
-1956
605
-1956
604
-1957
602
-1958
600
-1958
599
-1958
598
-1959
596
-1959
594
-1960
593
-1960
591
-1961
590
-1961
588
-1962
587
-1962
585
-1962
584
-1963
582
-1963
581
-1964
579
-1964
578
-1965
576
-1965
575
-1966
573
-1966
572
-1966
570
-1967
569
-1967
567
-1968
566
-1968
564
-1969
563
-1969
561
-1970
560
-1970
558
-1970
557
-1971
555
-1971
554
-1972
552
-1972
551
-1972
549
-1973
548
-1973
546
-1974
545
-1974
543
-1975
542
-1975
540
-1975
539
-1976
537
-1976
536
-1977
534
-1977
532
-1978
531
-1978
530
-1978
528
-1979
526
-1979
525
-1980
523
-1980
522
-1980
520
-1981
519
-1981
517
-1982
516
-1982
514
-1982
513
-1983
511
-1983
510
-1984
508
-1984
507
-1984
505
-1985
504
-1985
502
-1985
501
-1986
499
-1986
498
-1986
496
-1987
494
-1987
493
-1988
492
-1988
490
-1988
488
-1989
487
-1989
485
-1990
484
-1990
482
-1990
481
-1991
479
-1991
478
-1991
476
-1992
475
-1992
473
-1992
472
-1993
470
-1993
468
-1994
467
-1994
466
-1994
464
-1995
462
-1995
461
-1995
459
-1996
458
-1996
456
-1996
455
-1997
453
-1997
452
-1998
450
-1998
449
-1998
447
-1998
446
-1999
444
-1999
442
-2000
441
-2000
440
-2000
438
-2000
436
-2001
435
-2001
433
-2002
432
-2002
430
-2002
429
-2002
427
-2003
426
-2003
424
-2004
423
-2004
421
-2004
420
-2004
418
-2005
416
-2005
415
-2006
413
-2006
412
-2006
410
-2006
409
-2007
407
-2007
406
-2007
404
-2008
403
-2008
401
-2008
400
-2009
398
-2009
396
-2009
395
-2010
393
-2010
392
-2010
390
-2010
389
-2011
387
-2011
386
-2011
384
-2012
382
-2012
381
-2012
379
-2012
378
-2013
376
-2013
375
-2013
373
-2014
372
-2014
370
-2014
369
-2014
367
-2015
366
-2015
364
-2015
362
-2016
361
-2016
359
-2016
358
-2016
356
-2017
355
-2017
353
-2017
352
-2018
350
-2018
348
-2018
347
-2018
345
-2019
344
-2019
342
-2019
341
-2019
339
-2020
338
-2020
336
-2020
335
-2020
333
-2021
332
-2021
330
-2021
328
-2021
327
-2022
325
-2022
324
-2022
322
-2022
321
-2023
319
-2023
318
-2023
316
-2023
314
-2024
313
-2024
311
-2024
310
-2024
308
-2025
307
-2025
305
-2025
304
-2025
302
-2026
300
-2026
299
-2026
297
-2026
296
-2026
294
-2027
293
-2027
291
-2027
290
-2027
288
-2028
286
-2028
285
-2028
283
-2028
282
-2028
280
-2029
279
-2029
277
-2029
276
-2029
274
-2030
272
-2030
271
-2030
269
-2030
268
-2030
266
-2030
265
-2031
263
-2031
262
-2031
260
-2031
258
-2032
257
-2032
255
-2032
254
-2032
252
-2032
251
-2032
249
-2033
248
-2033
246
-2033
244
-2033
243
-2034
241
-2034
240
-2034
238
-2034
237
-2034
235
-2034
234
-2035
232
-2035
230
-2035
229
-2035
227
-2035
226
-2036
224
-2036
222
-2036
221
-2036
219
-2036
218
-2036
216
-2036
215
-2037
213
-2037
212
-2037
210
-2037
208
-2037
207
-2038
205
-2038
204
-2038
202
-2038
201
-2038
199
-2038
198
-2038
196
-2038
194
-2039
193
-2039
191
-2039
190
-2039
188
-2039
187
-2039
185
-2040
184
-2040
182
-2040
180
-2040
179
-2040
177
-2040
176
-2040
174
-2040
172
-2041
171
-2041
169
-2041
168
-2041
166
-2041
165
-2041
163
-2041
162
-2042
160
-2042
158
-2042
157
-2042
155
-2042
154
-2042
152
-2042
151
-2042
149
-2042
148
-2043
146
-2043
144
-2043
143
-2043
141
-2043
140
-2043
138
-2043
136
-2043
135
-2044
133
-2044
132
-2044
130
-2044
129
-2044
127
-2044
126
-2044
124
-2044
122
-2044
121
-2044
119
-2044
118
-2044
116
-2045
114
-2045
113
-2045
111
-2045
110
-2045
108
-2045
107
-2045
105
-2045
104
-2045
102
-2045
100
-2046
99
-2046
97
-2046
96
-2046
94
-2046
93
-2046
91
-2046
90
-2046
88
-2046
86
-2046
85
-2046
83
-2046
82
-2046
80
-2046
78
-2046
77
-2046
75
-2046
74
-2047
72
-2047
71
-2047
69
-2047
68
-2047
66
-2047
64
-2047
63
-2047
61
-2047
60
-2047
58
-2047
56
-2047
55
-2047
53
-2047
52
-2047
50
-2047
49
-2047
47
-2047
46
-2047
44
-2048
42
-2048
41
-2048
39
-2048
38
-2048
36
-2048
34
-2048
33
-2048
31
-2048
30
-2048
28
-2048
27
-2048
25
-2048
24
-2048
22
-2048
20
-2048
19
-2048
17
-2048
16
-2048
14
-2048
12
-2048
11
-2048
9
-2048
8
-2048
6
-2048
5
-2048
3
-2048
2
-2048
0
-2048
-2
-2048
-3
-2048
-5
-2048
-6
-2048
-8
-2048
-9
-2048
-11
-2048
-12
-2048
-14
-2048
-16
-2048
-17
-2048
-19
-2048
-20
-2048
-22
-2048
-24
-2048
-25
-2048
-27
-2048
-28
-2048
-30
-2048
-31
-2048
-33
-2048
-34
-2048
-36
-2048
-38
-2048
-39
-2048
-41
-2048
-42
-2048
-44
-2048
-46
-2047
-47
-2047
-49
-2047
-50
-2047
-52
-2047
-53
-2047
-55
-2047
-56
-2047
-58
-2047
-60
-2047
-61
-2047
-63
-2047
-64
-2047
-66
-2047
-68
-2047
-69
-2047
-71
-2047
-72
-2047
-74
-2047
-75
-2046
-77
-2046
-78
-2046
-80
-2046
-82
-2046
-83
-2046
-85
-2046
-86
-2046
-88
-2046
-90
-2046
-91
-2046
-93
-2046
-94
-2046
-96
-2046
-97
-2046
-99
-2046
-100
-2046
-102
-2045
-104
-2045
-105
-2045
-107
-2045
-108
-2045
-110
-2045
-111
-2045
-113
-2045
-114
-2045
-116
-2045
-118
-2044
-119
-2044
-121
-2044
-122
-2044
-124
-2044
-126
-2044
-127
-2044
-129
-2044
-130
-2044
-132
-2044
-133
-2044
-135
-2044
-136
-2043
-138
-2043
-140
-2043
-141
-2043
-143
-2043
-144
-2043
-146
-2043
-148
-2043
-149
-2042
-151
-2042
-152
-2042
-154
-2042
-155
-2042
-157
-2042
-158
-2042
-160
-2042
-162
-2042
-163
-2041
-165
-2041
-166
-2041
-168
-2041
-169
-2041
-171
-2041
-172
-2041
-174
-2040
-176
-2040
-177
-2040
-179
-2040
-180
-2040
-182
-2040
-184
-2040
-185
-2040
-187
-2039
-188
-2039
-190
-2039
-191
-2039
-193
-2039
-194
-2039
-196
-2038
-198
-2038
-199
-2038
-201
-2038
-202
-2038
-204
-2038
-205
-2038
-207
-2038
-208
-2037
-210
-2037
-212
-2037
-213
-2037
-215
-2037
-216
-2036
-218
-2036
-219
-2036
-221
-2036
-222
-2036
-224
-2036
-226
-2036
-227
-2035
-229
-2035
-230
-2035
-232
-2035
-234
-2035
-235
-2034
-237
-2034
-238
-2034
-240
-2034
-241
-2034
-243
-2034
-244
-2033
-246
-2033
-248
-2033
-249
-2033
-251
-2032
-252
-2032
-254
-2032
-255
-2032
-257
-2032
-258
-2032
-260
-2031
-262
-2031
-263
-2031
-265
-2031
-266
-2030
-268
-2030
-269
-2030
-271
-2030
-272
-2030
-274
-2030
-276
-2029
-277
-2029
-279
-2029
-280
-2029
-282
-2028
-283
-2028
-285
-2028
-286
-2028
-288
-2028
-290
-2027
-291
-2027
-293
-2027
-294
-2027
-296
-2026
-297
-2026
-299
-2026
-300
-2026
-302
-2026
-304
-2025
-305
-2025
-307
-2025
-308
-2025
-310
-2024
-311
-2024
-313
-2024
-314
-2024
-316
-2023
-318
-2023
-319
-2023
-321
-2023
-322
-2022
-324
-2022
-325
-2022
-327
-2022
-328
-2021
-330
-2021
-332
-2021
-333
-2021
-335
-2020
-336
-2020
-338
-2020
-339
-2020
-341
-2019
-342
-2019
-344
-2019
-345
-2019
-347
-2018
-348
-2018
-350
-2018
-352
-2018
-353
-2017
-355
-2017
-356
-2017
-358
-2016
-359
-2016
-361
-2016
-362
-2016
-364
-2015
-366
-2015
-367
-2015
-369
-2014
-370
-2014
-372
-2014
-373
-2014
-375
-2013
-376
-2013
-378
-2013
-379
-2012
-381
-2012
-382
-2012
-384
-2012
-386
-2011
-387
-2011
-389
-2011
-390
-2010
-392
-2010
-393
-2010
-395
-2010
-396
-2009
-398
-2009
-400
-2009
-401
-2008
-403
-2008
-404
-2008
-406
-2007
-407
-2007
-409
-2007
-410
-2006
-412
-2006
-413
-2006
-415
-2006
-416
-2005
-418
-2005
-420
-2004
-421
-2004
-423
-2004
-424
-2004
-426
-2003
-427
-2003
-429
-2002
-430
-2002
-432
-2002
-433
-2002
-435
-2001
-436
-2001
-438
-2000
-440
-2000
-441
-2000
-442
-2000
-444
-1999
-446
-1999
-447
-1998
-449
-1998
-450
-1998
-452
-1998
-453
-1997
-455
-1997
-456
-1996
-458
-1996
-459
-1996
-461
-1995
-462
-1995
-464
-1995
-466
-1994
-467
-1994
-468
-1994
-470
-1993
-472
-1993
-473
-1992
-475
-1992
-476
-1992
-478
-1991
-479
-1991
-481
-1991
-482
-1990
-484
-1990
-485
-1990
-487
-1989
-488
-1989
-490
-1988
-492
-1988
-493
-1988
-494
-1987
-496
-1987
-498
-1986
-499
-1986
-501
-1986
-502
-1985
-504
-1985
-505
-1985
-507
-1984
-508
-1984
-510
-1984
-511
-1983
-513
-1983
-514
-1982
-516
-1982
-517
-1982
-519
-1981
-520
-1981
-522
-1980
-523
-1980
-525
-1980
-526
-1979
-528
-1979
-530
-1978
-531
-1978
-532
-1978
-534
-1977
-536
-1977
-537
-1976
-539
-1976
-540
-1975
-542
-1975
-543
-1975
-545
-1974
-546
-1974
-548
-1973
-549
-1973
-551
-1972
-552
-1972
-554
-1972
-555
-1971
-557
-1971
-558
-1970
-560
-1970
-561
-1970
-563
-1969
-564
-1969
-566
-1968
-567
-1968
-569
-1967
-570
-1967
-572
-1966
-573
-1966
-575
-1966
-576
-1965
-578
-1965
-579
-1964
-581
-1964
-582
-1963
-584
-1963
-585
-1962
-587
-1962
-588
-1962
-590
-1961
-591
-1961
-593
-1960
-594
-1960
-596
-1959
-598
-1959
-599
-1958
-600
-1958
-602
-1958
-604
-1957
-605
-1956
-606
-1956
-608
-1956
-610
-1955
-611
-1955
-612
-1954
-614
-1954
-616
-1953
-617
-1953
-618
-1952
-620
-1952
-622
-1951
-623
-1951
-624
-1950
-626
-1950
-627
-1950
-629
-1949
-630
-1948
-632
-1948
-633
-1948
-635
-1947
-636
-1946
-638
-1946
-639
-1946
-641
-1945
-642
-1945
-644
-1944
-645
-1944
-647
-1943
-648
-1943
-650
-1942
-651
-1942
-653
-1941
-654
-1941
-656
-1940
-657
-1940
-659
-1939
-660
-1939
-662
-1938
-663
-1938
-665
-1937
-666
-1936
-668
-1936
-669
-1936
-671
-1935
-672
-1934
-674
-1934
-675
-1934
-676
-1933
-678
-1932
-680
-1932
-681
-1931
-682
-1931
-684
-1930
-686
-1930
-687
-1929
-688
-1929
-690
-1928
-691
-1928
-693
-1927
-694
-1927
-696
-1926
-697
-1926
-699
-1925
-700
-1924
-702
-1924
-703
-1923
-705
-1923
-706
-1922
-708
-1922
-709
-1921
-710
-1921
-712
-1920
-714
-1920
-715
-1919
-716
-1918
-718
-1918
-719
-1917
-721
-1917
-722
-1916
-724
-1916
-725
-1915
-727
-1915
-728
-1914
-730
-1914
-731
-1913
-733
-1912
-734
-1912
-736
-1911
-737
-1911
-738
-1910
-740
-1910
-741
-1909
-743
-1908
-744
-1908
-746
-1907
-747
-1907
-749
-1906
-750
-1906
-752
-1905
-753
-1904
-754
-1904
-756
-1903
-758
-1903
-759
-1902
-760
-1902
-762
-1901
-763
-1900
-765
-1900
-766
-1899
-768
-1899
-769
-1898
-771
-1897
-772
-1897
-774
-1896
-775
-1896
-776
-1895
-778
-1894
-779
-1894
-781
-1893
-782
-1893
-784
-1892
-785
-1892
-787
-1891
-788
-1890
-790
-1890
-791
-1889
-792
-1888
-794
-1888
-795
-1887
-797
-1887
-798
-1886
-800
-1885
-801
-1885
-802
-1884
-804
-1884
-805
-1883
-807
-1882
-808
-1882
-810
-1881
-811
-1880
-813
-1880
-814
-1879
-816
-1878
-817
-1878
-818
-1877
-820
-1877
-821
-1876
-823
-1875
-824
-1875
-826
-1874
-827
-1874
-828
-1873
-830
-1872
-831
-1872
-833
-1871
-834
-1870
-836
-1870
-837
-1869
-838
-1868
-840
-1868
-841
-1867
-843
-1866
-844
-1866
-846
-1865
-847
-1864
-848
-1864
-850
-1863
-851
-1863
-853
-1862
-854
-1861
-856
-1861
-857
-1860
-858
-1859
-860
-1859
-861
-1858
-863
-1857
-864
-1857
-866
-1856
-867
-1855
-868
-1855
-870
-1854
-871
-1853
-873
-1853
-874
-1852
-876
-1851
-877
-1851
-878
-1850
-880
-1849
-881
-1849
-883
-1848
-884
-1847
-886
-1847
-887
-1846
-888
-1845
-890
-1844
-891
-1844
-893
-1843
-894
-1842
-895
-1842
-897
-1841
-898
-1840
-900
-1840
-901
-1839
-902
-1838
-904
-1838
-905
-1837
-907
-1836
-908
-1836
-910
-1835
-911
-1834
-912
-1834
-914
-1833
-915
-1832
-916
-1831
-918
-1831
-919
-1830
-921
-1829
-922
-1828
-924
-1828
-925
-1827
-926
-1826
-928
-1826
-929
-1825
-930
-1824
-932
-1824
-933
-1823
-935
-1822
-936
-1821
-938
-1821
-939
-1820
-940
-1819
-942
-1818
-943
-1818
-944
-1817
-946
-1816
-947
-1816
-949
-1815
-950
-1814
-952
-1814
-953
-1813
-954
-1812
-956
-1811
-957
-1810
-958
-1810
-960
-1809
-961
-1808
-963
-1808
-964
-1807
-965
-1806
-967
-1805
-968
-1805
-970
-1804
-971
-1803
-972
-1802
-974
-1802
-975
-1801
-976
-1800
-978
-1799
-979
-1799
-980
-1798
-982
-1797
-983
-1796
-985
-1796
-986
-1795
-988
-1794
-989
-1793
-990
-1793
-992
-1792
-993
-1791
-994
-1790
-996
-1790
-997
-1789
-998
-1788
-1000
-1787
-1001
-1786
-1002
-1786
-1004
-1785
-1005
-1784
-1007
-1783
-1008
-1783
-1009
-1782
-1011
-1781
-1012
-1780
-1014
-1780
-1015
-1779
-1016
-1778
-1018
-1777
-1019
-1776
-1020
-1776
-1022
-1775
-1023
-1774
-1024
-1773
-1026
-1772
-1027
-1772
-1028
-1771
-1030
-1770
-1031
-1769
-1032
-1768
-1034
-1768
-1035
-1767
-1037
-1766
-1038
-1765
-1039
-1765
-1041
-1764
-1042
-1763
-1043
-1762
-1045
-1761
-1046
-1761
-1047
-1760
-1049
-1759
-1050
-1758
-1052
-1757
-1053
-1757
-1054
-1756
-1056
-1755
-1057
-1754
-1058
-1753
-1060
-1752
-1061
-1752
-1062
-1751
-1064
-1750
-1065
-1749
-1066
-1748
-1068
-1748
-1069
-1747
-1070
-1746
-1072
-1745
-1073
-1744
-1074
-1744
-1076
-1743
-1077
-1742
-1078
-1741
-1080
-1740
-1081
-1739
-1082
-1738
-1084
-1738
-1085
-1737
-1086
-1736
-1088
-1735
-1089
-1734
-1090
-1734
-1092
-1733
-1093
-1732
-1094
-1731
-1096
-1730
-1097
-1729
-1098
-1728
-1100
-1728
-1101
-1727
-1102
-1726
-1104
-1725
-1105
-1724
-1106
-1724
-1108
-1723
-1109
-1722
-1110
-1721
-1112
-1720
-1113
-1719
-1114
-1718
-1116
-1718
-1117
-1717
-1118
-1716
-1119
-1715
-1121
-1714
-1122
-1713
-1123
-1712
-1125
-1712
-1126
-1711
-1127
-1710
-1129
-1709
-1130
-1708
-1131
-1707
-1132
-1706
-1134
-1705
-1135
-1704
-1136
-1704
-1138
-1703
-1139
-1702
-1140
-1701
-1142
-1700
-1143
-1699
-1144
-1698
-1146
-1698
-1147
-1697
-1148
-1696
-1150
-1695
-1151
-1694
-1152
-1693
-1153
-1692
-1155
-1691
-1156
-1690
-1157
-1690
-1158
-1689
-1160
-1688
-1161
-1687
-1162
-1686
-1164
-1685
-1165
-1684
-1166
-1683
-1168
-1682
-1169
-1682
-1170
-1681
-1172
-1680
-1173
-1679
-1174
-1678
-1175
-1677
-1177
-1676
-1178
-1675
-1179
-1674
-1180
-1674
-1182
-1672
-1183
-1672
-1184
-1671
-1186
-1670
-1187
-1669
-1188
-1668
-1190
-1667
-1191
-1666
-1192
-1665
-1193
-1664
-1194
-1663
-1196
-1662
-1197
-1662
-1198
-1661
-1200
-1660
-1201
-1659
-1202
-1658
-1204
-1657
-1205
-1656
-1206
-1655
-1207
-1654
-1208
-1653
-1210
-1652
-1211
-1651
-1212
-1650
-1214
-1650
-1215
-1649
-1216
-1648
-1217
-1647
-1219
-1646
-1220
-1645
-1221
-1644
-1222
-1643
-1224
-1642
-1225
-1641
-1226
-1640
-1228
-1639
-1229
-1638
-1230
-1637
-1231
-1636
-1232
-1636
-1234
-1634
-1235
-1634
-1236
-1633
-1238
-1632
-1239
-1631
-1240
-1630
-1241
-1629
-1242
-1628
-1244
-1627
-1245
-1626
-1246
-1625
-1248
-1624
-1249
-1623
-1250
-1622
-1251
-1621
-1252
-1620
-1254
-1619
-1255
-1618
-1256
-1617
-1258
-1616
-1259
-1615
-1260
-1614
-1261
-1614
-1262
-1612
-1264
-1612
-1265
-1611
-1266
-1610
-1267
-1609
-1269
-1608
-1270
-1607
-1271
-1606
-1272
-1605
-1274
-1604
-1275
-1603
-1276
-1602
-1277
-1601
-1278
-1600
-1280
-1599
-1281
-1598
-1282
-1597
-1283
-1596
-1284
-1595
-1286
-1594
-1287
-1593
-1288
-1592
-1289
-1591
-1291
-1590
-1292
-1589
-1293
-1588
-1294
-1587
-1296
-1586
-1297
-1585
-1298
-1584
-1299
-1583
-1300
-1582
-1302
-1581
-1303
-1580
-1304
-1579
-1305
-1578
-1306
-1577
-1308
-1576
-1309
-1575
-1310
-1574
-1311
-1573
-1312
-1572
-1314
-1571
-1315
-1570
-1316
-1569
-1317
-1568
-1318
-1567
-1320
-1566
-1321
-1565
-1322
-1564
-1323
-1563
-1324
-1562
-1326
-1561
-1327
-1560
-1328
-1559
-1329
-1558
-1330
-1557
-1332
-1556
-1333
-1555
-1334
-1554
-1335
-1553
-1336
-1552
-1338
-1551
-1339
-1550
-1340
-1549
-1341
-1548
-1342
-1547
-1344
-1546
-1345
-1544
-1346
-1544
-1347
-1542
-1348
-1541
-1350
-1540
-1351
-1539
-1352
-1538
-1353
-1537
-1354
-1536
-1355
-1535
-1357
-1534
-1358
-1533
-1359
-1532
-1360
-1531
-1361
-1530
-1362
-1529
-1364
-1528
-1365
-1527
-1366
-1526
-1367
-1525
-1368
-1524
-1370
-1523
-1371
-1522
-1372
-1521
-1373
-1520
-1374
-1518
-1375
-1517
-1376
-1516
-1378
-1515
-1379
-1514
-1380
-1513
-1381
-1512
-1382
-1511
-1383
-1510
-1385
-1509
-1386
-1508
-1387
-1507
-1388
-1506
-1389
-1505
-1390
-1504
-1392
-1502
-1393
-1502
-1394
-1500
-1395
-1499
-1396
-1498
-1397
-1497
-1398
-1496
-1400
-1495
-1401
-1494
-1402
-1493
-1403
-1492
-1404
-1491
-1405
-1490
-1406
-1489
-1408
-1488
-1409
-1486
-1410
-1485
-1411
-1484
-1412
-1483
-1413
-1482
-1414
-1481
-1416
-1480
-1417
-1479
-1418
-1478
-1419
-1477
-1420
-1476
-1421
-1474
-1422
-1473
-1424
-1472
-1425
-1471
-1426
-1470
-1427
-1469
-1428
-1468
-1429
-1467
-1430
-1466
-1431
-1465
-1432
-1464
-1434
-1462
-1435
-1461
-1436
-1460
-1437
-1459
-1438
-1458
-1439
-1457
-1440
-1456
-1441
-1455
-1442
-1454
-1444
-1452
-1445
-1451
-1446
-1450
-1447
-1449
-1448
-1448
-1449
-1447
-1450
-1446
-1451
-1445
-1452
-1444
-1454
-1442
-1455
-1441
-1456
-1440
-1457
-1439
-1458
-1438
-1459
-1437
-1460
-1436
-1461
-1435
-1462
-1434
-1464
-1432
-1465
-1431
-1466
-1430
-1467
-1429
-1468
-1428
-1469
-1427
-1470
-1426
-1471
-1425
-1472
-1424
-1473
-1422
-1474
-1421
-1476
-1420
-1477
-1419
-1478
-1418
-1479
-1417
-1480
-1416
-1481
-1414
-1482
-1413
-1483
-1412
-1484
-1411
-1485
-1410
-1486
-1409
-1488
-1408
-1489
-1406
-1490
-1405
-1491
-1404
-1492
-1403
-1493
-1402
-1494
-1401
-1495
-1400
-1496
-1398
-1497
-1397
-1498
-1396
-1499
-1395
-1500
-1394
-1502
-1393
-1502
-1392
-1504
-1390
-1505
-1389
-1506
-1388
-1507
-1387
-1508
-1386
-1509
-1385
-1510
-1383
-1511
-1382
-1512
-1381
-1513
-1380
-1514
-1379
-1515
-1378
-1516
-1376
-1517
-1375
-1518
-1374
-1520
-1373
-1521
-1372
-1522
-1371
-1523
-1370
-1524
-1368
-1525
-1367
-1526
-1366
-1527
-1365
-1528
-1364
-1529
-1362
-1530
-1361
-1531
-1360
-1532
-1359
-1533
-1358
-1534
-1357
-1535
-1355
-1536
-1354
-1537
-1353
-1538
-1352
-1539
-1351
-1540
-1350
-1541
-1348
-1542
-1347
-1544
-1346
-1544
-1345
-1546
-1344
-1547
-1342
-1548
-1341
-1549
-1340
-1550
-1339
-1551
-1338
-1552
-1336
-1553
-1335
-1554
-1334
-1555
-1333
-1556
-1332
-1557
-1330
-1558
-1329
-1559
-1328
-1560
-1327
-1561
-1326
-1562
-1324
-1563
-1323
-1564
-1322
-1565
-1321
-1566
-1320
-1567
-1318
-1568
-1317
-1569
-1316
-1570
-1315
-1571
-1314
-1572
-1312
-1573
-1311
-1574
-1310
-1575
-1309
-1576
-1308
-1577
-1306
-1578
-1305
-1579
-1304
-1580
-1303
-1581
-1302
-1582
-1300
-1583
-1299
-1584
-1298
-1585
-1297
-1586
-1296
-1587
-1294
-1588
-1293
-1589
-1292
-1590
-1291
-1591
-1289
-1592
-1288
-1593
-1287
-1594
-1286
-1595
-1284
-1596
-1283
-1597
-1282
-1598
-1281
-1599
-1280
-1600
-1278
-1601
-1277
-1602
-1276
-1603
-1275
-1604
-1274
-1605
-1272
-1606
-1271
-1607
-1270
-1608
-1269
-1609
-1267
-1610
-1266
-1611
-1265
-1612
-1264
-1612
-1262
-1614
-1261
-1614
-1260
-1615
-1259
-1616
-1258
-1617
-1256
-1618
-1255
-1619
-1254
-1620
-1252
-1621
-1251
-1622
-1250
-1623
-1249
-1624
-1248
-1625
-1246
-1626
-1245
-1627
-1244
-1628
-1242
-1629
-1241
-1630
-1240
-1631
-1239
-1632
-1238
-1633
-1236
-1634
-1235
-1634
-1234
-1636
-1232
-1636
-1231
-1637
-1230
-1638
-1229
-1639
-1228
-1640
-1226
-1641
-1225
-1642
-1224
-1643
-1222
-1644
-1221
-1645
-1220
-1646
-1219
-1647
-1217
-1648
-1216
-1649
-1215
-1650
-1214
-1650
-1212
-1651
-1211
-1652
-1210
-1653
-1208
-1654
-1207
-1655
-1206
-1656
-1205
-1657
-1204
-1658
-1202
-1659
-1201
-1660
-1200
-1661
-1198
-1662
-1197
-1662
-1196
-1663
-1194
-1664
-1193
-1665
-1192
-1666
-1191
-1667
-1190
-1668
-1188
-1669
-1187
-1670
-1186
-1671
-1184
-1672
-1183
-1672
-1182
-1674
-1180
-1674
-1179
-1675
-1178
-1676
-1177
-1677
-1175
-1678
-1174
-1679
-1173
-1680
-1172
-1681
-1170
-1682
-1169
-1682
-1168
-1683
-1166
-1684
-1165
-1685
-1164
-1686
-1162
-1687
-1161
-1688
-1160
-1689
-1158
-1690
-1157
-1690
-1156
-1691
-1155
-1692
-1153
-1693
-1152
-1694
-1151
-1695
-1150
-1696
-1148
-1697
-1147
-1698
-1146
-1698
-1144
-1699
-1143
-1700
-1142
-1701
-1140
-1702
-1139
-1703
-1138
-1704
-1136
-1704
-1135
-1705
-1134
-1706
-1132
-1707
-1131
-1708
-1130
-1709
-1129
-1710
-1127
-1711
-1126
-1712
-1125
-1712
-1123
-1713
-1122
-1714
-1121
-1715
-1119
-1716
-1118
-1717
-1117
-1718
-1116
-1718
-1114
-1719
-1113
-1720
-1112
-1721
-1110
-1722
-1109
-1723
-1108
-1724
-1106
-1724
-1105
-1725
-1104
-1726
-1102
-1727
-1101
-1728
-1100
-1728
-1098
-1729
-1097
-1730
-1096
-1731
-1094
-1732
-1093
-1733
-1092
-1734
-1090
-1734
-1089
-1735
-1088
-1736
-1086
-1737
-1085
-1738
-1084
-1738
-1082
-1739
-1081
-1740
-1080
-1741
-1078
-1742
-1077
-1743
-1076
-1744
-1074
-1744
-1073
-1745
-1072
-1746
-1070
-1747
-1069
-1748
-1068
-1748
-1066
-1749
-1065
-1750
-1064
-1751
-1062
-1752
-1061
-1752
-1060
-1753
-1058
-1754
-1057
-1755
-1056
-1756
-1054
-1757
-1053
-1757
-1052
-1758
-1050
-1759
-1049
-1760
-1047
-1761
-1046
-1761
-1045
-1762
-1043
-1763
-1042
-1764
-1041
-1765
-1039
-1765
-1038
-1766
-1037
-1767
-1035
-1768
-1034
-1768
-1032
-1769
-1031
-1770
-1030
-1771
-1028
-1772
-1027
-1772
-1026
-1773
-1024
-1774
-1023
-1775
-1022
-1776
-1020
-1776
-1019
-1777
-1018
-1778
-1016
-1779
-1015
-1780
-1014
-1780
-1012
-1781
-1011
-1782
-1009
-1783
-1008
-1783
-1007
-1784
-1005
-1785
-1004
-1786
-1002
-1786
-1001
-1787
-1000
-1788
-998
-1789
-997
-1790
-996
-1790
-994
-1791
-993
-1792
-992
-1793
-990
-1793
-989
-1794
-988
-1795
-986
-1796
-985
-1796
-983
-1797
-982
-1798
-980
-1799
-979
-1799
-978
-1800
-976
-1801
-975
-1802
-974
-1802
-972
-1803
-971
-1804
-970
-1805
-968
-1805
-967
-1806
-965
-1807
-964
-1808
-963
-1808
-961
-1809
-960
-1810
-958
-1810
-957
-1811
-956
-1812
-954
-1813
-953
-1814
-952
-1814
-950
-1815
-949
-1816
-947
-1816
-946
-1817
-944
-1818
-943
-1818
-942
-1819
-940
-1820
-939
-1821
-938
-1821
-936
-1822
-935
-1823
-933
-1824
-932
-1824
-930
-1825
-929
-1826
-928
-1826
-926
-1827
-925
-1828
-924
-1828
-922
-1829
-921
-1830
-919
-1831
-918
-1831
-916
-1832
-915
-1833
-914
-1834
-912
-1834
-911
-1835
-910
-1836
-908
-1836
-907
-1837
-905
-1838
-904
-1838
-902
-1839
-901
-1840
-900
-1840
-898
-1841
-897
-1842
-895
-1842
-894
-1843
-893
-1844
-891
-1844
-890
-1845
-888
-1846
-887
-1847
-886
-1847
-884
-1848
-883
-1849
-881
-1849
-880
-1850
-878
-1851
-877
-1851
-876
-1852
-874
-1853
-873
-1853
-871
-1854
-870
-1855
-868
-1855
-867
-1856
-866
-1857
-864
-1857
-863
-1858
-861
-1859
-860
-1859
-858
-1860
-857
-1861
-856
-1861
-854
-1862
-853
-1863
-851
-1863
-850
-1864
-848
-1864
-847
-1865
-846
-1866
-844
-1866
-843
-1867
-841
-1868
-840
-1868
-838
-1869
-837
-1870
-836
-1870
-834
-1871
-833
-1872
-831
-1872
-830
-1873
-828
-1874
-827
-1874
-826
-1875
-824
-1875
-823
-1876
-821
-1877
-820
-1877
-818
-1878
-817
-1878
-816
-1879
-814
-1880
-813
-1880
-811
-1881
-810
-1882
-808
-1882
-807
-1883
-805
-1884
-804
-1884
-802
-1885
-801
-1885
-800
-1886
-798
-1887
-797
-1887
-795
-1888
-794
-1888
-792
-1889
-791
-1890
-790
-1890
-788
-1891
-787
-1892
-785
-1892
-784
-1893
-782
-1893
-781
-1894
-779
-1894
-778
-1895
-776
-1896
-775
-1896
-774
-1897
-772
-1897
-771
-1898
-769
-1899
-768
-1899
-766
-1900
-765
-1900
-763
-1901
-762
-1902
-760
-1902
-759
-1903
-758
-1903
-756
-1904
-754
-1904
-753
-1905
-752
-1906
-750
-1906
-749
-1907
-747
-1907
-746
-1908
-744
-1908
-743
-1909
-741
-1910
-740
-1910
-738
-1911
-737
-1911
-736
-1912
-734
-1912
-733
-1913
-731
-1914
-730
-1914
-728
-1915
-727
-1915
-725
-1916
-724
-1916
-722
-1917
-721
-1917
-719
-1918
-718
-1918
-716
-1919
-715
-1920
-714
-1920
-712
-1921
-710
-1921
-709
-1922
-708
-1922
-706
-1923
-705
-1923
-703
-1924
-702
-1924
-700
-1925
-699
-1926
-697
-1926
-696
-1927
-694
-1927
-693
-1928
-691
-1928
-690
-1929
-688
-1929
-687
-1930
-686
-1930
-684
-1931
-682
-1931
-681
-1932
-680
-1932
-678
-1933
-676
-1934
-675
-1934
-674
-1934
-672
-1935
-671
-1936
-669
-1936
-668
-1936
-666
-1937
-665
-1938
-663
-1938
-662
-1939
-660
-1939
-659
-1940
-657
-1940
-656
-1941
-654
-1941
-653
-1942
-651
-1942
-650
-1943
-648
-1943
-647
-1944
-645
-1944
-644
-1945
-642
-1945
-641
-1946
-639
-1946
-638
-1946
-636
-1947
-635
-1948
-633
-1948
-632
-1948
-630
-1949
-629
-1950
-627
-1950
-626
-1950
-624
-1951
-623
-1951
-622
-1952
-620
-1952
-618
-1953
-617
-1953
-616
-1954
-614
-1954
-612
-1955
-611
-1955
-610
-1956
-608
-1956
-606
-1956
-605
-1957
-604
-1958
-602
-1958
-600
-1958
-599
-1959
-598
-1959
-596
-1960
-594
-1960
-593
-1961
-591
-1961
-590
-1962
-588
-1962
-587
-1962
-585
-1963
-584
-1963
-582
-1964
-581
-1964
-579
-1965
-578
-1965
-576
-1966
-575
-1966
-573
-1966
-572
-1967
-570
-1967
-569
-1968
-567
-1968
-566
-1969
-564
-1969
-563
-1970
-561
-1970
-560
-1970
-558
-1971
-557
-1971
-555
-1972
-554
-1972
-552
-1972
-551
-1973
-549
-1973
-548
-1974
-546
-1974
-545
-1975
-543
-1975
-542
-1975
-540
-1976
-539
-1976
-537
-1977
-536
-1977
-534
-1978
-532
-1978
-531
-1978
-530
-1979
-528
-1979
-526
-1980
-525
-1980
-523
-1980
-522
-1981
-520
-1981
-519
-1982
-517
-1982
-516
-1982
-514
-1983
-513
-1983
-511
-1984
-510
-1984
-508
-1984
-507
-1985
-505
-1985
-504
-1985
-502
-1986
-501
-1986
-499
-1986
-498
-1987
-496
-1987
-494
-1988
-493
-1988
-492
-1988
-490
-1989
-488
-1989
-487
-1990
-485
-1990
-484
-1990
-482
-1991
-481
-1991
-479
-1991
-478
-1992
-476
-1992
-475
-1992
-473
-1993
-472
-1993
-470
-1994
-468
-1994
-467
-1994
-466
-1995
-464
-1995
-462
-1995
-461
-1996
-459
-1996
-458
-1996
-456
-1997
-455
-1997
-453
-1998
-452
-1998
-450
-1998
-449
-1998
-447
-1999
-446
-1999
-444
-2000
-442
-2000
-441
-2000
-440
-2000
-438
-2001
-436
-2001
-435
-2002
-433
-2002
-432
-2002
-430
-2002
-429
-2003
-427
-2003
-426
-2004
-424
-2004
-423
-2004
-421
-2004
-420
-2005
-418
-2005
-416
-2006
-415
-2006
-413
-2006
-412
-2006
-410
-2007
-409
-2007
-407
-2007
-406
-2008
-404
-2008
-403
-2008
-401
-2009
-400
-2009
-398
-2009
-396
-2010
-395
-2010
-393
-2010
-392
-2010
-390
-2011
-389
-2011
-387
-2011
-386
-2012
-384
-2012
-382
-2012
-381
-2012
-379
-2013
-378
-2013
-376
-2013
-375
-2014
-373
-2014
-372
-2014
-370
-2014
-369
-2015
-367
-2015
-366
-2015
-364
-2016
-362
-2016
-361
-2016
-359
-2016
-358
-2017
-356
-2017
-355
-2017
-353
-2018
-352
-2018
-350
-2018
-348
-2018
-347
-2019
-345
-2019
-344
-2019
-342
-2019
-341
-2020
-339
-2020
-338
-2020
-336
-2020
-335
-2021
-333
-2021
-332
-2021
-330
-2021
-328
-2022
-327
-2022
-325
-2022
-324
-2022
-322
-2023
-321
-2023
-319
-2023
-318
-2023
-316
-2024
-314
-2024
-313
-2024
-311
-2024
-310
-2025
-308
-2025
-307
-2025
-305
-2025
-304
-2026
-302
-2026
-300
-2026
-299
-2026
-297
-2026
-296
-2027
-294
-2027
-293
-2027
-291
-2027
-290
-2028
-288
-2028
-286
-2028
-285
-2028
-283
-2028
-282
-2029
-280
-2029
-279
-2029
-277
-2029
-276
-2030
-274
-2030
-272
-2030
-271
-2030
-269
-2030
-268
-2030
-266
-2031
-265
-2031
-263
-2031
-262
-2031
-260
-2032
-258
-2032
-257
-2032
-255
-2032
-254
-2032
-252
-2032
-251
-2033
-249
-2033
-248
-2033
-246
-2033
-244
-2034
-243
-2034
-241
-2034
-240
-2034
-238
-2034
-237
-2034
-235
-2035
-234
-2035
-232
-2035
-230
-2035
-229
-2035
-227
-2036
-226
-2036
-224
-2036
-222
-2036
-221
-2036
-219
-2036
-218
-2036
-216
-2037
-215
-2037
-213
-2037
-212
-2037
-210
-2037
-208
-2038
-207
-2038
-205
-2038
-204
-2038
-202
-2038
-201
-2038
-199
-2038
-198
-2038
-196
-2039
-194
-2039
-193
-2039
-191
-2039
-190
-2039
-188
-2039
-187
-2040
-185
-2040
-184
-2040
-182
-2040
-180
-2040
-179
-2040
-177
-2040
-176
-2040
-174
-2041
-172
-2041
-171
-2041
-169
-2041
-168
-2041
-166
-2041
-165
-2041
-163
-2042
-162
-2042
-160
-2042
-158
-2042
-157
-2042
-155
-2042
-154
-2042
-152
-2042
-151
-2042
-149
-2043
-148
-2043
-146
-2043
-144
-2043
-143
-2043
-141
-2043
-140
-2043
-138
-2043
-136
-2044
-135
-2044
-133
-2044
-132
-2044
-130
-2044
-129
-2044
-127
-2044
-126
-2044
-124
-2044
-122
-2044
-121
-2044
-119
-2044
-118
-2045
-116
-2045
-114
-2045
-113
-2045
-111
-2045
-110
-2045
-108
-2045
-107
-2045
-105
-2045
-104
-2045
-102
-2046
-100
-2046
-99
-2046
-97
-2046
-96
-2046
-94
-2046
-93
-2046
-91
-2046
-90
-2046
-88
-2046
-86
-2046
-85
-2046
-83
-2046
-82
-2046
-80
-2046
-78
-2046
-77
-2046
-75
-2047
-74
-2047
-72
-2047
-71
-2047
-69
-2047
-68
-2047
-66
-2047
-64
-2047
-63
-2047
-61
-2047
-60
-2047
-58
-2047
-56
-2047
-55
-2047
-53
-2047
-52
-2047
-50
-2047
-49
-2047
-47
-2047
-46
-2048
-44
-2048
-42
-2048
-41
-2048
-39
-2048
-38
-2048
-36
-2048
-34
-2048
-33
-2048
-31
-2048
-30
-2048
-28
-2048
-27
-2048
-25
-2048
-24
-2048
-22
-2048
-20
-2048
-19
-2048
-17
-2048
-16
-2048
-14
-2048
-12
-2048
-11
-2048
-9
-2048
-8
-2048
-6
-2048
-5
-2048
-3
-2048
-2
