-62
-20
-24
-27
-30
-34
-37
-41
-44
-47
-51
-53
-56
-58
-60
-62
-62
-63
-62
-61
-59
-57
-53
-49
-43
-37
-30
-22
-14
-4
6
17
29
42
54
68
81
95
108
122
135
147
159
170
180
189
197
203
207
209
210
208
204
198
190
179
166
150
132
111
89
64
37
9
-22
-53
-86
-119
-153
-187
-221
-254
-286
-317
-346
-373
-398
-420
-438
-452
-463
-469
-471
-468
-460
-446
-428
-404
-375
-340
-301
-256
-207
-153
-95
-33
31
99
168
239
310
382
452
522
589
653
713
768
818
861
898
927
948
960
963
956
939
912
874
826
768
700
621
533
436
331
218
99
-26
-156
-290
-425
-562
-698
-833
-964
-1091
-1211
-1323
-1427
-1520
-1601
-1668
-1722
-1760
-1781
-1785
-1771
-1738
-1687
-1616
-1526
-1417
-1290
-1144
-981
-802
-608
-401
-181
49
287
532
780
1030
1279
1525
1764
1995
2215
2421
2610
2779
2927
3052
3150
3220
3260
3268
3244
3185
3092
2964
2800
2601
2368
2101
1802
1472
1113
728
319
-111
-558
-1019
-1489
-1965
-2442
-2916
-3381
-3834
-4268
-4679
-5061
-5411
-5722
-5990
-6210
-6378
-6489
-6539
-6526
-6445
-6293
-6069
-5770
-5394
-4941
-4410
-3802
-3116
-2353
-1517
-609
369
1412
2517
3679
4894
6155
7458
8795
10161
11548
12948
14356
15762
17160
18541
19899
21224
22509
23748
24932
26055
27110
28091
28992
29807
30531
31160
31691
32119
32442
32659
32767
32767
32659
32442
32119
31691
31160
30531
29807
28992
28091
27110
26055
24932
23748
22509
21224
19899
18541
17160
15762
14356
12948
11548
10161
8795
7458
6155
4894
3679
2517
1412
369
-609
-1517
-2353
-3116
-3802
-4410
-4941
-5394
-5770
-6069
-6293
-6445
-6526
-6539
-6489
-6378
-6210
-5990
-5722
-5411
-5061
-4679
-4268
-3834
-3381
-2916
-2442
-1965
-1489
-1019
-558
-111
319
728
1113
1472
1802
2101
2368
2601
2800
2964
3092
3185
3244
3268
3260
3220
3150
3052
2927
2779
2610
2421
2215
1995
1764
1525
1279
1030
780
532
287
49
-181
-401
-608
-802
-981
-1144
-1290
-1417
-1526
-1616
-1687
-1738
-1771
-1785
-1781
-1760
-1722
-1668
-1601
-1520
-1427
-1323
-1211
-1091
-964
-833
-698
-562
-425
-290
-156
-26
99
218
331
436
533
621
700
768
826
874
912
939
956
963
960
948
927
898
861
818
768
713
653
589
522
452
382
310
239
168
99
31
-33
-95
-153
-207
-256
-301
-340
-375
-404
-428
-446
-460
-468
-471
-469
-463
-452
-438
-420
-398
-373
-346
-317
-286
-254
-221
-187
-153
-119
-86
-53
-22
9
37
64
89
111
132
150
166
179
190
198
204
208
210
209
207
203
197
189
180
170
159
147
135
122
108
95
81
68
54
42
29
17
6
-4
-14
-22
-30
-37
-43
-49
-53
-57
-59
-61
-62
-63
-62
-62
-60
-58
-56
-53
-51
-47
-44
-41
-37
-34
-30
-27
-24
-20
-62
