Nof lines WG output:   1280
Nof lines PFFT output: 640
36
91
-84
50
26
-43
-6
27
127
127
-45
127
44
10
43
4
8
76
73
73
41
-39
43
82
34
57
44
0
25
-21
51
-36
-33
-22
-113
74
27
-19
71
-60
8
2
26
26
-24
12
6
40
59
60
-24
16
-39
-35
13
78
-20
29
3
60
-34
14
36
60
79
16
-51
-19
-32
113
-13
45
5
51
-20
-47
-48
34
5
4
73
25
21
81
-22
43
48
2
22
-37
-36
17
44
123
-16
21
9
-70
-6
-64
49
-25
17
-10
26
-13
34
44
86
5
-78
-23
71
-33
54
18
74
-71
4
-39
127
48
72
-32
-7
1
60
1
43
-75
-2
-22
-54
34
25
14
-44
61
28
0
14
2
-62
1
-23
-29
-37
-10
-73
54
35
12
11
-21
56
7
-18
70
3
-12
0
-23
-35
121
83
26
-41
-24
5
47
-44
-87
-49
27
29
32
7
21
-8
50
-45
32
-23
-1
36
57
-35
67
41
10
4
4
0
14
15
48
78
33
4
39
21
-31
53
26
19
35
24
-27
6
7
-10
85
-25
-8
-18
-37
5
1
78
2
-33
81
65
3
-51
-6
6
25
2
32
30
-41
-28
-19
-9
-1
13
-116
-7
66
-33
53
28
12
21
-54
9
81
17
15
-19
11
23
31
-3
3
99
-84
108
27
55
-58
-12
1
31
-58
33
-39
16
41
27
59
56
-15
24
-27
-44
52
13
10
52
38
28
66
52
23
-17
-15
64
-56
12
-70
56
50
13
10
-93
38
-81
-86
16
-28
30
42
49
-17
32
17
48
36
51
7
7
56
-78
-9
-41
-4
40
48
-31
-7
19
0
26
30
-27
5
-78
62
-14
-39
2
-48
12
-11
106
61
-94
32
-47
2
20
45
1
80
-8
27
41
16
50
27
-21
-64
92
-13
17
37
18
-26
-7
7
76
-24
46
26
3
-32
1
9
-50
21
-22
9
27
-26
1
28
-66
57
116
54
-1
31
-31
93
53
46
-25
26
-11
0
-12
-31
-26
4
-60
39
8
43
24
34
-50
-31
-6
17
61
0
67
33
63
18
-15
-50
19
48
0
-10
0
-34
-8
5
15
10
39
17
90
26
90
-18
35
2
38
38
-80
-44
-49
30
76
-1
47
36
-32
30
-19
77
11
83
-5
38
10
-73
-29
39
10
-35
-14
23
-30
54
-15
90
-33
21
-52
-18
-13
30
53
26
-3
48
47
18
37
30
-29
45
-15
-13
20
0
7
38
57
4
27
3
23
32
-14
25
38
17
87
-13
-19
-62
52
50
9
51
21
25
18
32
17
127
-37
-66
-36
-34
-6
6
3
36
29
45
89
65
-42
-87
51
-66
16
14
108
10
-9
23
23
16
-13
-39
26
-44
-31
70
-5
7
51
0
57
-2
56
40
4
-24
-32
1
-6
-5
55
0
62
-10
54
-9
20
54
-5
-6
98
53
-6
40
-3
43
73
-56
57
75
15
87
19
-40
-81
-1
43
26
30
-12
19
-57
-20
-22
35
12
-37
12
-17
-16
50
18
30
51
20
36
42
63
33
73
14
11
85
-9
13
52
19
73
57
25
-20
37
-46
23
47
22
50
100
52
24
40
31
-43
-5
65
11
38
-30
16
38
-45
28
5
-27
11
-68
-78
-37
-29
-37
-61
25
-55
18
46
13
17
-3
-50
11
54
87
-6
-57
20
29
3
-36
99
-88
-9
-44
-14
26
19
-18
46
39
40
-5
58
41
120
58
62
15
-42
-3
-20
-11
36
-11
-25
-5
6
30
-28
26
16
69
4
7
-37
-46
26
2
34
-25
94
18
57
3
6
42
37
-35
-53
-34
-48
15
-5
-3
-45
46
32
9
56
-24
30
28
28
-18
27
-9
-25
-39
57
-23
5
-39
0
-125
-34
-48
-30
4
-1
96
-12
2
-54
-8
-44
14
49
30
-17
-57
75
100
18
-29
64
-12
-7
51
-46
-71
31
30
17
34
59
54
-11
47
20
-9
-38
40
-2
15
-21
-53
20
10
64
47
58
-19
-27
-41
34
127
44
-20
48
-35
-48
43
-20
26
73
30
52
-56
41
104
36
-53
4
-9
29
30
30
-3
-13
-12
49
-66
4
24
-15
33
10
-27
20
1
-5
-18
15
-66
-4
-10
-26
41
-19
36
54
6
25
40
9
36
-41
60
-29
-65
72
10
32
-3
-31
-118
40
1
4
30
-48
-18
62
38
-42
-81
-12
22
53
17
-35
26
-37
-28
-15
-40
1
-26
1
-7
-5
-9
65
39
15
-50
-57
-71
124
54
24
-29
-36
36
80
-59
-6
9
-72
49
-5
94
-4
30
-36
-14
-37
30
68
-13
31
-9
17
64
18
-31
-24
6
5
-24
21
67
2
4
-81
-20
-47
-4
35
78
90
8
-1
48
34
45
46
-50
36
9
-20
-17
67
-22
-40
22
99
14
26
-27
84
18
35
-28
49
29
-37
14
-6
17
2
5
-31
-1
46
87
-37
114
78
20
0
-17
48
-17
-7
51
31
51
34
-4
-9
47
-16
63
47
25
13
28
127
8
-54
95
39
-15
124
36
25
-20
-33
-63
-5
-32
40
-1
88
77
20
1
62
-36
42
-16
-4
-16
37
-20
-33
36
-5
28
-2
24
-97
33
92
57
52
3
21
23
17
-23
-2
5
-8
49
121
-44
18
-49
68
73
-58
96
-33
22
60
19
111
127
19
-69
-3
-23
-20
-35
16
103
-18
1
63
65
34
57
50
-3
31
0
-26
40
16
5
25
55
30
21
25
15
-20
46
73
-10
95
5
2
-25
-21
-28
28
81
35
49
70
-94
6
28
43
-43
-30
47
8
36
-28
-57
45
64
82
-53
-44
-50
11
-13
69
-49
-62
22
64
-21
-41
6
-57
14
48
22
-69
-10
0
90
52
10
69
-32
-2
73
77
44
34
-12
45
-23
37
25
61
-5
40
47
-26
19
81
18
0
32
1
32
7
12
32
71
32
83
-74
-6
23
-23
-42
39
39
25
30
-24
-8
8
-17
27
114
-8
40
-31
70
-29
22
-14
35
13
11
127
-14
11
127
-36
36
-33
57
27
41
1
23
76
-84
-57
31
-15
0
-51
-26
-4
-18
-24
-5
-27
70
-29
90
-3
-49
-14
53
58
20
25
40
-49
-12
-65
-6
53
43
110
20
-79
85
68
-12
22
46
29
43
8
11
17
-21
74
13
42
-24
-33
9
2
64
39
36
-49
-28
21
-2
68
70
-12
50
72
26
82
58
22
50
21
-5
28
14
-3
88
22
127
0
37
80
127
26
-21
47
-44
1
24
76
74
12
52
-1
41
95
      4404         0
       920      -514
       886     -1167
      -306      -716
     -1015       562
      -504       180
       848        -6
      -697        12
      -550       577
      -759       703
      -310        19
      1423      -405
      -432      1200
         6       276
      1288      -251
       238      -875
       951       -82
      -505     -1776
      1997      -406
       322       226
      -191      1762
       640       475
       341      -301
     -1432       -83
      -327       227
      -713       140
      -171      1196
     -1335       338
       593       360
      -498      -243
       617      -559
       334      -509
      1218       222
      1269       780
       -71      -130
       470      -585
      -363     -1067
       406      -726
      -641      -867
       178      -217
      1005      -316
      -902      -110
      -385        16
       250       465
       273      -131
       768     -1128
       525      -189
       974     -1264
       733     -1426
     -2075      -150
      -282      -428
       586      -640
      -531      -457
     -2018        12
       842       136
        21       263
      -344       339
     -1144       544
        15      -953
      -154      -591
      -254      -581
      -233     -1151
     -1049     -1385
      1717      -797
      1832         0
     -1018       201
       501       -94
      -150       725
       938       509
      -222       127
     -1225      -447
      -299      -117
      -329      -103
      -683       538
       272      1047
      1084       492
     -1207       -23
        50       394
       503      -702
       193       452
      -669        12
       858       238
       431       632
       390       -55
     -1040       811
     -1078      1007
       646      -429
       429      -597
      -580       760
       996      -336
       150     -1371
      -892       242
       355        14
       826     -1122
       921       -99
       100       818
      -340       172
      -852      -344
       334       900
      -786       204
        26      -384
       -45      -403
        62      1101
      -156      1108
       621       335
       530        98
      -557      -316
      1882       180
       582      -474
       630       384
      -993       986
      -681       822
       569       -24
      -309       -54
       183      -786
       516      -236
       548       828
       467       199
      1074       156
       275       495
      -303      -712
       222       -56
       663       457
       388      -211
       358       407
      -123      -628
        42       192
       208      -816
      2570         0
       753        44
      -123      -360
        53      -714
       562      1284
      1189       106
       276      -343
       428      1344
       644       230
      -403       775
      1396      -380
       283      -543
      -962      -663
       -93       443
       390       819
     -1155      -249
       -94       987
      -115      -522
      -291      -895
       445        53
     -1303        69
      -397     -1349
      -504       306
      -325      -546
       253       479
      -205      -947
      -642      -162
       334       738
        27        48
       269      -368
        12       611
       328       821
       588      -402
       365        84
       652       413
      1447      1249
      -348      1068
       549      -173
       555       209
         4       -78
       551      1714
       247       430
      -362       -97
       928       876
     -1408        17
     -1068      -402
      -206       129
       295       893
      -306       131
      1452       791
       203      -718
       423      -562
      1127      1689
       347      -252
       196       244
     -1193       565
      1824       194
        55      -124
      -604       372
      1350       557
       687      1381
       319       884
      -145      -218
      1410       455
      3178         0
       -53       297
      -548       738
       -60        64
       -96       641
      -280       202
      1103       189
      -534     -1017
     -1057       508
       660      -994
       236      -519
      -659      -828
       595     -1660
      -874      -677
      -109        83
      -435       259
       232       305
        94     -2080
        56      -210
       171     -1710
       559      -462
       564      -396
        74      -806
       -97      1008
       630       149
      -258      -997
       438      -616
      -113      -459
        48        90
       640       876
      -161      -291
      -230       546
      -422      -244
      -580       818
      -605      -481
      -302       -19
      -626        29
       503        99
      -206       408
      -390      -438
      -894       -64
      -125      -135
     -1041        35
      -401     -1204
      -367      -128
       243       341
      -301       -85
       358      -590
       708      -447
        88       -74
       869      -331
      -374       -39
        91       616
       105     -1028
      -733      -150
      1087      -999
      -599       687
      -169       217
       783      1051
      -126      -220
      -315       234
      -300      -182
     -1646     -1185
       182       652
      4028         0
      -643       692
     -1326       578
       -15     -1442
      -568       372
      -334     -1384
        32      -739
      -256        34
        68        -7
       372      -774
     -1027     -1550
      -599     -1329
      -301      -420
       247        88
     -1724       319
      -334       557
      -584      -819
       748       270
      -518       142
      1372       307
       260       -88
      1114      -536
      -232       120
       300      -136
      -375      -710
       493        60
       101      -524
       266       185
       638      -934
       183       -89
       -52       158
        86      -261
     -1094       338
      -361       478
     -1212       676
      1040       428
       622      -241
       839        -5
       660       278
       485       272
      -205       176
       398       -77
       346     -1650
       536       985
      -588       219
      -975       578
      1040       401
      -843      -212
      -384       353
     -1191      -505
      -570       495
       420       235
       335      -810
       978     -1031
      -359       566
       736      -520
      -201      -729
        86      -154
      -552       375
      -710      -206
      -477       528
       232      -117
       209       286
       131       966
      1592         0
       130     -1034
       190       566
      -254      1188
      -152         0
       -32     -1670
      -567      1193
      -536       730
      1448       727
      -415      -178
      -125      1795
     -1189       234
      -546      -186
      -123         7
      -521      1183
      -476        48
      -653     -1265
      -236      1000
       391      1143
      -112       478
       378      -369
       268      -115
      1283      -897
       699      -124
      -865       344
      -100       818
     -1348      -416
      -163       159
      -776      -598
        37       384
       787       511
       796       222
       324      -160
      -524      -165
      -429     -1192
       372      -149
       754       813
      -111       935
       394      1041
       720      1334
      -672       329
       -12      -363
      -845       191
      -162      -366
        85       307
      1173       136
      1031      -155
        21      -217
      -207       -53
       428       304
      -420       143
       129       124
       -50      -195
       127     -1005
     -1082       267
      -903       401
        65      -712
       577       700
       456      -224
     -1275       698
      -254     -1705
      -621      -389
      -826       782
      -475       235
      1304         0
       507     -1015
        58      -300
      -858       519
       170        60
      -666      -178
       387       -93
      -553       783
       402       513
       -12      -123
       409       308
      -234        98
     -1003      1188
      -429      -351
       925      -461
      -128      -660
       120     -1134
      -265      -346
     -1775      -376
     -1599       424
      -194      -599
      1744      -113
       426       237
       998       120
       908      2066
      -836      -564
      -492     -1301
      -500       539
       287        25
      1304      -161
       822       370
        43       535
       130       -18
       648       505
      -443      -666
      -773      -284
      -417       228
       696       612
       420      -783
       284       -93
      -361      -303
       955      -817
      -588       737
       746        83
       800      1195
      -168      1132
       849     -1041
     -1382      -723
        16      -442
       -29       321
       868      -885
       610      -261
      1356      -267
      -810       -96
       647      -231
       592       217
      -133      -224
       335       360
      -778       273
       216       903
     -1095      1046
      -433       -93
      -966       -80
      -322       137
      4168         0
      -926       282
        81      -330
       309       702
       297       349
       353      -134
       488       334
     -1876      -767
      -837        -5
       868      -347
        85       517
      -515     -1118
      -610     -1222
       663      -953
      -872      1091
      -118      -125
       932       616
      1232       241
        51       122
      -126      -674
      -694      -184
     -1052       247
       356      -500
        94      -601
      -542     -1152
       384      -444
       398       -66
       274      -324
      -429       820
        19      -541
     -1269       -34
       159      1905
      -344       164
       382      -357
      -959       648
       556      -559
        41      -808
      -506       380
       -87     -1118
      1397       879
      -948        42
     -1358       106
      -200       526
      -529      -234
      -240      -822
       -72       121
      -655       668
      -575      -939
      1180         0
     -1095       342
         8       191
      -461       503
       332       988
       260      -370
      -283       811
      -517      -104
      -313      -282
      -753      -597
       626       189
       102      -356
       983       897
      1012       291
     -1384      -382
        48      -175
      4528         0
      1218      -543
      -508       934
      -356      -561
       442      -381
       -40       218
      -715      -140
      -624       103
      -120       926
      1160       881
        59      -466
       530      -532
     -1081      -808
      -553        47
       -15      -414
     -1283       244
       612      1021
      -507      -987
      1258      -782
       893     -1061
      -171      -422
     -1014      -512
       -14     -1798
       849       648
     -1742     -1065
      1115      -642
      -608      -419
       793      -682
        71      -477
       484      -687
     -1111      -635
      -614        98
      -812       384
       383       993
      -359      -221
       -44     -1142
       954      -621
      -743       781
      -271      -189
       154      1836
       369      -447
      -634      -126
       323       694
       227      -837
      1457      -344
       543      -201
      -742      -390
      -555        71
      -316       229
      -735       950
     -1309       829
       234       434
      -624       213
       235      1697
      -431       727
       237      1633
       828        80
       436       548
      -111      -131
      1091       183
      -472       851
      -673       245
       136      -305
      -802      -205
      5206         0
      1095      1466
        75         6
     -1515       376
       298       419
       749       356
      -665      -647
       126       373
       857       -67
       294      1282
      -123       840
      -442       414
        98      -948
      -812      -143
      -492      -644
      -854       291
       998       202
     -1441      -487
      1134        99
       452       996
       206      1149
       531       -22
       487      1595
      -384       660
       401      -420
      -546       256
      1012       119
      -753        45
       283       974
       -51      1120
       568       352
      -900      -144
      -336       190
       954       446
       773     -1531
       283       362
      -117      -586
       185      1212
      -186       583
      -296      1104
       209        71
       641      -264
     -1418       363
       200       264
       700      -167
      1859       -76
      -968        42
      -443      -218
      -578       134
       296      -552
      -479      1061
       379      -839
     -1285      -613
     -1294      1122
      -428      -157
      1050      -250
       517     -1152
       141     -1282
       185       674
      -275       202
      -711       -20
      -680       575
      -275      -260
       169       796
