-25
-25
-25
-25
-25
-26
-26
-26
-26
-27
-27
-28
-28
-29
-29
-30
-30
-31
-32
-32
-33
-34
-35
-35
-36
-37
-38
-39
-39
-40
-41
-42
-43
-43
-44
-45
-46
-46
-47
-47
-48
-49
-49
-50
-50
-51
-51
-52
-52
-53
-53
-53
-54
-54
-54
-54
-55
-55
-55
-55
-55
-55
-55
-55
-55
-55
-55
-55
-55
-54
-54
-54
-53
-53
-52
-52
-51
-51
-50
-49
-48
-48
-47
-46
-45
-44
-43
-42
-40
-39
-38
-37
-35
-34
-32
-31
-29
-27
-26
-24
-22
-20
-18
-16
-14
-12
-10
-8
-6
-3
-1
1
4
6
9
11
14
16
19
22
25
27
30
33
36
39
42
45
48
51
54
57
60
63
66
70
73
76
79
82
86
89
92
95
98
102
105
108
111
114
118
121
124
127
130
133
136
139
142
145
148
150
153
156
159
161
164
166
169
171
173
176
178
180
182
184
186
187
189
191
192
194
195
196
197
198
199
200
200
201
201
202
202
202
202
202
201
201
200
200
199
198
197
196
194
193
191
189
187
185
183
181
178
175
173
170
166
163
160
156
153
149
145
141
136
132
127
123
118
113
108
102
97
92
86
80
74
68
62
56
49
43
36
29
23
16
9
1
-6
-13
-21
-28
-36
-43
-51
-59
-67
-75
-83
-91
-99
-107
-115
-123
-131
-140
-148
-156
-164
-173
-181
-189
-197
-206
-214
-222
-230
-238
-246
-254
-262
-270
-278
-285
-293
-300
-308
-315
-322
-329
-336
-343
-350
-356
-363
-369
-375
-381
-386
-392
-397
-403
-408
-412
-417
-421
-425
-429
-433
-437
-440
-443
-446
-448
-450
-452
-454
-455
-457
-458
-458
-458
-459
-458
-458
-457
-456
-454
-452
-450
-448
-445
-442
-439
-435
-431
-427
-422
-417
-412
-406
-400
-394
-388
-381
-373
-366
-358
-350
-341
-332
-323
-314
-304
-294
-283
-273
-262
-250
-239
-227
-215
-202
-189
-176
-163
-150
-136
-122
-108
-93
-78
-63
-48
-33
-17
-2
14
30
46
63
79
96
113
130
147
164
181
199
216
233
251
268
286
303
321
338
356
374
391
408
426
443
460
477
494
511
528
544
561
577
593
609
624
640
655
670
684
699
713
727
740
753
766
778
791
802
814
825
835
845
855
864
873
882
890
897
904
911
917
922
927
931
935
939
941
943
945
946
947
947
946
944
943
940
937
933
929
924
918
912
905
897
889
880
871
860
850
838
826
813
800
786
771
756
740
724
706
689
670
651
632
611
591
569
547
525
502
478
454
430
404
379
353
326
299
271
243
215
186
157
127
97
66
36
5
-27
-58
-90
-123
-155
-188
-220
-254
-287
-320
-354
-387
-421
-455
-488
-522
-556
-590
-623
-657
-691
-724
-758
-791
-824
-857
-889
-922
-954
-985
-1017
-1048
-1079
-1109
-1139
-1169
-1198
-1227
-1255
-1283
-1310
-1336
-1362
-1388
-1412
-1436
-1460
-1483
-1505
-1526
-1546
-1566
-1585
-1603
-1620
-1637
-1652
-1667
-1681
-1694
-1706
-1716
-1726
-1735
-1743
-1750
-1756
-1761
-1765
-1768
-1769
-1770
-1769
-1768
-1765
-1761
-1756
-1749
-1742
-1733
-1724
-1713
-1701
-1687
-1673
-1657
-1640
-1622
-1603
-1583
-1561
-1538
-1514
-1489
-1463
-1435
-1406
-1377
-1346
-1313
-1280
-1246
-1210
-1174
-1136
-1097
-1058
-1017
-975
-932
-888
-843
-797
-751
-703
-654
-605
-555
-504
-452
-399
-346
-291
-237
-181
-125
-68
-11
47
106
164
224
284
344
404
465
526
588
649
711
773
835
897
960
1022
1084
1146
1208
1269
1331
1392
1453
1514
1574
1634
1693
1752
1810
1868
1925
1982
2038
2093
2147
2201
2253
2305
2356
2405
2454
2502
2548
2594
2638
2681
2723
2763
2802
2840
2876
2911
2944
2976
3006
3035
3062
3087
3111
3133
3153
3171
3188
3203
3216
3227
3236
3243
3248
3251
3253
3252
3249
3244
3237
3228
3217
3203
3188
3170
3150
3128
3104
3078
3049
3018
2986
2950
2913
2874
2832
2788
2742
2693
2643
2590
2535
2479
2419
2358
2295
2230
2162
2093
2021
1948
1872
1795
1715
1634
1551
1466
1379
1291
1201
1109
1015
920
823
725
625
524
421
317
212
106
-2
-111
-221
-332
-444
-556
-670
-785
-900
-1016
-1132
-1249
-1367
-1485
-1603
-1722
-1841
-1960
-2079
-2198
-2317
-2436
-2554
-2673
-2791
-2908
-3025
-3142
-3258
-3373
-3487
-3600
-3713
-3824
-3934
-4043
-4151
-4258
-4363
-4466
-4568
-4668
-4766
-4863
-4957
-5050
-5141
-5229
-5315
-5399
-5481
-5560
-5636
-5710
-5781
-5850
-5915
-5978
-6037
-6094
-6148
-6198
-6245
-6289
-6329
-6366
-6399
-6429
-6455
-6477
-6496
-6511
-6521
-6528
-6531
-6530
-6525
-6515
-6502
-6484
-6462
-6435
-6404
-6368
-6329
-6284
-6235
-6182
-6123
-6061
-5993
-5921
-5844
-5762
-5676
-5585
-5489
-5388
-5282
-5171
-5056
-4936
-4811
-4681
-4546
-4406
-4261
-4112
-3957
-3798
-3634
-3465
-3292
-3113
-2930
-2742
-2550
-2352
-2150
-1944
-1733
-1517
-1297
-1072
-843
-610
-372
-130
116
367
621
880
1142
1409
1679
1953
2231
2513
2798
3086
3378
3674
3973
4274
4579
4887
5198
5512
5829
6148
6470
6794
7121
7450
7781
8114
8449
8786
9125
9466
9808
10151
10496
10842
11189
11537
11886
12236
12586
12937
13289
13640
13992
14344
14696
15048
15399
15750
16101
16450
16799
17148
17495
17841
18185
18529
18870
19211
19549
19885
20220
20552
20883
21210
21536
21859
22179
22496
22810
23121
23430
23734
24036
24334
24628
24919
25205
25488
25767
26042
26312
26578
26840
27097
27349
27597
27839
28077
28310
28538
28761
28978
29190
29396
29597
29793
29982
30167
30345
30517
30683
30844
30998
31146
31288
31424
31554
31677
31794
31904
32008
32105
32196
32280
32358
32429
32493
32551
32602
32646
32683
32714
32737
32754
32765
32767
32765
32754
32737
32714
32683
32646
32602
32551
32493
32429
32358
32280
32196
32105
32008
31904
31794
31677
31554
31424
31288
31146
30998
30844
30683
30517
30345
30167
29982
29793
29597
29396
29190
28978
28761
28538
28310
28077
27839
27597
27349
27097
26840
26578
26312
26042
25767
25488
25205
24919
24628
24334
24036
23734
23430
23121
22810
22496
22179
21859
21536
21210
20883
20552
20220
19885
19549
19211
18870
18529
18185
17841
17495
17148
16799
16450
16101
15750
15399
15048
14696
14344
13992
13640
13289
12937
12586
12236
11886
11537
11189
10842
10496
10151
9808
9466
9125
8786
8449
8114
7781
7450
7121
6794
6470
6148
5829
5512
5198
4887
4579
4274
3973
3674
3378
3086
2798
2513
2231
1953
1679
1409
1142
880
621
367
116
-130
-372
-610
-843
-1072
-1297
-1517
-1733
-1944
-2150
-2352
-2550
-2742
-2930
-3113
-3292
-3465
-3634
-3798
-3957
-4112
-4261
-4406
-4546
-4681
-4811
-4936
-5056
-5171
-5282
-5388
-5489
-5585
-5676
-5762
-5844
-5921
-5993
-6061
-6123
-6182
-6235
-6284
-6329
-6368
-6404
-6435
-6462
-6484
-6502
-6515
-6525
-6530
-6531
-6528
-6521
-6511
-6496
-6477
-6455
-6429
-6399
-6366
-6329
-6289
-6245
-6198
-6148
-6094
-6037
-5978
-5915
-5850
-5781
-5710
-5636
-5560
-5481
-5399
-5315
-5229
-5141
-5050
-4957
-4863
-4766
-4668
-4568
-4466
-4363
-4258
-4151
-4043
-3934
-3824
-3713
-3600
-3487
-3373
-3258
-3142
-3025
-2908
-2791
-2673
-2554
-2436
-2317
-2198
-2079
-1960
-1841
-1722
-1603
-1485
-1367
-1249
-1132
-1016
-900
-785
-670
-556
-444
-332
-221
-111
-2
106
212
317
421
524
625
725
823
920
1015
1109
1201
1291
1379
1466
1551
1634
1715
1795
1872
1948
2021
2093
2162
2230
2295
2358
2419
2479
2535
2590
2643
2693
2742
2788
2832
2874
2913
2950
2986
3018
3049
3078
3104
3128
3150
3170
3188
3203
3217
3228
3237
3244
3249
3252
3253
3251
3248
3243
3236
3227
3216
3203
3188
3171
3153
3133
3111
3087
3062
3035
3006
2976
2944
2911
2876
2840
2802
2763
2723
2681
2638
2594
2548
2502
2454
2405
2356
2305
2253
2201
2147
2093
2038
1982
1925
1868
1810
1752
1693
1634
1574
1514
1453
1392
1331
1269
1208
1146
1084
1022
960
897
835
773
711
649
588
526
465
404
344
284
224
164
106
47
-11
-68
-125
-181
-237
-291
-346
-399
-452
-504
-555
-605
-654
-703
-751
-797
-843
-888
-932
-975
-1017
-1058
-1097
-1136
-1174
-1210
-1246
-1280
-1313
-1346
-1377
-1406
-1435
-1463
-1489
-1514
-1538
-1561
-1583
-1603
-1622
-1640
-1657
-1673
-1687
-1701
-1713
-1724
-1733
-1742
-1749
-1756
-1761
-1765
-1768
-1769
-1770
-1769
-1768
-1765
-1761
-1756
-1750
-1743
-1735
-1726
-1716
-1706
-1694
-1681
-1667
-1652
-1637
-1620
-1603
-1585
-1566
-1546
-1526
-1505
-1483
-1460
-1436
-1412
-1388
-1362
-1336
-1310
-1283
-1255
-1227
-1198
-1169
-1139
-1109
-1079
-1048
-1017
-985
-954
-922
-889
-857
-824
-791
-758
-724
-691
-657
-623
-590
-556
-522
-488
-455
-421
-387
-354
-320
-287
-254
-220
-188
-155
-123
-90
-58
-27
5
36
66
97
127
157
186
215
243
271
299
326
353
379
404
430
454
478
502
525
547
569
591
611
632
651
670
689
706
724
740
756
771
786
800
813
826
838
850
860
871
880
889
897
905
912
918
924
929
933
937
940
943
944
946
947
947
946
945
943
941
939
935
931
927
922
917
911
904
897
890
882
873
864
855
845
835
825
814
802
791
778
766
753
740
727
713
699
684
670
655
640
624
609
593
577
561
544
528
511
494
477
460
443
426
408
391
374
356
338
321
303
286
268
251
233
216
199
181
164
147
130
113
96
79
63
46
30
14
-2
-17
-33
-48
-63
-78
-93
-108
-122
-136
-150
-163
-176
-189
-202
-215
-227
-239
-250
-262
-273
-283
-294
-304
-314
-323
-332
-341
-350
-358
-366
-373
-381
-388
-394
-400
-406
-412
-417
-422
-427
-431
-435
-439
-442
-445
-448
-450
-452
-454
-456
-457
-458
-458
-459
-458
-458
-458
-457
-455
-454
-452
-450
-448
-446
-443
-440
-437
-433
-429
-425
-421
-417
-412
-408
-403
-397
-392
-386
-381
-375
-369
-363
-356
-350
-343
-336
-329
-322
-315
-308
-300
-293
-285
-278
-270
-262
-254
-246
-238
-230
-222
-214
-206
-197
-189
-181
-173
-164
-156
-148
-140
-131
-123
-115
-107
-99
-91
-83
-75
-67
-59
-51
-43
-36
-28
-21
-13
-6
1
9
16
23
29
36
43
49
56
62
68
74
80
86
92
97
102
108
113
118
123
127
132
136
141
145
149
153
156
160
163
166
170
173
175
178
181
183
185
187
189
191
193
194
196
197
198
199
200
200
201
201
202
202
202
202
202
201
201
200
200
199
198
197
196
195
194
192
191
189
187
186
184
182
180
178
176
173
171
169
166
164
161
159
156
153
150
148
145
142
139
136
133
130
127
124
121
118
114
111
108
105
102
98
95
92
89
86
82
79
76
73
70
66
63
60
57
54
51
48
45
42
39
36
33
30
27
25
22
19
16
14
11
9
6
4
1
-1
-3
-6
-8
-10
-12
-14
-16
-18
-20
-22
-24
-26
-27
-29
-31
-32
-34
-35
-37
-38
-39
-40
-42
-43
-44
-45
-46
-47
-48
-48
-49
-50
-51
-51
-52
-52
-53
-53
-54
-54
-54
-55
-55
-55
-55
-55
-55
-55
-55
-55
-55
-55
-55
-55
-54
-54
-54
-54
-53
-53
-53
-52
-52
-51
-51
-50
-50
-49
-49
-48
-47
-47
-46
-46
-45
-44
-43
-43
-42
-41
-40
-39
-39
-38
-37
-36
-35
-35
-34
-33
-32
-32
-31
-30
-30
-29
-29
-28
-28
-27
-27
-26
-26
-26
-26
-25
-25
-25
-25
-25
-25
-25
-25
-25
-25
-25
-25
-25
-25
-25
-25
-25
-25
-25
-25
