-114
-19
-21
-22
-24
-25
-27
-29
-31
-32
-34
-36
-38
-39
-41
-43
-45
-46
-48
-50
-51
-53
-54
-56
-57
-58
-59
-60
-61
-62
-63
-63
-64
-64
-64
-64
-64
-64
-63
-62
-61
-60
-59
-57
-56
-54
-51
-49
-46
-43
-40
-37
-33
-30
-26
-21
-17
-12
-7
-2
3
8
14
20
26
32
38
45
51
58
64
71
78
85
92
98
105
112
119
126
132
139
145
151
157
163
169
174
179
184
188
192
196
200
203
205
207
209
210
211
211
211
210
209
207
204
201
198
193
189
183
177
170
163
155
147
138
128
117
107
95
83
71
58
44
30
16
1
-14
-30
-45
-62
-78
-95
-111
-128
-145
-163
-180
-197
-214
-231
-247
-264
-280
-296
-312
-327
-341
-356
-369
-382
-394
-406
-417
-427
-436
-444
-452
-458
-463
-468
-471
-473
-474
-473
-472
-469
-465
-459
-453
-445
-435
-425
-413
-399
-384
-368
-351
-332
-313
-291
-269
-245
-220
-195
-168
-139
-110
-80
-49
-18
15
48
82
116
151
186
222
257
293
329
365
401
436
472
506
541
574
607
639
670
700
729
757
784
809
832
854
874
893
909
924
936
947
955
961
965
966
965
962
956
947
936
923
906
888
866
842
815
786
754
720
683
644
602
558
511
463
412
359
305
248
190
130
69
6
-58
-123
-189
-256
-324
-392
-460
-529
-597
-665
-733
-801
-867
-933
-998
-1061
-1123
-1183
-1242
-1298
-1352
-1404
-1453
-1500
-1544
-1584
-1622
-1655
-1686
-1713
-1735
-1754
-1769
-1780
-1786
-1788
-1786
-1779
-1767
-1751
-1730
-1704
-1673
-1638
-1597
-1552
-1503
-1448
-1389
-1325
-1256
-1184
-1106
-1025
-939
-849
-756
-659
-558
-454
-347
-237
-125
-9
108
227
348
470
594
718
843
968
1093
1218
1342
1465
1587
1707
1825
1940
2053
2163
2270
2373
2471
2566
2656
2741
2821
2895
2963
3025
3081
3130
3172
3207
3235
3255
3267
3271
3267
3255
3234
3205
3167
3121
3065
3001
2928
2846
2756
2656
2548
2431
2306
2172
2031
1881
1723
1558
1386
1206
1020
827
628
424
214
-1
-221
-444
-671
-902
-1135
-1370
-1607
-1846
-2084
-2323
-2561
-2798
-3033
-3266
-3496
-3722
-3944
-4161
-4373
-4578
-4777
-4969
-5152
-5327
-5492
-5648
-5793
-5927
-6049
-6159
-6257
-6341
-6411
-6466
-6507
-6532
-6542
-6535
-6512
-6471
-6413
-6337
-6244
-6131
-6001
-5851
-5683
-5495
-5288
-5061
-4815
-4550
-4265
-3960
-3637
-3294
-2932
-2551
-2151
-1733
-1296
-842
-371
118
623
1145
1682
2235
2802
3383
3977
4585
5204
5835
6476
7127
7787
8456
9132
9815
10503
11196
11894
12594
13296
14000
14704
15407
16108
16807
17502
18193
18878
19557
20227
20890
21543
22186
22817
23436
24042
24635
25212
25773
26318
26845
27355
27845
28315
28766
29195
29602
29987
30349
30688
31002
31293
31558
31797
32012
32200
32361
32497
32605
32686
32741
32767
32767
32741
32686
32605
32497
32361
32200
32012
31797
31558
31293
31002
30688
30349
29987
29602
29195
28766
28315
27845
27355
26845
26318
25773
25212
24635
24042
23436
22817
22186
21543
20890
20227
19557
18878
18193
17502
16807
16108
15407
14704
14000
13296
12594
11894
11196
10503
9815
9132
8456
7787
7127
6476
5835
5204
4585
3977
3383
2802
2235
1682
1145
623
118
-371
-842
-1296
-1733
-2151
-2551
-2932
-3294
-3637
-3960
-4265
-4550
-4815
-5061
-5288
-5495
-5683
-5851
-6001
-6131
-6244
-6337
-6413
-6471
-6512
-6535
-6542
-6532
-6507
-6466
-6411
-6341
-6257
-6159
-6049
-5927
-5793
-5648
-5492
-5327
-5152
-4969
-4777
-4578
-4373
-4161
-3944
-3722
-3496
-3266
-3033
-2798
-2561
-2323
-2084
-1846
-1607
-1370
-1135
-902
-671
-444
-221
-1
214
424
628
827
1020
1206
1386
1558
1723
1881
2031
2172
2306
2431
2548
2656
2756
2846
2928
3001
3065
3121
3167
3205
3234
3255
3267
3271
3267
3255
3235
3207
3172
3130
3081
3025
2963
2895
2821
2741
2656
2566
2471
2373
2270
2163
2053
1940
1825
1707
1587
1465
1342
1218
1093
968
843
718
594
470
348
227
108
-9
-125
-237
-347
-454
-558
-659
-756
-849
-939
-1025
-1106
-1184
-1256
-1325
-1389
-1448
-1503
-1552
-1597
-1638
-1673
-1704
-1730
-1751
-1767
-1779
-1786
-1788
-1786
-1780
-1769
-1754
-1735
-1713
-1686
-1655
-1622
-1584
-1544
-1500
-1453
-1404
-1352
-1298
-1242
-1183
-1123
-1061
-998
-933
-867
-801
-733
-665
-597
-529
-460
-392
-324
-256
-189
-123
-58
6
69
130
190
248
305
359
412
463
511
558
602
644
683
720
754
786
815
842
866
888
906
923
936
947
956
962
965
966
965
961
955
947
936
924
909
893
874
854
832
809
784
757
729
700
670
639
607
574
541
506
472
436
401
365
329
293
257
222
186
151
116
82
48
15
-18
-49
-80
-110
-139
-168
-195
-220
-245
-269
-291
-313
-332
-351
-368
-384
-399
-413
-425
-435
-445
-453
-459
-465
-469
-472
-473
-474
-473
-471
-468
-463
-458
-452
-444
-436
-427
-417
-406
-394
-382
-369
-356
-341
-327
-312
-296
-280
-264
-247
-231
-214
-197
-180
-163
-145
-128
-111
-95
-78
-62
-45
-30
-14
1
16
30
44
58
71
83
95
107
117
128
138
147
155
163
170
177
183
189
193
198
201
204
207
209
210
211
211
211
210
209
207
205
203
200
196
192
188
184
179
174
169
163
157
151
145
139
132
126
119
112
105
98
92
85
78
71
64
58
51
45
38
32
26
20
14
8
3
-2
-7
-12
-17
-21
-26
-30
-33
-37
-40
-43
-46
-49
-51
-54
-56
-57
-59
-60
-61
-62
-63
-64
-64
-64
-64
-64
-64
-63
-63
-62
-61
-60
-59
-58
-57
-56
-54
-53
-51
-50
-48
-46
-45
-43
-41
-39
-38
-36
-34
-32
-31
-29
-27
-25
-24
-22
-21
-19
-114
