Nof lines PFIR coefficients: 512
Nof lines WG output:         1600
Nof lines PFIR output:       1600
Nof lines PFFT output:       800
-62
-20
-24
-27
-30
-34
-37
-41
-44
-47
-51
-53
-56
-58
-60
-62
-62
-63
-62
-61
-59
-57
-53
-49
-43
-37
-30
-22
-14
-4
6
17
29
42
54
68
81
95
108
122
135
147
159
170
180
189
197
203
207
209
210
208
204
198
190
179
166
150
132
111
89
64
37
9
-22
-53
-86
-119
-153
-187
-221
-254
-286
-317
-346
-373
-398
-420
-438
-452
-463
-469
-471
-468
-460
-446
-428
-404
-375
-340
-301
-256
-207
-153
-95
-33
31
99
168
239
310
382
452
522
589
653
713
768
818
861
898
927
948
960
963
956
939
912
874
826
768
700
621
533
436
331
218
99
-26
-156
-290
-425
-562
-698
-833
-964
-1091
-1211
-1323
-1427
-1520
-1601
-1668
-1722
-1760
-1781
-1785
-1771
-1738
-1687
-1616
-1526
-1417
-1290
-1144
-981
-802
-608
-401
-181
49
287
532
780
1030
1279
1525
1764
1995
2215
2421
2610
2779
2927
3052
3150
3220
3260
3268
3244
3185
3092
2964
2800
2601
2368
2101
1802
1472
1113
728
319
-111
-558
-1019
-1489
-1965
-2442
-2916
-3381
-3834
-4268
-4679
-5061
-5411
-5722
-5990
-6210
-6378
-6489
-6539
-6526
-6445
-6293
-6069
-5770
-5394
-4941
-4410
-3802
-3116
-2353
-1517
-609
369
1412
2517
3679
4894
6155
7458
8795
10161
11548
12948
14356
15762
17160
18541
19899
21224
22509
23748
24932
26055
27110
28091
28992
29807
30531
31160
31691
32119
32442
32659
32767
32767
32659
32442
32119
31691
31160
30531
29807
28992
28091
27110
26055
24932
23748
22509
21224
19899
18541
17160
15762
14356
12948
11548
10161
8795
7458
6155
4894
3679
2517
1412
369
-609
-1517
-2353
-3116
-3802
-4410
-4941
-5394
-5770
-6069
-6293
-6445
-6526
-6539
-6489
-6378
-6210
-5990
-5722
-5411
-5061
-4679
-4268
-3834
-3381
-2916
-2442
-1965
-1489
-1019
-558
-111
319
728
1113
1472
1802
2101
2368
2601
2800
2964
3092
3185
3244
3268
3260
3220
3150
3052
2927
2779
2610
2421
2215
1995
1764
1525
1279
1030
780
532
287
49
-181
-401
-608
-802
-981
-1144
-1290
-1417
-1526
-1616
-1687
-1738
-1771
-1785
-1781
-1760
-1722
-1668
-1601
-1520
-1427
-1323
-1211
-1091
-964
-833
-698
-562
-425
-290
-156
-26
99
218
331
436
533
621
700
768
826
874
912
939
956
963
960
948
927
898
861
818
768
713
653
589
522
452
382
310
239
168
99
31
-33
-95
-153
-207
-256
-301
-340
-375
-404
-428
-446
-460
-468
-471
-469
-463
-452
-438
-420
-398
-373
-346
-317
-286
-254
-221
-187
-153
-119
-86
-53
-22
9
37
64
89
111
132
150
166
179
190
198
204
208
210
209
207
203
197
189
180
170
159
147
135
122
108
95
81
68
54
42
29
17
6
-4
-14
-22
-30
-37
-43
-49
-53
-57
-59
-61
-62
-63
-62
-62
-60
-58
-56
-53
-51
-47
-44
-41
-37
-34
-30
-27
-24
-20
-62
23
78
-96
37
14
-56
-18
15
127
118
-58
127
31
-3
30
-9
-5
64
60
60
29
-52
31
70
21
44
31
-13
13
-34
38
-49
-46
-35
-126
61
14
-32
58
-73
-4
-10
14
13
-37
-1
-7
27
47
47
-37
3
-52
-48
0
65
-33
16
-10
48
-46
1
24
47
66
4
-64
-32
-45
100
-26
32
-8
38
-33
-60
-61
21
-8
-8
61
12
8
68
-34
30
36
-10
9
-50
-49
4
31
110
-28
8
-4
-82
-19
-77
36
-38
4
-23
13
-26
21
32
73
-8
-91
-36
58
-46
41
5
61
-84
-8
-52
124
35
59
-45
-20
-12
47
-12
30
-88
-15
-35
-67
22
12
1
-57
48
15
-13
1
-11
-75
-12
-35
-42
-49
-23
-85
41
22
-1
-1
-34
43
-6
-30
58
-10
-25
-13
-36
-48
108
71
13
-54
-37
-8
34
-57
-99
-62
14
17
19
-6
8
-20
37
-58
19
-36
-14
24
44
-48
54
28
-3
-8
-9
-13
1
2
35
65
20
-9
27
8
-44
41
13
6
22
11
-40
-7
-6
-23
72
-37
-21
-30
-50
-8
-12
65
-11
-45
68
53
-10
-64
-19
-7
12
-11
19
17
-53
-40
-32
-22
-14
1
-128
-19
53
-46
40
15
-1
8
-67
-4
68
4
2
-31
-1
10
18
-16
-10
86
-96
95
14
43
-71
-25
-12
18
-71
20
-52
3
28
14
46
43
-28
11
-40
-56
39
0
-2
39
25
15
53
40
10
-29
-28
51
-69
-1
-83
44
37
0
-3
-106
25
-94
-99
3
-40
18
29
37
-29
19
4
35
23
38
-6
-6
43
-91
-22
-54
-16
28
35
-43
-20
6
-12
13
17
-40
-8
-91
49
-27
-51
-11
-61
-1
-24
93
49
-107
19
-60
-11
7
32
-12
67
-21
14
28
4
38
14
-33
-77
79
-26
4
24
5
-39
-20
-5
63
-37
33
13
-10
-45
-12
-4
-63
8
-35
-4
14
-39
-12
15
-78
44
103
41
-13
18
-44
80
40
34
-37
14
-24
-13
-24
-44
-39
-9
-72
26
-5
30
12
21
-63
-44
-19
5
48
-12
54
20
50
5
-28
-63
7
35
-12
-23
-13
-47
-21
-8
2
-3
26
5
77
13
77
-31
22
-11
26
25
-93
-57
-61
17
63
-14
35
23
-45
17
-32
65
-1
70
-18
25
-3
-86
-42
26
-2
-48
-27
11
-42
42
-27
77
-46
8
-65
-31
-25
17
40
13
-16
35
34
5
24
18
-42
32
-28
-26
8
-13
-6
25
45
-8
14
-10
10
19
-26
12
26
4
74
-26
-31
-75
39
37
-3
38
8
12
5
19
4
119
-50
-79
-49
-47
-19
-7
-9
23
17
32
76
52
-55
-99
38
-78
3
2
95
-3
-22
10
10
3
-26
-52
14
-57
-44
57
-18
-6
38
-13
44
-15
43
27
-9
-37
-45
-12
-19
-17
42
-13
49
-23
41
-22
8
41
-18
-19
85
41
-18
28
-15
30
60
-68
44
62
2
75
7
-53
-94
-14
30
14
18
-25
6
-70
-32
-35
22
-1
-49
0
-29
-28
37
5
17
38
8
24
29
50
20
60
1
-2
73
-22
0
39
6
60
44
12
-33
24
-59
10
34
9
38
87
39
11
27
18
-56
-18
52
-2
25
-43
3
26
-58
15
-8
-40
-2
-81
-91
-50
-42
-50
-74
12
-68
5
34
0
4
-16
-63
-2
41
74
-18
-69
7
16
-10
-49
86
-101
-22
-56
-27
14
6
-30
33
27
28
-18
45
28
107
45
49
2
-55
-16
-32
-24
24
-24
-38
-17
-7
17
-41
14
3
57
-9
-6
-50
-59
13
-11
21
-38
81
5
45
-10
-7
29
24
-48
-65
-47
-60
3
-18
-16
-58
33
19
-4
44
-37
18
15
15
-31
14
-22
-38
-51
44
-36
-7
-52
-13
-128
-46
-61
-43
-9
-14
83
-24
-11
-67
-20
-57
1
36
17
-30
-70
62
87
5
-42
51
-25
-20
38
-59
-83
18
17
4
21
46
41
-24
35
7
-22
-51
28
-15
2
-34
-66
7
-3
51
34
45
-32
-40
-54
21
119
31
-33
36
-48
-61
31
-33
13
60
17
40
-69
28
91
23
-66
-9
-21
16
18
17
-16
-26
-25
36
-79
-9
12
-28
20
-3
-40
7
-11
-17
-30
3
-79
-17
-23
-39
28
-31
23
42
-7
12
27
-3
23
-54
47
-42
-78
59
-3
19
-15
-44
-128
27
-12
-8
17
-61
-31
49
26
-55
-94
-24
9
40
4
-48
13
-50
-41
-28
-52
-12
-38
-12
-20
-17
-21
53
26
3
-63
-69
-84
111
41
11
-42
-49
23
67
-72
-19
-4
-85
36
-18
82
-17
17
-49
-27
-50
17
56
-25
19
-22
4
51
5
-44
-37
-7
-8
-37
8
54
-11
-9
-94
-33
-59
-16
22
65
77
-5
-14
35
21
33
33
-63
23
-4
-32
-30
55
-35
-53
9
86
1
13
-40
71
5
23
-41
36
17
-49
2
-19
5
-11
-8
-44
-14
33
74
-50
101
65
7
-13
-30
36
-30
-20
38
19
38
22
-17
-22
34
-29
51
34
12
0
16
127
-5
-66
82
26
-28
112
24
13
-33
-45
-75
-18
-45
28
-14
75
64
7
-12
49
-49
29
-29
-17
-29
25
-33
-45
24
-18
15
-15
12
-109
20
79
44
39
-10
8
10
4
-35
-15
-7
-21
36
108
-56
5
-62
56
60
-71
83
-46
10
47
6
98
117
6
-81
-16
-36
-33
-48
3
90
-31
-12
50
52
21
44
37
-16
18
-13
-38
27
3
-8
12
42
17
8
12
2
-33
34
60
-23
82
-8
-10
-38
-34
-41
15
68
23
36
57
-107
-7
15
31
-56
-43
34
-5
24
-41
-70
32
51
70
-65
-57
-63
-2
-26
56
-62
-74
9
51
-34
-54
-6
-70
1
35
9
-81
-23
-13
77
39
-2
56
-45
-15
60
64
31
21
-25
32
-35
25
12
49
-18
27
34
-38
7
68
5
-13
19
-12
19
-6
-1
20
58
19
70
-87
-19
10
-36
-54
26
26
12
17
-37
-21
-5
-29
14
101
-21
28
-44
57
-41
9
-26
22
0
-2
126
-27
-2
114
-49
24
-46
44
14
28
-12
10
63
-97
-70
18
-28
-13
-64
-39
-17
-31
-37
-18
-40
57
-42
78
-16
-62
-26
40
45
7
12
27
-62
-25
-78
-19
41
31
98
7
-92
72
55
-25
9
33
16
30
-5
-2
4
-34
61
0
29
-36
-46
-4
-11
51
26
23
-62
-41
9
-15
55
57
-25
37
60
14
69
45
9
37
8
-18
15
2
-16
76
9
116
-13
24
68
116
13
-34
34
-56
-12
12
64
61
-1
39
-14
28
82
7
-13
-21
31
57
91
2
7
-27
69
-3
-20
93
35
31
-43
19
22
-47
-10
-17
23
-43
46
76
-13
0
22
51
22
17
-21
-10
26
72
24
-51
18
-4
-10
-9
-38
-14
-33
-16
5
7
-9
-7
1
20
55
26
-12
26
-10
-76
-100
-73
-10
-26
-31
2
-28
-27
26
33
104
13
2
-24
-8
-2
-75
-11
32
-24
21
42
46
33
-96
-24
38
17
0
19
48
7
-32
-8
-9
38
18
23
6
-15
3
9
-60
8
40
-5
67
24
-18
-7
-12
10
32
-12
20
75
40
35
-35
-23
10
-4
-69
-65
44
-32
89
-95
19
0
-32
17
-34
37
3
-70
-103
-12
49
8
2
29
-59
61
-38
2
-16
6
-83
65
23
86
60
0
-40
-74
1
9
45
-41
34
3
-33
33
11
-10
80
26
-5
12
4
7
19
-26
-34
15
80
-13
-43
-10
-21
-14
20
-6
-25
-19
-56
-37
-60
-22
-46
-30
-13
-51
-1
15
-41
48
-68
-17
-63
-15
-56
-25
-32
-51
-88
24
85
95
-21
-2
-20
3
-39
-82
-2
-52
-81
101
-10
17
51
-72
18
21
4
7
-23
31
-36
-34
31
72
-16
-22
17
46
41
12
-27
27
-3
59
-60
6
55
-21
-27
-40
-12
-9
6
-38
4
-26
-16
-36
-12
127
127
49
34
-55
-25
-26
23
21
5
-15
-40
0
49
18
8
28
25
-69
1
-18
-87
-57
-14
35
-10
11
-38
-92
4
-41
50
74
-16
51
41
-60
-1
11
22
29
29
29
-13
16
-96
-50
51
-28
14
64
-38
-41
-21
19
-9
-42
-67
-16
-9
-23
-11
-47
23
2
2
2
-2
-1
7
3
-3
-24
-24
13
-29
-7
1
-7
2
1
-15
-14
-13
-6
10
-6
-12
-3
-6
-4
2
-1
3
-3
12
-2
10
-22
10
5
-25
-19
22
90
90
-48
98
34
-2
26
-14
-15
38
53
42
30
-23
18
26
15
16
13
-10
8
-7
4
-17
0
-34
27
-7
-4
38
62
-75
-202
-213
119
-204
-72
0
-59
40
31
-76
-128
-106
-70
34
-45
-42
-38
-24
-20
22
-22
1
-2
8
17
78
-65
7
-7
-42
-142
177
408
453
-261
387
116
10
141
-80
-67
164
259
234
128
-45
101
92
60
38
28
-38
44
2
1
-6
-41
-167
99
-11
42
33
284
-364
-737
-872
502
-678
-182
-25
-276
150
151
-298
-471
-444
-210
34
-200
-165
-96
-52
-47
71
-81
-6
0
15
87
297
-193
11
-120
-20
-520
693
1328
1631
-923
1227
303
50
502
-278
-285
543
845
819
350
-25
389
305
160
71
88
-134
143
17
6
-13
-165
-610
459
-67
230
142
980
-1334
-2734
-3288
1808
-2569
-618
-86
-987
532
558
-1097
-1605
-1577
-638
68
-750
-617
-272
-132
-182
252
-260
-22
-24
32
3147
10236
-11231
3822
889
-5228
-3430
3821
14150
13870
-6834
11778
2806
53
3048
-1396
-1279
3803
4532
4259
1771
-946
1832
1924
722
584
563
-545
528
-44
105
-89
-6038
-4190
-16437
8401
3254
-7348
6749
-9081
5180
2901
-781
10056
536
-955
1148
1542
2652
8551
3661
4796
1700
-9457
2571
10316
2103
6688
4045
-825
824
-4849
5086
-6202
8437
432
-8713
-2896
-6528
12699
-962
1871
-3714
2554
-1465
-8129
-10271
2265
-596
2055
7046
3799
-5878
2577
-9846
-411
1304
6026
-5711
-1161
-3009
6421
-5536
1735
2590
6133
-508
-9849
-2877
-9444
4743
-2411
-1649
-1200
3140
-400
-1757
-88
3623
409
-6100
-3417
8918
-1381
6283
8132
3067
-1204
3422
-3627
6394
-4166
-5034
-924
4545
13355
-3365
846
3877
-11589
-1396
-6250
-7739
449
3029
-339
-5720
1456
5927
3786
6934
-1077
-13414
-4438
1730
-7767
-545
-3157
1927
-7924
-621
-5854
13457
3529
9797
-5737
-3881
-1735
6192
-1504
-1687
-4814
-6468
12787
5913
3186
-5995
-4505
-4049
8136
-7843
-12188
-7949
-1449
-2308
2657
-5116
-1276
-5524
-321
-12105
7485
2055
1451
-1596
-3783
1809
717
-2581
7621
-1799
-3225
-1502
-33
274
6215
10477
1014
-3247
2453
2873
-4750
2820
-3210
-2452
6685
3384
-2746
2081
-169
-2538
7710
-6144
98
-6293
-4853
3867
6212
-3709
6604
3058
-600
-481
-1120
-8303
-2061
-1523
660
-1410
4520
3066
-4342
-5565
-3626
-416
1141
1601
-11561
-1684
-13
-5950
1930
-912
6805
-1664
-5329
-1857
-2678
-2485
-3074
7278
-2570
-6197
9217
6658
-1270
10731
-11833
11777
3155
4465
-9053
-3155
-3815
1900
-8723
1032
-5022
-1039
-5937
-543
8554
293
3177
1557
-3859
-2352
-5536
-983
8991
2690
1817
-3835
1496
2768
1500
-2476
-1305
6790
-9538
1066
-10480
6334
2565
143
206
-8624
-1198
-5868
-11275
2298
2470
3086
3832
5049
-7034
3333
-3245
-3744
7089
1764
-3189
3783
2989
524
6008
3923
1514
-3424
-3518
-5473
-2009
-193
-2199
1716
3480
-4761
-822
-15191
7137
-11171
-9367
-3552
-10007
514
1772
8838
2539
-4183
1918
2904
154
4299
2182
-1263
6770
-11379
-3523
-7235
-2537
3871
4565
-4178
-10463
9874
-3352
1232
2121
-321
-4160
-2843
1920
9563
-4683
5735
-2427
-265
-7261
7025
3771
-14023
2267
-10269
-887
309
1674
-1910
7542
-3105
3360
5804
1482
4574
1683
-5690
10011
5819
3786
-4608
2976
-2049
-3111
-4361
-5790
-3768
-2978
-7381
5353
-2419
341
-3590
-460
-5630
-1044
-653
-619
2825
-5091
96
1291
-8445
4650
12004
4294
-1731
2369
-1488
-2474
-1480
-4103
-2556
-1641
-1125
402
3381
-612
6031
1084
3519
-3575
3320
1786
5635
4072
-10727
-7778
-6437
1868
7811
-947
7586
2924
6595
996
-4861
-7887
982
4513
-2418
2778
-514
-11847
-5652
3391
934
-5171
-2946
376
1318
3583
2941
4855
-3318
-1104
-3112
1061
-10008
-4258
-3330
1058
5430
-1187
3467
2836
-6811
1475
-3419
9497
-215
8900
1188
-1127
-620
1843
4164
-777
-557
-3589
1469
4660
-7121
5374
-956
5912
660
288
-8078
-8868
2706
5078
5337
4042
-2947
5930
4832
-279
5000
4455
-6308
2510
-3897
-3530
-2675
-1466
-1264
3959
3995
3304
10492
5922
-6563
-10165
3048
-7971
2160
-868
14267
-4744
-1230
-4359
2082
2241
-2797
904
2861
-2200
-2104
5015
-1568
14085
-4981
-10222
-5842
-5890
5729
3868
-983
-4588
-5843
201
-1231
1151
2993
-5239
7136
-5603
3836
-1374
6313
5743
-5130
496
6038
2005
-3182
-5246
-232
-5458
-3408
3826
-627
-1379
4750
-354
5783
-1991
-12043
-2206
2781
889
1212
-4247
1051
-9444
-1339
-2909
2305
-1840
-1532
-1212
-3772
-1334
3825
-1515
7874
5568
-710
5607
-396
5961
9073
-7397
5473
8739
642
9378
723
-6687
756
7874
6997
2277
-1896
2778
-7239
-855
822
-1131
6761
7969
-2320
-407
874
1169
-1990
-568
3092
4254
612
871
3708
5803
-969
9229
-839
-2197
9518
-4055
-351
5061
-5392
-6064
-9990
484
-10491
880
2644
1240
3873
37
-6240
6049
9634
7840
1087
-4985
-3820
-438
4711
-5118
7575
-9804
-925
1189
-7255
75
-564
-4768
-1380
-9928
-11672
-6581
5633
2903
12552
6752
6108
798
-3877
-2177
-4960
-3659
345
-5545
-4026
2991
-2896
-2464
-1208
1390
-2300
-427
7049
-9233
-3828
-9183
-2124
2524
985
-3723
5971
4663
4472
-2071
-687
4185
4388
-6182
-6713
-5324
-8799
-284
-1189
-2217
-3929
3582
845
-2193
2240
-2581
-3078
4287
1412
4854
-1199
-561
-6553
-5624
2814
-3102
2773
-5537
9171
-1421
5094
-1445
-5562
-1304
-1767
8926
-4218
-2686
-7721
-630
-7530
-559
-1182
1531
-2094
-3961
9233
4482
3130
-5163
3843
-5668
602
-942
-4570
-9197
5577
-3503
-1974
-5529
-1903
-15293
-6040
-7725
827
-2266
-6175
5569
-2134
643
-6436
-8615
-515
163
8090
6101
1667
-9662
414
3351
552
5878
6079
-3015
-704
3730
-9183
-6691
787
3055
2780
3098
6896
5470
-2746
4715
2922
-8870
-1917
-3345
2239
1082
2222
-2749
-2373
-2347
4733
-6720
3617
3181
-5736
-5272
2571
8049
3083
-3068
3747
-9182
-4706
2967
-5160
418
5767
2408
3933
-9360
3860
11509
1571
3480
239
3081
-6076
6615
-3832
-7797
3443
-2434
3019
-4696
-5318
-9413
-828
3434
-2301
-5199
-2848
-2857
-2276
1356
-760
-13551
-142
-2795
-4679
2903
-4446
3986
5039
-1080
-3414
-6459
-2361
-4043
-2578
-1539
-4066
-6682
9922
4025
1929
-5985
-7147
-15950
11176
-1561
1373
1814
-8348
-1003
10937
-1105
-7726
-9186
-7312
2425
5815
1658
-6086
1167
-6834
-5180
-6530
1761
7476
-3936
1667
-2717
1682
6957
-658
-3604
-4538
-3349
-6751
-5426
8638
10399
-899
-6860
-6620
860
1923
-8433
446
2821
-5596
4068
-4048
10365
-1271
2269
-5825
-3506
2973
-186
-3797
-2873
7381
-4818
-6531
900
10006
-2576
303
-3984
8296
-3269
-1681
-1597
1747
2835
-14525
-3720
-7510
-569
1939
7306
7916
-1745
-47
4533
2207
5054
4664
-8000
-1744
-3740
3868
-5397
-1682
3335
330
5812
4529
540
-1478
1118
1283
6385
7782
-1956
3192
556
6440
690
-1903
3395
-1887
-3526
-4379
-712
4003
8923
-7151
12123
8054
958
3685
-2199
8977
8660
251
1124
5905
-5420
4351
-6075
-1733
322
-2246
292
-4629
1543
-1350
4281
11144
113
-12801
10512
7223
-1551
16939
3010
1336
-5775
-4971
-10880
-2768
-5852
-2768
4765
14436
-6457
711
-8807
7540
4414
-6358
7733
-6181
-2710
8271
-3648
4201
10127
-2994
-4741
-5521
-214
-10628
-1858
7149
7949
-76
-2441
1292
3868
990
-2902
-1429
-757
2422
-1745
-3779
2347
924
-902
2386
6700
-2738
5731
582
3563
-1631
5195
12359
9154
8171
-7939
-125
-5458
-2894
-6347
656
11463
-2334
52
7945
4152
2500
5331
4642
-2179
-5595
4417
-1490
2960
-5188
-8290
3206
6405
9252
-6989
-5155
-7142
-2398
-443
5845
-10669
2049
1746
-470
-5075
-5640
-4053
-746
6852
3964
4367
4428
-14593
-1274
2157
4240
-7101
7089
-5394
-1041
7851
5740
863
3622
-565
5532
-6926
-856
-2505
2668
-3738
6219
169
-11651
891
11351
-1892
-6418
776
-8855
-1714
3548
748
-10774
134
-1382
10367
4259
-176
1352
-4714
-7304
2789
6743
4760
1444
-5262
-952
443
899
3635
13029
-1340
2341
1192
2624
-1200
2188
-738
2090
2190
530
7240
-1782
-695
6264
6249
2920
8163
-10955
-2489
3520
-1951
1006
9226
-13265
-10127
3461
-3950
-3301
-7687
-7512
-1845
2762
-5052
2594
-9253
8796
-6770
7673
-2714
-1478
-1363
-227
14651
-3307
1028
13956
-7892
2446
-7182
6015
1956
3951
12014
782
-11089
7127
5683
-3382
74
3741
-684
2363
-823
-4559
-1463
-7401
3554
3308
-2200
1712
-4017
-6524
-3419
7635
4361
2741
-852
580
-6473
-3476
-8664
-2698
5097
4733
8357
2147
6298
6449
1735
3632
1485
-138
1788
1731
-1745
6337
930
7424
4482
495
8341
3715
-3268
-204
475
2737
1568
1100
-6094
-3789
1400
-1457
7109
7767
-3142
962
-1686
-2970
6035
7661
9736
1472
692
-4222
7526
-464
-1883
13221
3178
12091
-5398
3945
4926
8923
1319
-5200
5150
-8980
460
4927
9434
8795
-50
6013
-2074
3161
10572
-1243
3166
8451
1227
-4894
5564
-448
-237
-1256
813
-1308
-4617
3315
3065
-1497
-3927
331
3960
-6535
327
65
721
-2270
4335
5679
-5807
-3227
2935
5130
2865
2203
-2999
-3402
3349
5174
14056
-619
-2103
-2907
-2456
-994
-11015
-1583
990
-4194
54
5729
3080
148
-8577
3482
9104
4513
-935
3942
191
-9438
-11987
-7973
-2184
-2720
-4173
274
-3383
        -8         0
         5         1
         3        -1
        -1        -2
        -2         4
         1        -1
         4         2
        -1        -2
        -1        -1
         0         4
         2         1
        -3        -3
         0         5
         2         0
        -2        -2
        -2         2
        28         0
       -15        -6
       -11         3
         8        10
         5       -13
         3         2
       -15        -5
         4         9
         9         4
         4       -14
        -8        -1
        11        10
        -3       -17
        -9         0
         5         5
         2       -11
       -66         0
        30        14
        21        -3
       -20       -28
       -11        26
        -9         0
        36        12
        -9       -21
       -21        -6
        -7        32
        22        -1
       -19       -22
         6        31
        20        -7
       -12       -11
        -1        28
       137         0
       -61       -27
       -41         1
        40        62
        26       -45
        20        -7
       -73       -24
        28        44
        40         7
        15       -64
       -45         2
        36        46
        -9       -62
       -39        17
        30        18
         2       -59
      -253         0
       108        51
        74         6
       -77      -117
       -50        77
       -38        25
       136        46
       -59       -81
       -65        -5
       -29       119
        87        -7
       -65       -84
        14       111
        70       -39
       -61       -24
        -6       117
       460         0
      -195       -93
      -139       -13
       144       222
        96      -130
        68       -49
      -242       -85
       112       150
       111         4
        51      -216
      -157        17
       119       153
       -19      -200
      -127        78
       116        35
        13      -222
      -911         0
       389       208
       288         0
      -294      -442
      -200       266
      -122        99
       470       167
      -213      -310
      -225       -20
      -106       435
       309       -27
      -252      -305
        34       424
       270      -140
      -218       -76
       -34       428
      3576         0
     -1161     -1263
      -991       647
      1668      1749
      1538     -1289
       494      -637
     -1362      -430
      1114      1513
      2134        78
      1218     -2365
      -646      -804
      1480        44
      -195     -3105
     -1976      -681
      -253       105
      -623     -1536
      1662         0
     -2945       911
     -1796       738
     -1512      -141
       322     -1192
     -1330      3006
      -952       590
       517       823
       261      1729
        -5      -898
      1309     -1004
      1894       534
      -624     -4325
     -1550     -3158
     -1228        42
       586       183
      -430         0
       968       488
      1198       -64
     -1353      1074
      2719      2609
      -176       517
      2404       569
      2651       492
      -587      -491
     -1623        -4
      1458      -400
      -818       231
      2061       -66
      1272        38
      1167     -1175
      -224       241
       467         0
     -1631      1413
        38       309
      -366      3047
     -1248       653
      -989      1677
     -1116      -877
       182      -499
      2812      -255
        11      -935
      1067      1062
     -1076       -85
      1494      1192
      -385      2232
      -270      2159
      -459       297
     -1787         0
       295       676
     -2797      2197
       860       271
       792     -1016
      1604      3784
       658       931
     -2439      -938
       101        73
     -1628       354
      1488      1329
       446     -1067
      1221      1308
      1247       418
       118       379
       689     -2624
     -2673         0
      1917      1011
      -338     -1348
     -1589      -861
      -758      1241
     -3227     -1060
     -1114      1954
      1893      2199
      -194     -1108
       577      -726
      1511       900
      1794     -1806
      1292        -7
      -255      1243
      -349     -1318
       605      -291
      1374         0
       857      -638
       294        62
     -2120     -1094
     -1156      -998
       302       -15
     -1844       988
       662       373
      1378       162
      1134       940
        96      -699
     -3057      -808
      1453      -562
        67       325
       -86      -694
       363      1645
     -1976         0
       906       610
       254      -140
     -1146      1367
     -1711      -361
      -332      2378
      -274       874
     -1414     -1192
     -2536       482
     -1044     -2267
       -13      -471
      1792       379
      -118      -581
       431      1562
     -1519     -1104
      -371       189
      -223         0
       735      1500
      1494      -173
      -786     -1706
      1625      -523
     -2252        13
     -1102      -594
       302        -5
      1005      2674
      1322       720
       381       685
      1409       923
      -153      1688
      2361       -66
       836      1202
      2129      2560
      -398         0
      -261      2104
       166       376
     -2351     -1144
      -648      2134
       787      -772
      1167       427
      1381        84
       949     -1282
       656       165
       256      1941
      -633     -2197
       421      1820
       564      2027
      2582       982
       728       578
     -2638         0
      -563      2041
      1686     -2775
      -545      -370
      1521      1819
     -1720      1192
       226      2122
      -767      -361
       234      -688
     -1858       167
       216      1374
     -1060      -273
     -2387     -2038
       609      2088
      2826       329
     -1251      -472
       -13         0
      1120       -20
      -961      2119
      -680      -521
      -416      -235
     -2622      1161
       405       186
      -948       257
      -376      -846
     -2112      1665
      1101      1438
     -2712      1659
      -135      -484
      1168      2231
      1355     -1773
      1184      3175
      -850         0
      2485      1279
      1658       136
      -370      -743
     -1552       410
      -844     -1960
      -530     -1714
       128     -1690
        76     -1133
        29      1422
      -758      1054
     -2466       798
       -62      -671
       428      -997
     -1624       432
      -439      -849
       301         0
      -778       140
     -1889      1782
       262     -1940
      2947       679
      -779       159
      2404       896
     -1354      1626
      -414       205
      -332       525
      -851      -132
     -1011       342
       234      -642
       542      1461
     -1370     -1158
      -113       155
      -713         0
       640       550
      -454      2434
      2142      -213
       311      2249
       -92      1373
      1285      -709
      -415      -945
       -80     -2216
     -1116       225
      -722       785
     -1114       779
       246      -107
       773      1510
     -1622      1801
      -469       830
      1050         0
      -297       895
     -1725      -546
       980     -1301
     -1721      -435
      1616      -592
     -1629      1189
      1265      -113
       527       611
      -467     -1127
      -415      -559
      2172      -774
      1368       404
     -1298        97
       472      1898
       663      -221
      -161         0
      -544      -425
     -1181     -1655
     -2934     -2516
     -1715       549
      2698     -1085
      1064      -359
      1305       153
     -2392      1454
      1048      1695
        26      -485
     -1378     -1524
       346     -1886
      1314       623
      1282      -776
     -2232      2466
       500         0
       -74      -261
      1582      1756
      -215      1033
       867       -90
      1553      -346
      -586      -280
       929     -1142
     -1403      -394
      1565     -1156
      -357       595
      -692      -303
      -789        27
      2377     -1156
      -385     -1772
       -14       693
       782         0
     -1016      3195
      -763      -225
     -1193       329
     -2146     -1359
     -2489       223
     -1279     -1019
        92      -836
     -1057       397
     -1865      -170
      -642      -612
       705     -2082
      2134      1244
     -1714       583
     -1304       530
      -454      1214
      3476         0
       517       895
       148        63
      1982      -922
       211     -1955
      -511       -48
         5      -203
       562     -1270
      -529       556
      1183      -367
      -868       867
     -2241      2196
     -1123       422
      -193     -1662
       443      -988
        73      -290
     -3631         0
     -3826     -2096
     -2009       647
      -226      -485
     -1172      -259
      2876       297
      -434     -2040
       303      1267
       856       307
      -341       163
       658       578
      1880      2187
     -1069      -661
       218     -2623
       327       473
     -1669     -1665
        90         0
      3274      -160
      2989      -623
      -669      -576
     -1508     -1853
      -116      -405
     -1621       785
      -946      -857
       437     -1326
         7       742
      1451      -648
      -824      1104
      -712       360
      1718      -291
        58       747
       976     -1203
     -1436         0
      -181      1193
      1947      1626
       782      1178
         0     -1644
       870      -323
     -1439     -1152
      -795      -961
       209      -429
       456      -265
     -1854      -302
      -584       842
      -530       -62
      -968       897
        -1     -2006
      1615     -1558
     -4337         0
     -2627     -1132
       927      -677
      -740     -2826
       203     -1592
      -372     -1242
      -362      1543
      -465      -817
      -114      1225
      1570      1454
     -1529       589
       238     -1208
       201      -590
      -481      -402
       844     -1536
     -1469     -3024
       733         0
      -149       771
      1180      2223
      -673      1413
      -800     -2929
     -1643      1241
      1413      1732
      -146      -437
       910      -156
      2418       810
     -1480      1013
      1783       231
       291       662
       -70      -448
      -837     -1346
     -1383       515
      -156         0
       388       361
       836       887
     -1212      1202
       295      -752
      1288      2695
      1381       529
      1145      2663
       262       797
     -2119      2458
      1019      -154
      -440      1237
     -2242      1251
       662     -1275
        21      -187
       462       531
     -2823         0
      2144      -373
      1394       -64
       213      1047
       103      -108
     -1068     -1110
       709      2054
      -430     -1224
      -681     -1010
       136      -858
     -1907      1015
       139      -791
      2483      -594
      2202      -356
     -1204      -750
     -1400        63
     -3895         0
     -1099       -69
      -814         3
     -1735      2039
       605     -1715
      -166     -3262
       507      4319
      -650      -560
       382     -1023
       -21      -304
      -884     -1437
      2115      2962
        75     -1155
       791      1379
        28      -355
     -1627      1919
     -1202         0
       544        10
      -164        -4
     -2602     -1172
       412       927
        15     -3579
      -602        61
       -20     -2466
      -958      2472
      -262     -1124
      -440      -617
      -964       808
     -1568      -657
      1220       966
       912      2221
      -746      1573
        40         0
      1220       632
     -1936      2054
       -64     -1123
      1058      1149
     -2357      -267
      -600     -1282
      -179      1181
      3293      -135
      -439     -1663
       -78     -2264
      -103      -965
       476      -908
      1275      1364
      -687     -1586
      1261      2019
      2985         0
      -355      -425
       759      1807
     -1268      1882
      -752      1175
      1042      -419
     -1011       -83
      -821      1425
     -2185      -954
      -625      -966
     -1052     -1218
        66      -243
      2133       995
       378      1361
      1628      1243
      -885       941
      1339         0
      -666       708
      -925     -3645
      -171     -3230
      1977     -1430
      -272      1572
      -536     -1419
      -456      1185
     -1350      -502
      1949       665
     -1833      2875
       205     -1652
      3447       319
      -329      -517
     -1445      -684
      2256      -170
       810         0
       659      -343
      -440       806
       218     -2632
      1479      1048
      -482     -2465
       -25     -2490
       173      -835
     -2146      1757
     -1817     -1290
       -58      2181
       374     -1603
     -2921      -631
      -771      3093
       691       682
      1759       923
      3638         0
      -267      -521
      -326      3098
     -1879     -1471
      1004      2188
     -1048     -1096
      -127       552
      1046      -644
     -1265      1898
      -184     -1022
      1950     -1426
      1221      -381
      -176       261
     -1136      -710
      2420       410
      -627     -1056
     -1901         0
       426       389
     -1244      -435
      -860      -763
      2991      1180
       286        59
     -3807     -2222
     -2150       694
      -918     -1330
       989      -530
      1146     -2110
       308      1116
        30      -724
     -1924     -1146
      -286     -2112
      -898       368
       496         0
      1797     -1127
      1358      -331
      -787       711
      -853       988
       104      2162
     -3191      -284
       989       -57
        75       232
      3605       350
     -1842       512
      2504     -1298
      1341       168
      1431      -380
       265       -26
      -273      2640
      2603         0
     -1237       366
     -1298      1022
     -1123     -1156
     -2850      -159
      -625       730
      1676      -416
      1410       412
      1914       313
       280     -1328
      1184       324
      2763       182
       -93       927
      -369       697
       115       -17
     -1736      1443
      -987         0
       407      3180
       732        23
       639     -1362
      1614      -281
       996       592
      -529     -1622
     -1588      1646
     -1925      2455
      -970       123
      2222       594
      2474      1293
       291       129
     -3290     -2692
      2307     -2748
     -1308      -370
      -188         0
       893      -623
      -190     -1589
      1154     -1230
      3605       150
      -208       985
      2241      -377
      1920       -47
       420      -608
      -361     -2618
      -836      -228
     -2673      -210
      -958      1560
      -718      -453
     -1021       719
       313      -723
      4525         0
       441     -1477
      2341      -447
       -28      -497
      -138      1091
     -1512       155
      -543     -1245
       473       105
      -503      -973
       318      -368
      -403     -1496
      1667     -1804
      -479     -1129
      1134       407
      -328      -356
      -375       295
      6080         0
       127      -424
       496      1252
     -2047     -1207
      -779      -555
      1747      2937
      -611      1639
      1129      2103
       330     -1528
       459      1469
      -666      1514
       653      -379
     -1231       263
     -2098      1312
      1831     -3067
     -1462       202
       868         0
      1178       245
       235       -65
       120      -564
      -571       364
      -881      -589
      -910     -2214
        -6      -937
       735     -1081
     -2621      1501
      -630      -287
        57       267
       558       288
       866       828
       -29     -1457
       501      -249
     -1660         0
      -740      -925
      3169     -3108
      1281      -917
     -2682       343
      -830     -2130
     -1448      -214
       188      -649
     -1428      3424
       113      -832
       296      -395
      -639       357
      1349      -649
       -53     -1709
      -223      -586
     -1095      -164
