Nof lines PFIR coefficients: 512
Nof lines WG output:         1600
Nof lines PFIR output:       1600
Nof lines PFFT output:       800
-62
-20
-24
-27
-30
-34
-37
-41
-44
-47
-51
-53
-56
-58
-60
-62
-62
-63
-62
-61
-59
-57
-53
-49
-43
-37
-30
-22
-14
-4
6
17
29
42
54
68
81
95
108
122
135
147
159
170
180
189
197
203
207
209
210
208
204
198
190
179
166
150
132
111
89
64
37
9
-22
-53
-86
-119
-153
-187
-221
-254
-286
-317
-346
-373
-398
-420
-438
-452
-463
-469
-471
-468
-460
-446
-428
-404
-375
-340
-301
-256
-207
-153
-95
-33
31
99
168
239
310
382
452
522
589
653
713
768
818
861
898
927
948
960
963
956
939
912
874
826
768
700
621
533
436
331
218
99
-26
-156
-290
-425
-562
-698
-833
-964
-1091
-1211
-1323
-1427
-1520
-1601
-1668
-1722
-1760
-1781
-1785
-1771
-1738
-1687
-1616
-1526
-1417
-1290
-1144
-981
-802
-608
-401
-181
49
287
532
780
1030
1279
1525
1764
1995
2215
2421
2610
2779
2927
3052
3150
3220
3260
3268
3244
3185
3092
2964
2800
2601
2368
2101
1802
1472
1113
728
319
-111
-558
-1019
-1489
-1965
-2442
-2916
-3381
-3834
-4268
-4679
-5061
-5411
-5722
-5990
-6210
-6378
-6489
-6539
-6526
-6445
-6293
-6069
-5770
-5394
-4941
-4410
-3802
-3116
-2353
-1517
-609
369
1412
2517
3679
4894
6155
7458
8795
10161
11548
12948
14356
15762
17160
18541
19899
21224
22509
23748
24932
26055
27110
28091
28992
29807
30531
31160
31691
32119
32442
32659
32767
32767
32659
32442
32119
31691
31160
30531
29807
28992
28091
27110
26055
24932
23748
22509
21224
19899
18541
17160
15762
14356
12948
11548
10161
8795
7458
6155
4894
3679
2517
1412
369
-609
-1517
-2353
-3116
-3802
-4410
-4941
-5394
-5770
-6069
-6293
-6445
-6526
-6539
-6489
-6378
-6210
-5990
-5722
-5411
-5061
-4679
-4268
-3834
-3381
-2916
-2442
-1965
-1489
-1019
-558
-111
319
728
1113
1472
1802
2101
2368
2601
2800
2964
3092
3185
3244
3268
3260
3220
3150
3052
2927
2779
2610
2421
2215
1995
1764
1525
1279
1030
780
532
287
49
-181
-401
-608
-802
-981
-1144
-1290
-1417
-1526
-1616
-1687
-1738
-1771
-1785
-1781
-1760
-1722
-1668
-1601
-1520
-1427
-1323
-1211
-1091
-964
-833
-698
-562
-425
-290
-156
-26
99
218
331
436
533
621
700
768
826
874
912
939
956
963
960
948
927
898
861
818
768
713
653
589
522
452
382
310
239
168
99
31
-33
-95
-153
-207
-256
-301
-340
-375
-404
-428
-446
-460
-468
-471
-469
-463
-452
-438
-420
-398
-373
-346
-317
-286
-254
-221
-187
-153
-119
-86
-53
-22
9
37
64
89
111
132
150
166
179
190
198
204
208
210
209
207
203
197
189
180
170
159
147
135
122
108
95
81
68
54
42
29
17
6
-4
-14
-22
-30
-37
-43
-49
-53
-57
-59
-61
-62
-63
-62
-62
-60
-58
-56
-53
-51
-47
-44
-41
-37
-34
-30
-27
-24
-20
-62
0
25
49
71
91
106
118
126
127
126
118
106
91
71
49
25
0
-25
-49
-71
-91
-106
-118
-126
-128
-126
-118
-106
-91
-71
-49
-25
0
25
49
71
91
106
118
126
127
126
118
106
91
71
49
25
0
-25
-49
-71
-91
-106
-118
-126
-128
-126
-118
-106
-91
-71
-49
-25
0
25
49
71
91
106
118
126
127
126
118
106
91
71
49
25
0
-25
-49
-71
-91
-106
-118
-126
-128
-126
-118
-106
-91
-71
-49
-25
0
25
49
71
91
106
118
126
127
126
118
106
91
71
49
25
0
-25
-49
-71
-91
-106
-118
-126
-128
-126
-118
-106
-91
-71
-49
-25
0
25
49
71
91
106
118
126
127
126
118
106
91
71
49
25
0
-25
-49
-71
-91
-106
-118
-126
-128
-126
-118
-106
-91
-71
-49
-25
0
25
49
71
91
106
118
126
127
126
118
106
91
71
49
25
0
-25
-49
-71
-91
-106
-118
-126
-128
-126
-118
-106
-91
-71
-49
-25
0
25
49
71
91
106
118
126
127
126
118
106
91
71
49
25
0
-25
-49
-71
-91
-106
-118
-126
-128
-126
-118
-106
-91
-71
-49
-25
0
25
49
71
91
106
118
126
127
126
118
106
91
71
49
25
0
-25
-49
-71
-91
-106
-118
-126
-128
-126
-118
-106
-91
-71
-49
-25
0
25
49
71
91
106
118
126
127
126
118
106
91
71
49
25
0
-25
-49
-71
-91
-106
-118
-126
-128
-126
-118
-106
-91
-71
-49
-25
0
25
49
71
91
106
118
126
127
126
118
106
91
71
49
25
0
-25
-49
-71
-91
-106
-118
-126
-128
-126
-118
-106
-91
-71
-49
-25
0
25
49
71
91
106
118
126
127
126
118
106
91
71
49
25
0
-25
-49
-71
-91
-106
-118
-126
-128
-126
-118
-106
-91
-71
-49
-25
0
25
49
71
91
106
118
126
127
126
118
106
91
71
49
25
0
-25
-49
-71
-91
-106
-118
-126
-128
-126
-118
-106
-91
-71
-49
-25
0
25
49
71
91
106
118
126
127
126
118
106
91
71
49
25
0
-25
-49
-71
-91
-106
-118
-126
-128
-126
-118
-106
-91
-71
-49
-25
0
25
49
71
91
106
118
126
127
126
118
106
91
71
49
25
0
-25
-49
-71
-91
-106
-118
-126
-128
-126
-118
-106
-91
-71
-49
-25
0
25
49
71
91
106
118
126
127
126
118
106
91
71
49
25
0
-25
-49
-71
-91
-106
-118
-126
-128
-126
-118
-106
-91
-71
-49
-25
0
25
49
71
91
106
118
126
127
126
118
106
91
71
49
25
0
-25
-49
-71
-91
-106
-118
-126
-128
-126
-118
-106
-91
-71
-49
-25
0
25
49
71
91
106
118
126
127
126
118
106
91
71
49
25
0
-25
-49
-71
-91
-106
-118
-126
-128
-126
-118
-106
-91
-71
-49
-25
0
25
49
71
91
106
118
126
127
126
118
106
91
71
49
25
0
-25
-49
-71
-91
-106
-118
-126
-128
-126
-118
-106
-91
-71
-49
-25
0
25
49
71
91
106
118
126
127
126
118
106
91
71
49
25
0
-25
-49
-71
-91
-106
-118
-126
-128
-126
-118
-106
-91
-71
-49
-25
0
25
49
71
91
106
118
126
127
126
118
106
91
71
49
25
0
-25
-49
-71
-91
-106
-118
-126
-128
-126
-118
-106
-91
-71
-49
-25
0
25
49
71
91
106
118
126
127
126
118
106
91
71
49
25
0
-25
-49
-71
-91
-106
-118
-126
-128
-126
-118
-106
-91
-71
-49
-25
0
25
49
71
91
106
118
126
127
126
118
106
91
71
49
25
0
-25
-49
-71
-91
-106
-118
-126
-128
-126
-118
-106
-91
-71
-49
-25
0
25
49
71
91
106
118
126
127
126
118
106
91
71
49
25
0
-25
-49
-71
-91
-106
-118
-126
-128
-126
-118
-106
-91
-71
-49
-25
0
25
49
71
91
106
118
126
127
126
118
106
91
71
49
25
0
-25
-49
-71
-91
-106
-118
-126
-128
-126
-118
-106
-91
-71
-49
-25
0
25
49
71
91
106
118
126
127
126
118
106
91
71
49
25
0
-25
-49
-71
-91
-106
-118
-126
-128
-126
-118
-106
-91
-71
-49
-25
0
25
49
71
91
106
118
126
127
126
118
106
91
71
49
25
0
-25
-49
-71
-91
-106
-118
-126
-128
-126
-118
-106
-91
-71
-49
-25
0
25
49
71
91
106
118
126
127
126
118
106
91
71
49
25
0
-25
-49
-71
-91
-106
-118
-126
-128
-126
-118
-106
-91
-71
-49
-25
0
25
49
71
91
106
118
126
127
126
118
106
91
71
49
25
0
-25
-49
-71
-91
-106
-118
-126
-128
-126
-118
-106
-91
-71
-49
-25
0
25
49
71
91
106
118
126
127
126
118
106
91
71
49
25
0
-25
-49
-71
-91
-106
-118
-126
-128
-126
-118
-106
-91
-71
-49
-25
0
25
49
71
91
106
118
126
127
126
118
106
91
71
49
25
0
-25
-49
-71
-91
-106
-118
-126
-128
-126
-118
-106
-91
-71
-49
-25
0
25
49
71
91
106
118
126
127
126
118
106
91
71
49
25
0
-25
-49
-71
-91
-106
-118
-126
-128
-126
-118
-106
-91
-71
-49
-25
0
25
49
71
91
106
118
126
127
126
118
106
91
71
49
25
0
-25
-49
-71
-91
-106
-118
-126
-128
-126
-118
-106
-91
-71
-49
-25
0
25
49
71
91
106
118
126
127
126
118
106
91
71
49
25
0
-25
-49
-71
-91
-106
-118
-126
-128
-126
-118
-106
-91
-71
-49
-25
0
25
49
71
91
106
118
126
127
126
118
106
91
71
49
25
0
-25
-49
-71
-91
-106
-118
-126
-128
-126
-118
-106
-91
-71
-49
-25
0
25
49
71
91
106
118
126
127
126
118
106
91
71
49
25
0
-25
-49
-71
-91
-106
-118
-126
-128
-126
-118
-106
-91
-71
-49
-25
0
25
49
71
91
106
118
126
127
126
118
106
91
71
49
25
0
-25
-49
-71
-91
-106
-118
-126
-128
-126
-118
-106
-91
-71
-49
-25
0
25
49
71
91
106
118
126
127
126
118
106
91
71
49
25
0
-25
-49
-71
-91
-106
-118
-126
-128
-126
-118
-106
-91
-71
-49
-25
0
25
49
71
91
106
118
126
127
126
118
106
91
71
49
25
0
-25
-49
-71
-91
-106
-118
-126
-128
-126
-118
-106
-91
-71
-49
-25
0
25
49
71
91
106
118
126
127
126
118
106
91
71
49
25
0
-25
-49
-71
-91
-106
-118
-126
-128
-126
-118
-106
-91
-71
-49
-25
0
25
49
71
91
106
118
126
127
126
118
106
91
71
49
25
0
-25
-49
-71
-91
-106
-118
-126
-128
-126
-118
-106
-91
-71
-49
-25
0
25
49
71
91
106
118
126
127
126
118
106
91
71
49
25
0
-25
-49
-71
-91
-106
-118
-126
-128
-126
-118
-106
-91
-71
-49
-25
0
25
49
71
91
106
118
126
127
126
118
106
91
71
49
25
0
-25
-49
-71
-91
-106
-118
-126
-128
-126
-118
-106
-91
-71
-49
-25
0
25
49
71
91
106
118
126
127
126
118
106
91
71
49
25
0
-25
-49
-71
-91
-106
-118
-126
-128
-126
-118
-106
-91
-71
-49
-25
0
25
49
71
91
106
118
126
127
126
118
106
91
71
49
25
0
-25
-49
-71
-91
-106
-118
-126
-128
-126
-118
-106
-91
-71
-49
-25
0
25
49
71
91
106
118
126
127
126
118
106
91
71
49
25
0
-25
-49
-71
-91
-106
-118
-126
-128
-126
-118
-106
-91
-71
-49
-25
0
25
49
71
91
106
118
126
127
126
118
106
91
71
49
25
0
-25
-49
-71
-91
-106
-118
-126
-128
-126
-118
-106
-91
-71
-49
-25
0
25
49
71
91
106
118
126
127
126
118
106
91
71
49
25
0
-25
-49
-71
-91
-106
-118
-126
-128
-126
-118
-106
-91
-71
-49
-25
0
25
49
71
91
106
118
126
127
126
118
106
91
71
49
25
0
-25
-49
-71
-91
-106
-118
-126
-128
-126
-118
-106
-91
-71
-49
-25
0
25
49
71
91
106
118
126
127
126
118
106
91
71
49
25
0
-25
-49
-71
-91
-106
-118
-126
-128
-126
-118
-106
-91
-71
-49
-25
0
25
49
71
91
106
118
126
127
126
118
106
91
71
49
25
0
-25
-49
-71
-91
-106
-118
-126
-128
-126
-118
-106
-91
-71
-49
-25
0
1
-1
-4
-8
-12
-17
-21
-24
-26
-26
-24
-22
-17
-12
-6
0
6
11
16
19
21
22
22
21
18
16
12
10
7
4
6
0
4
11
21
32
42
52
61
64
67
65
60
52
41
28
14
0
-13
-25
-34
-42
-45
-46
-45
-41
-35
-28
-21
-15
-8
-4
3
0
-5
-18
-37
-59
-82
-105
-124
-136
-143
-141
-130
-114
-90
-62
-31
0
29
55
76
91
99
100
96
87
74
58
42
28
16
6
5
0
16
46
84
130
175
218
254
274
287
280
258
226
178
122
62
0
-58
-109
-151
-182
-197
-201
-194
-175
-149
-118
-86
-57
-31
-13
2
0
-23
-71
-138
-219
-299
-377
-443
-483
-508
-498
-461
-404
-318
-219
-110
0
105
197
271
325
351
357
343
308
261
204
147
94
49
17
5
0
48
142
270
422
571
715
837
906
950
927
858
749
589
405
204
0
-193
-363
-500
-603
-651
-664
-639
-575
-489
-386
-280
-183
-98
-38
0
0
-100
-308
-594
-930
-1255
-1563
-1818
-1957
-2037
-1973
-1811
-1570
-1225
-837
-419
0
392
732
1001
1197
1286
1304
1248
1116
946
740
534
346
184
69
11
0
3089
5901
8314
10336
11647
12510
12852
12426
11789
10523
8977
7292
5362
3471
1654
0
-1419
-2553
-3371
-3907
-4075
-4019
-3753
-3282
-2725
-2097
-1493
-962
-514
-202
-25
0
3227
6383
9334
12075
14196
15948
17181
17467
17473
16491
14922
12895
10121
7020
3597
0
-3617
-7098
-10286
-13168
-15300
-16968
-18022
-18185
-17752
-16460
-14615
-12379
-9511
-6453
-3225
0
3173
6188
8921
11377
13185
14604
15517
15565
15372
14334
12826
10972
8534
5874
2991
0
-2984
-5847
-8476
-10877
-12695
-14170
-15183
-15488
-15320
-14427
-13040
-11272
-8859
-6162
-3166
0
3201
6290
9138
11743
13714
15307
16385
16555
16463
15450
13907
11959
9346
6458
3298
0
-3302
-6472
-9375
-12010
-13975
-15536
-16561
-16789
-16485
-15396
-13787
-11795
-9167
-6302
-3197
0
3186
6234
9020
11543
13425
14923
15911
16013
15867
14840
13316
11419
8902
6139
3130
0
-3128
-6130
-8884
-11392
-13277
-14791
-15810
-16080
-15850
-14868
-13380
-11510
-8999
-6225
-3179
0
3195
6267
9086
11653
13583
15131
16168
16306
16188
15169
13634
11710
9140
6310
3221
0
-3222
-6315
-9149
-11725
-13654
-15194
-16216
-16464
-16195
-15155
-13601
-11665
-9090
-6267
-3189
0
3190
6250
9053
11599
13506
15029
16043
16164
16032
15010
13479
11568
9024
6227
3177
0
-3176
-6225
-9019
-11562
-13469
-14997
-16017
-16277
-16028
-15016
-13495
-11591
-9048
-6248
-3185
0
3194
6261
9072
11628
13545
15079
16103
16231
16104
15083
13550
11632
9076
6264
3196
0
-3196
-6265
-9077
-11634
-13551
-15085
-16105
-16360
-16101
-15077
-13541
-11623
-9066
-6256
-3186
0
3192
6256
9064
11617
13531
15062
16083
16209
16081
15059
13528
11612
9060
6253
3190
0
-3190
-6253
-9060
-11614
-13528
-15060
-16081
-16338
-16083
-15063
-13532
-11618
-9065
-6257
-3188
0
3192
6256
9064
11617
13531
15062
16083
16209
16081
15059
13528
11612
9060
6253
3190
0
-3190
-6253
-9060
-11614
-13528
-15060
-16081
-16338
-16083
-15063
-13532
-11618
-9065
-6257
-3188
0
3192
6256
9064
11617
13531
15062
16083
16209
16081
15059
13528
11612
9060
6253
3190
0
-3190
-6253
-9060
-11614
-13528
-15060
-16081
-16338
-16083
-15063
-13532
-11618
-9065
-6257
-3188
0
3192
6256
9064
11617
13531
15062
16083
16209
16081
15059
13528
11612
9060
6253
3190
0
-3190
-6253
-9060
-11614
-13528
-15060
-16081
-16338
-16083
-15063
-13532
-11618
-9065
-6257
-3188
0
3192
6256
9064
11617
13531
15062
16083
16209
16081
15059
13528
11612
9060
6253
3190
0
-3190
-6253
-9060
-11614
-13528
-15060
-16081
-16338
-16083
-15063
-13532
-11618
-9065
-6257
-3188
0
3192
6256
9064
11617
13531
15062
16083
16209
16081
15059
13528
11612
9060
6253
3190
0
-3190
-6253
-9060
-11614
-13528
-15060
-16081
-16338
-16083
-15063
-13532
-11618
-9065
-6257
-3188
0
3192
6256
9064
11617
13531
15062
16083
16209
16081
15059
13528
11612
9060
6253
3190
0
-3190
-6253
-9060
-11614
-13528
-15060
-16081
-16338
-16083
-15063
-13532
-11618
-9065
-6257
-3188
0
3192
6256
9064
11617
13531
15062
16083
16209
16081
15059
13528
11612
9060
6253
3190
0
-3190
-6253
-9060
-11614
-13528
-15060
-16081
-16338
-16083
-15063
-13532
-11618
-9065
-6257
-3188
0
3192
6256
9064
11617
13531
15062
16083
16209
16081
15059
13528
11612
9060
6253
3190
0
-3190
-6253
-9060
-11614
-13528
-15060
-16081
-16338
-16083
-15063
-13532
-11618
-9065
-6257
-3188
0
3192
6256
9064
11617
13531
15062
16083
16209
16081
15059
13528
11612
9060
6253
3190
0
-3190
-6253
-9060
-11614
-13528
-15060
-16081
-16338
-16083
-15063
-13532
-11618
-9065
-6257
-3188
0
3192
6256
9064
11617
13531
15062
16083
16209
16081
15059
13528
11612
9060
6253
3190
0
-3190
-6253
-9060
-11614
-13528
-15060
-16081
-16338
-16083
-15063
-13532
-11618
-9065
-6257
-3188
0
3192
6256
9064
11617
13531
15062
16083
16209
16081
15059
13528
11612
9060
6253
3190
0
-3190
-6253
-9060
-11614
-13528
-15060
-16081
-16338
-16083
-15063
-13532
-11618
-9065
-6257
-3188
0
3192
6256
9064
11617
13531
15062
16083
16209
16081
15059
13528
11612
9060
6253
3190
0
-3190
-6253
-9060
-11614
-13528
-15060
-16081
-16338
-16083
-15063
-13532
-11618
-9065
-6257
-3188
0
3192
6256
9064
11617
13531
15062
16083
16209
16081
15059
13528
11612
9060
6253
3190
0
-3190
-6253
-9060
-11614
-13528
-15060
-16081
-16338
-16083
-15063
-13532
-11618
-9065
-6257
-3188
0
3192
6256
9064
11617
13531
15062
16083
16209
16081
15059
13528
11612
9060
6253
3190
0
-3190
-6253
-9060
-11614
-13528
-15060
-16081
-16338
-16083
-15063
-13532
-11618
-9065
-6257
-3188
0
3192
6256
9064
11617
13531
15062
16083
16209
16081
15059
13528
11612
9060
6253
3190
0
-3190
-6253
-9060
-11614
-13528
-15060
-16081
-16338
-16083
-15063
-13532
-11618
-9065
-6257
-3188
0
3192
6256
9064
11617
13531
15062
16083
16209
16081
15059
13528
11612
9060
6253
3190
0
-3190
-6253
-9060
-11614
-13528
-15060
-16081
-16338
-16083
-15063
-13532
-11618
-9065
-6257
-3188
0
3192
6256
9064
11617
13531
15062
16083
16209
16081
15059
13528
11612
9060
6253
3190
0
-3190
-6253
-9060
-11614
-13528
-15060
-16081
-16338
-16083
-15063
-13532
-11618
-9065
-6257
-3188
0
3192
6256
9064
11617
13531
15062
16083
16209
16081
15059
13528
11612
9060
6253
3190
0
-3190
-6253
-9060
-11614
-13528
-15060
-16081
-16338
-16083
-15063
-13532
-11618
-9065
-6257
-3188
0
3192
6256
9064
11617
13531
15062
16083
16209
16081
15059
13528
11612
9060
6253
3190
0
-3190
-6253
-9060
-11614
-13528
-15060
-16081
-16338
-16083
-15063
-13532
-11618
-9065
-6257
-3188
0
3192
6256
9064
11617
13531
15062
16083
16209
16081
15059
13528
11612
9060
6253
3190
0
-3190
-6253
-9060
-11614
-13528
-15060
-16081
-16338
-16083
-15063
-13532
-11618
-9065
-6257
-3188
0
3192
6256
9064
11617
13531
15062
16083
16209
16081
15059
13528
11612
9060
6253
3190
0
-3190
-6253
-9060
-11614
-13528
-15060
-16081
-16338
-16083
-15063
-13532
-11618
-9065
-6257
-3188
0
3192
6256
9064
11617
13531
15062
16083
16209
16081
15059
13528
11612
9060
6253
3190
0
-3190
-6253
-9060
-11614
-13528
-15060
-16081
-16338
-16083
-15063
-13532
-11618
-9065
-6257
-3188
0
3192
6256
9064
11617
13531
15062
16083
16209
16081
15059
13528
11612
9060
6253
3190
0
-3190
-6253
-9060
-11614
-13528
-15060
-16081
-16338
-16083
-15063
-13532
-11618
-9065
-6257
-3188
0
3192
6256
9064
11617
13531
15062
16083
16209
16081
15059
13528
11612
9060
6253
3190
0
-3190
-6253
-9060
-11614
-13528
-15060
-16081
-16338
-16083
-15063
-13532
-11618
-9065
-6257
-3188
0
3192
6256
9064
11617
13531
15062
16083
16209
16081
15059
13528
11612
9060
6253
3190
0
-3190
-6253
-9060
-11614
-13528
-15060
-16081
-16338
-16083
-15063
-13532
-11618
-9065
-6257
-3188
0
3192
6256
9064
11617
13531
15062
16083
16209
16081
15059
13528
11612
9060
6253
3190
0
-3190
-6253
-9060
-11614
-13528
-15060
-16081
-16338
-16083
-15063
-13532
-11618
-9065
-6257
-3188
0
3192
6256
9064
11617
13531
15062
16083
16209
16081
15059
13528
11612
9060
6253
3190
0
-3190
-6253
-9060
-11614
-13528
-15060
-16081
-16338
-16083
-15063
-13532
-11618
-9065
-6257
-3188
0
3192
6256
9064
11617
13531
15062
16083
16209
16081
15059
13528
11612
9060
6253
3190
0
-3190
-6253
-9060
-11614
-13528
-15060
-16081
-16338
-16083
-15063
-13532
-11618
-9065
-6257
-3188
0
3192
6256
9064
11617
13531
15062
16083
16209
16081
15059
13528
11612
9060
6253
3190
0
-3190
-6253
-9060
-11614
-13528
-15060
-16081
-16338
-16083
-15063
-13532
-11618
-9065
-6257
-3188
0
3192
6256
9064
11617
13531
15062
16083
16209
16081
15059
13528
11612
9060
6253
3190
0
-3190
-6253
-9060
-11614
-13528
-15060
-16081
-16338
-16083
-15063
-13532
-11618
-9065
-6257
-3188
0
3192
6256
9064
11617
13531
15062
16083
16209
16081
15059
13528
11612
9060
6253
3190
0
-3190
-6253
-9060
-11614
-13528
-15060
-16081
-16338
-16083
-15063
-13532
-11618
-9065
-6257
-3188
0
3192
6256
9064
11617
13531
15062
16083
16209
16081
15059
13528
11612
9060
6253
3190
0
-3190
-6253
-9060
-11614
-13528
-15060
-16081
-16338
-16083
-15063
-13532
-11618
-9065
-6257
-3188
0
3192
6256
9064
11617
13531
15062
16083
16209
16081
15059
13528
11612
9060
6253
3190
0
-3190
-6253
-9060
-11614
-13528
-15060
-16081
-16338
-16083
-15063
-13532
-11618
-9065
-6257
-3188
0
3192
6256
9064
11617
13531
15062
16083
16209
16081
15059
13528
11612
9060
6253
3190
0
-3190
-6253
-9060
-11614
-13528
-15060
-16081
-16338
-16083
-15063
-13532
-11618
-9065
-6257
-3188
        -1         0
         1        21
         1        -6
         0        -1
         0         0
         0         0
         0         0
         0         0
         0         0
         0         0
         0         0
         0         0
         0         0
         0         0
         0         0
         0         0
        13         0
         2       -51
        -6        12
        -1         2
         0         1
         0         1
         0         0
         0         1
         0         0
         0         0
         0         0
         0         0
         0         0
         0         0
         0         0
         0         0
       -26         0
        -1       107
        12       -30
         1        -5
         1        -2
         0        -1
         0         0
         0         0
         0         0
         0         0
         0         0
         0         0
         0         0
         0         0
         0         0
         0         0
        56         0
         6      -217
       -24        56
        -4        10
        -2         4
        -1         2
         0         1
         0         1
        -1         1
         0         1
         0         1
         0         0
        -1         0
         0         1
         0         0
         0         0
       -96         0
        -9       381
        43      -105
         6       -18
         3        -7
         2        -3
         1        -2
         1        -1
         1         0
         0         0
         0         0
         0         1
         1         0
         0        -1
         0         0
         0         0
       183         0
        19      -715
       -81       189
       -12        34
        -5        13
        -3         6
        -2         3
        -1         3
        -1         1
        -1         1
         0         1
        -1        -1
        -2         0
        -1         2
         0         0
        -1         0
      -456         0
       -42      1480
       207      -377
        29       -73
        12       -28
         6       -13
         3        -7
         3        -6
         2        -2
         1        -2
         0        -2
         1         3
         3         0
         1        -4
        -1         1
         1         1
      5734         0
      1317     -7903
     -2011       -25
      -694        -9
      -376        -1
      -238        -1
      -168         0
      -127         6
      -102         0
       -82         1
       -65         0
       -68       -20
       -76         0
       -58        22
       -42         0
       -49        -5
      -294         0
        -3    -17823
       157       407
         8        74
        -9        30
        -1         8
         8         8
        -1        24
       -10         3
        -1        -2
         8         3
        -1       -39
        -9         1
        -1        45
         8         0
        -1        -6
        92         0
         1    -15616
       -43      -202
        -2       -40
        -8       -13
         1       -12
         8        -3
         0        14
        -7        -1
         0        -5
         8        -1
         0       -36
        -8         0
         0        39
         8         1
         0        -5
       -58         0
         0    -16718
        35       109
         1        14
        -8         7
         0        -3
         8         2
         0        19
        -9         1
         0        -3
         8         1
         0       -37
        -8         0
        -1        42
         8         0
         0        -5
        23         0
         1    -16116
        -7       -61
        -1       -15
        -8        -4
         0        -8
         8        -1
         0        16
        -8         0
         0        -4
         8         0
         0       -37
        -8         0
         0        40
         8         0
         0        -5
       -21         0
         1    -16442
        16        30
         0         1
        -8         2
         0        -5
         8         1
         0        18
        -8         1
         0        -4
         8         0
         0       -37
        -8         0
         0        41
         8         0
         0        -5
         0         0
         0    -16283
         4       -15
         0        -7
        -8        -1
         0        -6
         8         0
         0        17
        -8         0
         0        -4
         8         0
         0       -37
        -8         0
         0        41
         8         0
         0        -5
        -7         0
         2    -16355
         9         4
         0        -4
        -8         0
         0        -6
         8         0
         0        17
        -8         0
         0        -4
         8         0
         0       -37
        -8         0
         0        41
         8         0
         0        -5
        -8         0
         0    -16334
         8        -2
         0        -5
        -8         0
         0        -6
         8         0
         0        17
        -8         0
         0        -4
         8         0
         0       -37
        -8         0
         0        41
         8         0
         0        -5
        -8         0
         0    -16334
         8        -2
         0        -5
        -8         0
         0        -6
         8         0
         0        17
        -8         0
         0        -4
         8         0
         0       -37
        -8         0
         0        41
         8         0
         0        -5
        -8         0
         0    -16334
         8        -2
         0        -5
        -8         0
         0        -6
         8         0
         0        17
        -8         0
         0        -4
         8         0
         0       -37
        -8         0
         0        41
         8         0
         0        -5
        -8         0
         0    -16334
         8        -2
         0        -5
        -8         0
         0        -6
         8         0
         0        17
        -8         0
         0        -4
         8         0
         0       -37
        -8         0
         0        41
         8         0
         0        -5
        -8         0
         0    -16334
         8        -2
         0        -5
        -8         0
         0        -6
         8         0
         0        17
        -8         0
         0        -4
         8         0
         0       -37
        -8         0
         0        41
         8         0
         0        -5
        -8         0
         0    -16334
         8        -2
         0        -5
        -8         0
         0        -6
         8         0
         0        17
        -8         0
         0        -4
         8         0
         0       -37
        -8         0
         0        41
         8         0
         0        -5
        -8         0
         0    -16334
         8        -2
         0        -5
        -8         0
         0        -6
         8         0
         0        17
        -8         0
         0        -4
         8         0
         0       -37
        -8         0
         0        41
         8         0
         0        -5
        -8         0
         0    -16334
         8        -2
         0        -5
        -8         0
         0        -6
         8         0
         0        17
        -8         0
         0        -4
         8         0
         0       -37
        -8         0
         0        41
         8         0
         0        -5
        -8         0
         0    -16334
         8        -2
         0        -5
        -8         0
         0        -6
         8         0
         0        17
        -8         0
         0        -4
         8         0
         0       -37
        -8         0
         0        41
         8         0
         0        -5
        -8         0
         0    -16334
         8        -2
         0        -5
        -8         0
         0        -6
         8         0
         0        17
        -8         0
         0        -4
         8         0
         0       -37
        -8         0
         0        41
         8         0
         0        -5
        -8         0
         0    -16334
         8        -2
         0        -5
        -8         0
         0        -6
         8         0
         0        17
        -8         0
         0        -4
         8         0
         0       -37
        -8         0
         0        41
         8         0
         0        -5
        -8         0
         0    -16334
         8        -2
         0        -5
        -8         0
         0        -6
         8         0
         0        17
        -8         0
         0        -4
         8         0
         0       -37
        -8         0
         0        41
         8         0
         0        -5
        -8         0
         0    -16334
         8        -2
         0        -5
        -8         0
         0        -6
         8         0
         0        17
        -8         0
         0        -4
         8         0
         0       -37
        -8         0
         0        41
         8         0
         0        -5
        -8         0
         0    -16334
         8        -2
         0        -5
        -8         0
         0        -6
         8         0
         0        17
        -8         0
         0        -4
         8         0
         0       -37
        -8         0
         0        41
         8         0
         0        -5
        -8         0
         0    -16334
         8        -2
         0        -5
        -8         0
         0        -6
         8         0
         0        17
        -8         0
         0        -4
         8         0
         0       -37
        -8         0
         0        41
         8         0
         0        -5
        -8         0
         0    -16334
         8        -2
         0        -5
        -8         0
         0        -6
         8         0
         0        17
        -8         0
         0        -4
         8         0
         0       -37
        -8         0
         0        41
         8         0
         0        -5
        -8         0
         0    -16334
         8        -2
         0        -5
        -8         0
         0        -6
         8         0
         0        17
        -8         0
         0        -4
         8         0
         0       -37
        -8         0
         0        41
         8         0
         0        -5
        -8         0
         0    -16334
         8        -2
         0        -5
        -8         0
         0        -6
         8         0
         0        17
        -8         0
         0        -4
         8         0
         0       -37
        -8         0
         0        41
         8         0
         0        -5
        -8         0
         0    -16334
         8        -2
         0        -5
        -8         0
         0        -6
         8         0
         0        17
        -8         0
         0        -4
         8         0
         0       -37
        -8         0
         0        41
         8         0
         0        -5
        -8         0
         0    -16334
         8        -2
         0        -5
        -8         0
         0        -6
         8         0
         0        17
        -8         0
         0        -4
         8         0
         0       -37
        -8         0
         0        41
         8         0
         0        -5
        -8         0
         0    -16334
         8        -2
         0        -5
        -8         0
         0        -6
         8         0
         0        17
        -8         0
         0        -4
         8         0
         0       -37
        -8         0
         0        41
         8         0
         0        -5
        -8         0
         0    -16334
         8        -2
         0        -5
        -8         0
         0        -6
         8         0
         0        17
        -8         0
         0        -4
         8         0
         0       -37
        -8         0
         0        41
         8         0
         0        -5
        -8         0
         0    -16334
         8        -2
         0        -5
        -8         0
         0        -6
         8         0
         0        17
        -8         0
         0        -4
         8         0
         0       -37
        -8         0
         0        41
         8         0
         0        -5
        -8         0
         0    -16334
         8        -2
         0        -5
        -8         0
         0        -6
         8         0
         0        17
        -8         0
         0        -4
         8         0
         0       -37
        -8         0
         0        41
         8         0
         0        -5
        -8         0
         0    -16334
         8        -2
         0        -5
        -8         0
         0        -6
         8         0
         0        17
        -8         0
         0        -4
         8         0
         0       -37
        -8         0
         0        41
         8         0
         0        -5
        -8         0
         0    -16334
         8        -2
         0        -5
        -8         0
         0        -6
         8         0
         0        17
        -8         0
         0        -4
         8         0
         0       -37
        -8         0
         0        41
         8         0
         0        -5
        -8         0
         0    -16334
         8        -2
         0        -5
        -8         0
         0        -6
         8         0
         0        17
        -8         0
         0        -4
         8         0
         0       -37
        -8         0
         0        41
         8         0
         0        -5
        -8         0
         0    -16334
         8        -2
         0        -5
        -8         0
         0        -6
         8         0
         0        17
        -8         0
         0        -4
         8         0
         0       -37
        -8         0
         0        41
         8         0
         0        -5
        -8         0
         0    -16334
         8        -2
         0        -5
        -8         0
         0        -6
         8         0
         0        17
        -8         0
         0        -4
         8         0
         0       -37
        -8         0
         0        41
         8         0
         0        -5
        -8         0
         0    -16334
         8        -2
         0        -5
        -8         0
         0        -6
         8         0
         0        17
        -8         0
         0        -4
         8         0
         0       -37
        -8         0
         0        41
         8         0
         0        -5
        -8         0
         0    -16334
         8        -2
         0        -5
        -8         0
         0        -6
         8         0
         0        17
        -8         0
         0        -4
         8         0
         0       -37
        -8         0
         0        41
         8         0
         0        -5
        -8         0
         0    -16334
         8        -2
         0        -5
        -8         0
         0        -6
         8         0
         0        17
        -8         0
         0        -4
         8         0
         0       -37
        -8         0
         0        41
         8         0
         0        -5
        -8         0
         0    -16334
         8        -2
         0        -5
        -8         0
         0        -6
         8         0
         0        17
        -8         0
         0        -4
         8         0
         0       -37
        -8         0
         0        41
         8         0
         0        -5
        -8         0
         0    -16334
         8        -2
         0        -5
        -8         0
         0        -6
         8         0
         0        17
        -8         0
         0        -4
         8         0
         0       -37
        -8         0
         0        41
         8         0
         0        -5
        -8         0
         0    -16334
         8        -2
         0        -5
        -8         0
         0        -6
         8         0
         0        17
        -8         0
         0        -4
         8         0
         0       -37
        -8         0
         0        41
         8         0
         0        -5
