-114
-107
-101
-94
-87
-80
-73
-66
-59
-52
-46
-40
-35
-30
-26
-22
-19
-16
-14
-13
-12
-11
-11
-11
-12
-12
-13
-14
-16
-17
-18
-19
-21
-22
-22
-23
-24
-24
-25
-25
-25
-25
-24
-24
-24
-23
-23
-23
-22
-22
-21
-21
-21
-21
-21
-21
-21
-21
-21
-22
-22
-23
-23
-23
-24
-24
-24
-25
-25
-25
-26
-26
-26
-26
-26
-26
-26
-26
-26
-25
-25
-25
-25
-25
-25
-25
-25
-25
-25
-26
-26
-26
-26
-26
-27
-27
-27
-27
-28
-28
-28
-28
-28
-28
-29
-29
-29
-29
-29
-29
-29
-29
-29
-29
-29
-29
-29
-29
-29
-29
-29
-29
-29
-30
-30
-30
-30
-30
-31
-31
-31
-31
-31
-31
-32
-32
-32
-32
-32
-32
-32
-32
-32
-32
-32
-32
-32
-32
-32
-33
-33
-33
-33
-33
-33
-33
-33
-34
-34
-34
-34
-34
-34
-35
-35
-35
-35
-35
-35
-35
-35
-35
-36
-36
-36
-36
-36
-36
-36
-36
-36
-36
-36
-36
-36
-37
-37
-37
-37
-37
-37
-37
-38
-38
-38
-38
-38
-38
-38
-39
-39
-39
-39
-39
-39
-39
-39
-39
-39
-39
-40
-40
-40
-40
-40
-40
-40
-40
-40
-40
-41
-41
-41
-41
-41
-41
-41
-42
-42
-42
-42
-42
-42
-42
-42
-42
-43
-43
-43
-43
-43
-43
-43
-43
-43
-43
-43
-44
-44
-44
-44
-44
-44
-44
-44
-45
-45
-45
-45
-45
-45
-45
-45
-45
-46
-46
-46
-46
-46
-46
-46
-46
-46
-46
-47
-47
-47
-47
-47
-47
-47
-47
-47
-47
-48
-48
-48
-48
-48
-48
-48
-48
-49
-49
-49
-49
-49
-49
-49
-49
-49
-49
-49
-50
-50
-50
-50
-50
-50
-50
-50
-50
-50
-50
-51
-51
-51
-51
-51
-51
-51
-51
-51
-52
-52
-52
-52
-52
-52
-52
-52
-52
-52
-53
-53
-53
-53
-53
-53
-53
-53
-53
-53
-53
-53
-54
-54
-54
-54
-54
-54
-54
-54
-54
-54
-55
-55
-55
-55
-55
-55
-55
-55
-55
-55
-55
-56
-56
-56
-56
-56
-56
-56
-56
-56
-56
-56
-56
-56
-57
-57
-57
-57
-57
-57
-57
-57
-57
-57
-57
-58
-58
-58
-58
-58
-58
-58
-58
-58
-58
-58
-58
-58
-58
-59
-59
-59
-59
-59
-59
-59
-59
-59
-59
-59
-59
-59
-59
-60
-60
-60
-60
-60
-60
-60
-60
-60
-60
-60
-60
-60
-60
-60
-60
-61
-61
-61
-61
-61
-61
-61
-61
-61
-61
-61
-61
-61
-61
-61
-61
-61
-62
-62
-62
-62
-62
-62
-62
-62
-62
-62
-62
-62
-62
-62
-62
-62
-62
-62
-62
-62
-62
-63
-63
-63
-63
-63
-63
-63
-63
-63
-63
-63
-63
-63
-63
-63
-63
-63
-63
-63
-63
-63
-63
-63
-63
-63
-63
-63
-64
-64
-64
-64
-64
-64
-64
-64
-64
-64
-64
-64
-64
-64
-64
-64
-64
-64
-64
-64
-64
-64
-64
-64
-64
-64
-64
-64
-64
-64
-64
-64
-64
-64
-64
-64
-64
-64
-64
-64
-64
-64
-64
-64
-64
-64
-64
-64
-64
-64
-64
-64
-64
-64
-64
-64
-64
-64
-64
-64
-64
-64
-64
-64
-64
-64
-64
-64
-64
-64
-64
-64
-64
-64
-64
-64
-64
-64
-64
-64
-64
-64
-64
-64
-64
-64
-64
-64
-64
-64
-64
-64
-64
-64
-64
-64
-64
-63
-63
-63
-63
-63
-63
-63
-63
-63
-63
-63
-63
-63
-63
-63
-63
-63
-63
-63
-63
-63
-63
-63
-63
-63
-62
-62
-62
-62
-62
-62
-62
-62
-62
-62
-62
-62
-62
-62
-62
-62
-62
-61
-61
-61
-61
-61
-61
-61
-61
-61
-61
-61
-61
-61
-61
-61
-60
-60
-60
-60
-60
-60
-60
-60
-60
-60
-60
-60
-59
-59
-59
-59
-59
-59
-59
-59
-59
-59
-59
-59
-58
-58
-58
-58
-58
-58
-58
-58
-58
-58
-57
-57
-57
-57
-57
-57
-57
-57
-57
-56
-56
-56
-56
-56
-56
-56
-56
-56
-55
-55
-55
-55
-55
-55
-55
-55
-54
-54
-54
-54
-54
-54
-54
-54
-53
-53
-53
-53
-53
-53
-53
-52
-52
-52
-52
-52
-52
-52
-51
-51
-51
-51
-51
-51
-51
-50
-50
-50
-50
-50
-50
-50
-49
-49
-49
-49
-49
-49
-48
-48
-48
-48
-48
-48
-47
-47
-47
-47
-47
-47
-46
-46
-46
-46
-46
-46
-45
-45
-45
-45
-45
-44
-44
-44
-44
-44
-44
-43
-43
-43
-43
-43
-42
-42
-42
-42
-42
-41
-41
-41
-41
-41
-40
-40
-40
-40
-40
-39
-39
-39
-39
-39
-38
-38
-38
-38
-38
-37
-37
-37
-37
-36
-36
-36
-36
-36
-35
-35
-35
-35
-34
-34
-34
-34
-34
-33
-33
-33
-33
-32
-32
-32
-32
-31
-31
-31
-31
-31
-30
-30
-30
-30
-29
-29
-29
-29
-28
-28
-28
-28
-27
-27
-27
-27
-26
-26
-26
-26
-25
-25
-25
-25
-24
-24
-24
-23
-23
-23
-23
-22
-22
-22
-22
-21
-21
-21
-20
-20
-20
-20
-19
-19
-19
-19
-18
-18
-18
-17
-17
-17
-17
-16
-16
-16
-15
-15
-15
-15
-14
-14
-14
-13
-13
-13
-13
-12
-12
-12
-11
-11
-11
-10
-10
-10
-9
-9
-9
-9
-8
-8
-8
-7
-7
-7
-6
-6
-6
-5
-5
-5
-5
-4
-4
-4
-3
-3
-3
-2
-2
-2
-1
-1
-1
0
0
0
1
1
1
2
2
2
3
3
3
4
4
4
5
5
5
6
6
6
7
7
7
8
8
8
9
9
9
10
10
11
11
11
12
12
12
13
13
13
14
14
14
15
15
15
16
16
17
17
17
18
18
18
19
19
20
20
20
21
21
21
22
22
22
23
23
24
24
24
25
25
25
26
26
27
27
27
28
28
28
29
29
30
30
30
31
31
32
32
32
33
33
34
34
34
35
35
35
36
36
37
37
37
38
38
39
39
39
40
40
41
41
41
42
42
43
43
43
44
44
45
45
45
46
46
47
47
47
48
48
49
49
49
50
50
51
51
51
52
52
53
53
54
54
54
55
55
56
56
56
57
57
58
58
59
59
59
60
60
61
61
61
62
62
63
63
64
64
64
65
65
66
66
66
67
67
68
68
69
69
69
70
70
71
71
72
72
72
73
73
74
74
75
75
75
76
76
77
77
77
78
78
79
79
80
80
80
81
81
82
82
83
83
83
84
84
85
85
86
86
86
87
87
88
88
89
89
89
90
90
91
91
92
92
92
93
93
94
94
95
95
95
96
96
97
97
98
98
98
99
99
100
100
101
101
101
102
102
103
103
104
104
104
105
105
106
106
107
107
107
108
108
109
109
110
110
110
111
111
112
112
113
113
113
114
114
115
115
116
116
116
117
117
118
118
118
119
119
120
120
121
121
121
122
122
123
123
124
124
124
125
125
126
126
126
127
127
128
128
129
129
129
130
130
131
131
131
132
132
133
133
133
134
134
135
135
135
136
136
137
137
137
138
138
139
139
139
140
140
141
141
141
142
142
143
143
143
144
144
145
145
145
146
146
147
147
147
148
148
149
149
149
150
150
150
151
151
152
152
152
153
153
153
154
154
155
155
155
156
156
156
157
157
158
158
158
159
159
159
160
160
161
161
161
162
162
162
163
163
163
164
164
164
165
165
165
166
166
167
167
167
168
168
168
169
169
169
170
170
170
171
171
171
172
172
172
173
173
173
174
174
174
175
175
175
176
176
176
177
177
177
177
178
178
178
179
179
179
180
180
180
181
181
181
181
182
182
182
183
183
183
183
184
184
184
185
185
185
186
186
186
186
187
187
187
187
188
188
188
189
189
189
189
190
190
190
190
191
191
191
191
192
192
192
192
193
193
193
193
194
194
194
194
195
195
195
195
195
196
196
196
196
197
197
197
197
197
198
198
198
198
199
199
199
199
199
200
200
200
200
200
201
201
201
201
201
202
202
202
202
202
202
203
203
203
203
203
203
204
204
204
204
204
204
205
205
205
205
205
205
205
206
206
206
206
206
206
206
207
207
207
207
207
207
207
207
208
208
208
208
208
208
208
208
208
209
209
209
209
209
209
209
209
209
209
210
210
210
210
210
210
210
210
210
210
210
210
210
210
210
211
211
211
211
211
211
211
211
211
211
211
211
211
211
211
211
211
211
211
211
211
211
211
211
211
211
211
211
211
211
211
211
211
211
211
211
211
211
211
211
211
211
211
211
211
211
211
211
211
211
211
211
211
211
211
211
210
210
210
210
210
210
210
210
210
210
210
210
210
210
209
209
209
209
209
209
209
209
209
209
208
208
208
208
208
208
208
208
207
207
207
207
207
207
207
207
206
206
206
206
206
206
205
205
205
205
205
205
204
204
204
204
204
204
203
203
203
203
203
202
202
202
202
202
201
201
201
201
201
200
200
200
200
199
199
199
199
198
198
198
198
197
197
197
197
196
196
196
196
195
195
195
195
194
194
194
193
193
193
193
192
192
192
191
191
191
190
190
190
190
189
189
189
188
188
188
187
187
187
186
186
186
185
185
185
184
184
183
183
183
182
182
182
181
181
181
180
180
179
179
179
178
178
177
177
177
176
176
175
175
175
174
174
173
173
173
172
172
171
171
170
170
169
169
169
168
168
167
167
166
166
165
165
164
164
164
163
163
162
162
161
161
160
160
159
159
158
158
157
157
156
156
155
155
154
154
153
153
152
151
151
150
150
149
149
148
148
147
147
146
145
145
144
144
143
143
142
142
141
140
140
139
139
138
137
137
136
136
135
135
134
133
133
132
131
131
130
130
129
128
128
127
127
126
125
125
124
123
123
122
121
121
120
119
119
118
117
117
116
115
115
114
113
113
112
111
111
110
109
109
108
107
107
106
105
105
104
103
102
102
101
100
100
99
98
97
97
96
95
94
94
93
92
92
91
90
89
89
88
87
86
86
85
84
83
82
82
81
80
79
79
78
77
76
75
75
74
73
72
72
71
70
69
68
68
67
66
65
64
63
63
62
61
60
59
59
58
57
56
55
54
54
53
52
51
50
49
49
48
47
46
45
44
43
43
42
41
40
39
38
37
36
36
35
34
33
32
31
30
29
29
28
27
26
25
24
23
22
21
20
20
19
18
17
16
15
14
13
12
11
10
10
9
8
7
6
5
4
3
2
1
0
-1
-2
-3
-4
-5
-5
-6
-7
-8
-9
-10
-11
-12
-13
-14
-15
-16
-17
-18
-19
-20
-21
-22
-23
-24
-25
-26
-27
-28
-29
-30
-31
-32
-33
-34
-34
-35
-36
-37
-38
-39
-40
-41
-42
-43
-44
-45
-46
-47
-48
-49
-50
-51
-52
-53
-54
-56
-57
-58
-59
-60
-61
-62
-63
-64
-65
-66
-67
-68
-69
-70
-71
-72
-73
-74
-75
-76
-77
-78
-79
-80
-81
-82
-83
-84
-85
-86
-87
-88
-89
-90
-91
-93
-94
-95
-96
-97
-98
-99
-100
-101
-102
-103
-104
-105
-106
-107
-108
-109
-110
-111
-112
-114
-115
-116
-117
-118
-119
-120
-121
-122
-123
-124
-125
-126
-127
-128
-129
-131
-132
-133
-134
-135
-136
-137
-138
-139
-140
-141
-142
-143
-144
-145
-146
-148
-149
-150
-151
-152
-153
-154
-155
-156
-157
-158
-159
-160
-161
-163
-164
-165
-166
-167
-168
-169
-170
-171
-172
-173
-174
-175
-176
-178
-179
-180
-181
-182
-183
-184
-185
-186
-187
-188
-189
-190
-191
-192
-194
-195
-196
-197
-198
-199
-200
-201
-202
-203
-204
-205
-206
-207
-208
-210
-211
-212
-213
-214
-215
-216
-217
-218
-219
-220
-221
-222
-223
-224
-225
-226
-227
-229
-230
-231
-232
-233
-234
-235
-236
-237
-238
-239
-240
-241
-242
-243
-244
-245
-246
-247
-248
-249
-250
-252
-253
-254
-255
-256
-257
-258
-259
-260
-261
-262
-263
-264
-265
-266
-267
-268
-269
-270
-271
-272
-273
-274
-275
-276
-277
-278
-279
-280
-281
-282
-283
-284
-285
-286
-287
-288
-289
-290
-291
-292
-293
-294
-295
-296
-297
-298
-299
-300
-301
-302
-303
-304
-305
-306
-307
-308
-309
-310
-311
-312
-313
-313
-314
-315
-316
-317
-318
-319
-320
-321
-322
-323
-324
-325
-326
-327
-328
-329
-329
-330
-331
-332
-333
-334
-335
-336
-337
-338
-339
-340
-340
-341
-342
-343
-344
-345
-346
-347
-348
-349
-349
-350
-351
-352
-353
-354
-355
-356
-356
-357
-358
-359
-360
-361
-362
-362
-363
-364
-365
-366
-367
-367
-368
-369
-370
-371
-372
-372
-373
-374
-375
-376
-376
-377
-378
-379
-380
-381
-381
-382
-383
-384
-384
-385
-386
-387
-388
-388
-389
-390
-391
-391
-392
-393
-394
-394
-395
-396
-397
-397
-398
-399
-400
-400
-401
-402
-402
-403
-404
-405
-405
-406
-407
-407
-408
-409
-409
-410
-411
-411
-412
-413
-414
-414
-415
-416
-416
-417
-417
-418
-419
-419
-420
-421
-421
-422
-423
-423
-424
-424
-425
-426
-426
-427
-427
-428
-429
-429
-430
-430
-431
-432
-432
-433
-433
-434
-434
-435
-435
-436
-437
-437
-438
-438
-439
-439
-440
-440
-441
-441
-442
-442
-443
-443
-444
-444
-445
-445
-446
-446
-447
-447
-448
-448
-449
-449
-449
-450
-450
-451
-451
-452
-452
-452
-453
-453
-454
-454
-454
-455
-455
-456
-456
-456
-457
-457
-458
-458
-458
-459
-459
-459
-460
-460
-460
-461
-461
-461
-462
-462
-462
-463
-463
-463
-464
-464
-464
-464
-465
-465
-465
-465
-466
-466
-466
-467
-467
-467
-467
-467
-468
-468
-468
-468
-469
-469
-469
-469
-469
-470
-470
-470
-470
-470
-470
-471
-471
-471
-471
-471
-471
-472
-472
-472
-472
-472
-472
-472
-472
-472
-473
-473
-473
-473
-473
-473
-473
-473
-473
-473
-473
-473
-473
-473
-473
-473
-473
-473
-474
-474
-474
-474
-474
-474
-473
-473
-473
-473
-473
-473
-473
-473
-473
-473
-473
-473
-473
-473
-473
-473
-473
-473
-472
-472
-472
-472
-472
-472
-472
-472
-471
-471
-471
-471
-471
-471
-470
-470
-470
-470
-470
-470
-469
-469
-469
-469
-469
-468
-468
-468
-468
-467
-467
-467
-467
-466
-466
-466
-466
-465
-465
-465
-464
-464
-464
-463
-463
-463
-462
-462
-462
-461
-461
-461
-460
-460
-460
-459
-459
-458
-458
-458
-457
-457
-456
-456
-456
-455
-455
-454
-454
-453
-453
-453
-452
-452
-451
-451
-450
-450
-449
-449
-448
-448
-447
-447
-446
-446
-445
-445
-444
-443
-443
-442
-442
-441
-441
-440
-439
-439
-438
-438
-437
-436
-436
-435
-435
-434
-433
-433
-432
-431
-431
-430
-429
-429
-428
-427
-427
-426
-425
-425
-424
-423
-422
-422
-421
-420
-419
-419
-418
-417
-416
-416
-415
-414
-413
-412
-412
-411
-410
-409
-408
-408
-407
-406
-405
-404
-403
-403
-402
-401
-400
-399
-398
-397
-396
-396
-395
-394
-393
-392
-391
-390
-389
-388
-387
-386
-385
-384
-383
-383
-382
-381
-380
-379
-378
-377
-376
-375
-374
-373
-372
-370
-369
-368
-367
-366
-365
-364
-363
-362
-361
-360
-359
-358
-357
-356
-354
-353
-352
-351
-350
-349
-348
-347
-345
-344
-343
-342
-341
-340
-338
-337
-336
-335
-334
-332
-331
-330
-329
-328
-326
-325
-324
-323
-321
-320
-319
-318
-316
-315
-314
-312
-311
-310
-309
-307
-306
-305
-303
-302
-301
-299
-298
-297
-295
-294
-293
-291
-290
-289
-287
-286
-284
-283
-282
-280
-279
-277
-276
-275
-273
-272
-270
-269
-267
-266
-265
-263
-262
-260
-259
-257
-256
-254
-253
-251
-250
-248
-247
-245
-244
-242
-241
-239
-238
-236
-235
-233
-231
-230
-228
-227
-225
-224
-222
-220
-219
-217
-216
-214
-212
-211
-209
-208
-206
-204
-203
-201
-199
-198
-196
-195
-193
-191
-190
-188
-186
-184
-183
-181
-179
-178
-176
-174
-173
-171
-169
-167
-166
-164
-162
-161
-159
-157
-155
-154
-152
-150
-148
-147
-145
-143
-141
-139
-138
-136
-134
-132
-130
-129
-127
-125
-123
-121
-120
-118
-116
-114
-112
-110
-109
-107
-105
-103
-101
-99
-97
-95
-94
-92
-90
-88
-86
-84
-82
-80
-78
-77
-75
-73
-71
-69
-67
-65
-63
-61
-59
-57
-55
-53
-51
-49
-47
-46
-44
-42
-40
-38
-36
-34
-32
-30
-28
-26
-24
-22
-20
-18
-16
-14
-12
-10
-8
-6
-4
-2
0
2
5
7
9
11
13
15
17
19
21
23
25
27
29
31
33
35
37
40
42
44
46
48
50
52
54
56
58
61
63
65
67
69
71
73
75
77
80
82
84
86
88
90
92
95
97
99
101
103
105
107
110
112
114
116
118
120
123
125
127
129
131
133
136
138
140
142
144
146
149
151
153
155
157
160
162
164
166
168
171
173
175
177
179
182
184
186
188
191
193
195
197
199
202
204
206
208
210
213
215
217
219
222
224
226
228
231
233
235
237
239
242
244
246
248
251
253
255
257
260
262
264
266
269
271
273
275
278
280
282
284
287
289
291
293
295
298
300
302
304
307
309
311
313
316
318
320
322
325
327
329
331
334
336
338
340
343
345
347
349
352
354
356
358
361
363
365
367
370
372
374
376
378
381
383
385
387
390
392
394
396
399
401
403
405
407
410
412
414
416
419
421
423
425
427
430
432
434
436
439
441
443
445
447
450
452
454
456
458
461
463
465
467
469
472
474
476
478
480
482
485
487
489
491
493
495
498
500
502
504
506
508
511
513
515
517
519
521
523
526
528
530
532
534
536
538
541
543
545
547
549
551
553
555
557
559
562
564
566
568
570
572
574
576
578
580
582
584
587
589
591
593
595
597
599
601
603
605
607
609
611
613
615
617
619
621
623
625
627
629
631
633
635
637
639
641
643
645
647
649
651
653
655
657
659
661
662
664
666
668
670
672
674
676
678
680
682
683
685
687
689
691
693
695
697
698
700
702
704
706
708
709
711
713
715
717
719
720
722
724
726
727
729
731
733
735
736
738
740
742
743
745
747
748
750
752
754
755
757
759
760
762
764
765
767
769
770
772
774
775
777
779
780
782
783
785
787
788
790
791
793
795
796
798
799
801
802
804
805
807
808
810
811
813
814
816
817
819
820
822
823
825
826
828
829
830
832
833
835
836
838
839
840
842
843
844
846
847
848
850
851
852
854
855
856
858
859
860
862
863
864
865
867
868
869
870
872
873
874
875
876
878
879
880
881
882
883
885
886
887
888
889
890
891
892
893
895
896
897
898
899
900
901
902
903
904
905
906
907
908
909
910
911
912
913
914
915
916
916
917
918
919
920
921
922
923
924
924
925
926
927
928
929
929
930
931
932
932
933
934
935
935
936
937
938
938
939
940
940
941
942
942
943
944
944
945
945
946
947
947
948
948
949
949
950
950
951
952
952
953
953
954
954
954
955
955
956
956
957
957
957
958
958
959
959
959
960
960
960
961
961
961
962
962
962
962
963
963
963
963
964
964
964
964
964
965
965
965
965
965
965
965
966
966
966
966
966
966
966
966
966
966
966
966
966
966
966
966
966
966
966
966
966
966
966
965
965
965
965
965
965
965
964
964
964
964
964
963
963
963
963
963
962
962
962
961
961
961
960
960
960
959
959
959
958
958
957
957
957
956
956
955
955
954
954
953
953
952
952
951
951
950
950
949
948
948
947
947
946
945
945
944
943
943
942
941
941
940
939
938
938
937
936
935
935
934
933
932
931
931
930
929
928
927
926
925
924
923
923
922
921
920
919
918
917
916
915
914
913
912
911
910
909
907
906
905
904
903
902
901
900
898
897
896
895
894
892
891
890
889
887
886
885
884
882
881
880
878
877
876
874
873
872
870
869
867
866
865
863
862
860
859
857
856
854
853
851
850
848
847
845
844
842
840
839
837
836
834
832
831
829
827
826
824
822
820
819
817
815
814
812
810
808
806
805
803
801
799
797
795
794
792
790
788
786
784
782
780
778
776
774
772
770
768
766
764
762
760
758
756
754
752
750
748
746
744
742
739
737
735
733
731
729
726
724
722
720
718
715
713
711
709
706
704
702
699
697
695
692
690
688
685
683
681
678
676
673
671
668
666
664
661
659
656
654
651
649
646
644
641
638
636
633
631
628
626
623
620
618
615
612
610
607
604
602
599
596
594
591
588
586
583
580
577
575
572
569
566
563
561
558
555
552
549
546
543
541
538
535
532
529
526
523
520
517
514
511
508
505
502
499
496
493
490
487
484
481
478
475
472
469
466
463
460
457
453
450
447
444
441
438
434
431
428
425
422
419
415
412
409
406
402
399
396
393
389
386
383
379
376
373
369
366
363
359
356
353
349
346
342
339
336
332
329
325
322
318
315
312
308
305
301
298
294
291
287
284
280
277
273
269
266
262
259
255
252
248
244
241
237
234
230
226
223
219
216
212
208
205
201
197
194
190
186
182
179
175
171
168
164
160
156
153
149
145
141
138
134
130
126
122
119
115
111
107
103
99
96
92
88
84
80
76
72
69
65
61
57
53
49
45
41
37
33
29
26
22
18
14
10
6
2
-2
-6
-10
-14
-18
-22
-26
-30
-34
-38
-42
-46
-50
-54
-58
-62
-66
-70
-74
-78
-83
-87
-91
-95
-99
-103
-107
-111
-115
-119
-123
-127
-132
-136
-140
-144
-148
-152
-156
-160
-164
-169
-173
-177
-181
-185
-189
-194
-198
-202
-206
-210
-214
-219
-223
-227
-231
-235
-239
-244
-248
-252
-256
-260
-265
-269
-273
-277
-281
-286
-290
-294
-298
-303
-307
-311
-315
-319
-324
-328
-332
-336
-341
-345
-349
-353
-358
-362
-366
-370
-375
-379
-383
-387
-392
-396
-400
-405
-409
-413
-417
-422
-426
-430
-434
-439
-443
-447
-452
-456
-460
-464
-469
-473
-477
-481
-486
-490
-494
-499
-503
-507
-511
-516
-520
-524
-529
-533
-537
-541
-546
-550
-554
-559
-563
-567
-571
-576
-580
-584
-588
-593
-597
-601
-606
-610
-614
-618
-623
-627
-631
-635
-640
-644
-648
-653
-657
-661
-665
-670
-674
-678
-682
-687
-691
-695
-699
-704
-708
-712
-716
-721
-725
-729
-733
-737
-742
-746
-750
-754
-759
-763
-767
-771
-775
-780
-784
-788
-792
-796
-801
-805
-809
-813
-817
-822
-826
-830
-834
-838
-842
-847
-851
-855
-859
-863
-867
-871
-876
-880
-884
-888
-892
-896
-900
-904
-908
-913
-917
-921
-925
-929
-933
-937
-941
-945
-949
-953
-957
-961
-965
-970
-974
-978
-982
-986
-990
-994
-998
-1002
-1006
-1010
-1014
-1018
-1022
-1026
-1030
-1033
-1037
-1041
-1045
-1049
-1053
-1057
-1061
-1065
-1069
-1073
-1077
-1081
-1084
-1088
-1092
-1096
-1100
-1104
-1108
-1111
-1115
-1119
-1123
-1127
-1131
-1134
-1138
-1142
-1146
-1150
-1153
-1157
-1161
-1165
-1168
-1172
-1176
-1179
-1183
-1187
-1191
-1194
-1198
-1202
-1205
-1209
-1213
-1216
-1220
-1224
-1227
-1231
-1234
-1238
-1242
-1245
-1249
-1252
-1256
-1259
-1263
-1267
-1270
-1274
-1277
-1281
-1284
-1288
-1291
-1295
-1298
-1301
-1305
-1308
-1312
-1315
-1319
-1322
-1325
-1329
-1332
-1336
-1339
-1342
-1346
-1349
-1352
-1356
-1359
-1362
-1365
-1369
-1372
-1375
-1378
-1382
-1385
-1388
-1391
-1394
-1398
-1401
-1404
-1407
-1410
-1413
-1417
-1420
-1423
-1426
-1429
-1432
-1435
-1438
-1441
-1444
-1447
-1450
-1453
-1456
-1459
-1462
-1465
-1468
-1471
-1474
-1477
-1480
-1483
-1486
-1488
-1491
-1494
-1497
-1500
-1503
-1505
-1508
-1511
-1514
-1517
-1519
-1522
-1525
-1527
-1530
-1533
-1535
-1538
-1541
-1543
-1546
-1549
-1551
-1554
-1556
-1559
-1562
-1564
-1567
-1569
-1572
-1574
-1577
-1579
-1582
-1584
-1586
-1589
-1591
-1594
-1596
-1598
-1601
-1603
-1605
-1608
-1610
-1612
-1615
-1617
-1619
-1621
-1624
-1626
-1628
-1630
-1632
-1634
-1637
-1639
-1641
-1643
-1645
-1647
-1649
-1651
-1653
-1655
-1657
-1659
-1661
-1663
-1665
-1667
-1669
-1671
-1673
-1675
-1676
-1678
-1680
-1682
-1684
-1686
-1687
-1689
-1691
-1693
-1694
-1696
-1698
-1699
-1701
-1703
-1704
-1706
-1708
-1709
-1711
-1712
-1714
-1715
-1717
-1718
-1720
-1721
-1723
-1724
-1726
-1727
-1728
-1730
-1731
-1733
-1734
-1735
-1737
-1738
-1739
-1740
-1742
-1743
-1744
-1745
-1746
-1748
-1749
-1750
-1751
-1752
-1753
-1754
-1755
-1756
-1757
-1758
-1759
-1760
-1761
-1762
-1763
-1764
-1765
-1766
-1767
-1767
-1768
-1769
-1770
-1771
-1771
-1772
-1773
-1774
-1774
-1775
-1776
-1776
-1777
-1777
-1778
-1779
-1779
-1780
-1780
-1781
-1781
-1782
-1782
-1783
-1783
-1783
-1784
-1784
-1785
-1785
-1785
-1786
-1786
-1786
-1786
-1787
-1787
-1787
-1787
-1787
-1788
-1788
-1788
-1788
-1788
-1788
-1788
-1788
-1788
-1788
-1788
-1788
-1788
-1788
-1788
-1788
-1788
-1787
-1787
-1787
-1787
-1787
-1786
-1786
-1786
-1786
-1785
-1785
-1785
-1784
-1784
-1783
-1783
-1783
-1782
-1782
-1781
-1781
-1780
-1780
-1779
-1779
-1778
-1777
-1777
-1776
-1775
-1775
-1774
-1773
-1773
-1772
-1771
-1770
-1769
-1769
-1768
-1767
-1766
-1765
-1764
-1763
-1762
-1761
-1760
-1759
-1758
-1757
-1756
-1755
-1754
-1753
-1752
-1751
-1749
-1748
-1747
-1746
-1744
-1743
-1742
-1741
-1739
-1738
-1737
-1735
-1734
-1732
-1731
-1729
-1728
-1726
-1725
-1723
-1722
-1720
-1719
-1717
-1715
-1714
-1712
-1711
-1709
-1707
-1705
-1704
-1702
-1700
-1698
-1696
-1695
-1693
-1691
-1689
-1687
-1685
-1683
-1681
-1679
-1677
-1675
-1673
-1671
-1669
-1667
-1665
-1662
-1660
-1658
-1656
-1654
-1651
-1649
-1647
-1645
-1642
-1640
-1637
-1635
-1633
-1630
-1628
-1625
-1623
-1620
-1618
-1615
-1613
-1610
-1608
-1605
-1603
-1600
-1597
-1595
-1592
-1589
-1586
-1584
-1581
-1578
-1575
-1572
-1570
-1567
-1564
-1561
-1558
-1555
-1552
-1549
-1546
-1543
-1540
-1537
-1534
-1531
-1528
-1525
-1522
-1518
-1515
-1512
-1509
-1506
-1502
-1499
-1496
-1492
-1489
-1486
-1482
-1479
-1476
-1472
-1469
-1465
-1462
-1458
-1455
-1451
-1448
-1444
-1441
-1437
-1433
-1430
-1426
-1422
-1419
-1415
-1411
-1408
-1404
-1400
-1396
-1392
-1389
-1385
-1381
-1377
-1373
-1369
-1365
-1361
-1357
-1353
-1349
-1345
-1341
-1337
-1333
-1329
-1325
-1321
-1316
-1312
-1308
-1304
-1300
-1295
-1291
-1287
-1282
-1278
-1274
-1269
-1265
-1261
-1256
-1252
-1247
-1243
-1238
-1234
-1229
-1225
-1220
-1216
-1211
-1207
-1202
-1197
-1193
-1188
-1183
-1179
-1174
-1169
-1164
-1160
-1155
-1150
-1145
-1140
-1136
-1131
-1126
-1121
-1116
-1111
-1106
-1101
-1096
-1091
-1086
-1081
-1076
-1071
-1066
-1061
-1056
-1051
-1045
-1040
-1035
-1030
-1025
-1019
-1014
-1009
-1004
-998
-993
-988
-982
-977
-972
-966
-961
-955
-950
-944
-939
-933
-928
-922
-917
-911
-906
-900
-895
-889
-883
-878
-872
-866
-861
-855
-849
-844
-838
-832
-826
-821
-815
-809
-803
-797
-791
-786
-780
-774
-768
-762
-756
-750
-744
-738
-732
-726
-720
-714
-708
-702
-696
-689
-683
-677
-671
-665
-659
-653
-646
-640
-634
-628
-621
-615
-609
-603
-596
-590
-584
-577
-571
-565
-558
-552
-545
-539
-532
-526
-520
-513
-507
-500
-494
-487
-480
-474
-467
-461
-454
-448
-441
-434
-428
-421
-414
-408
-401
-394
-388
-381
-374
-367
-361
-354
-347
-340
-334
-327
-320
-313
-306
-299
-292
-286
-279
-272
-265
-258
-251
-244
-237
-230
-223
-216
-209
-202
-195
-188
-181
-174
-167
-160
-153
-146
-139
-132
-125
-117
-110
-103
-96
-89
-82
-74
-67
-60
-53
-46
-38
-31
-24
-17
-9
-2
5
12
20
27
34
42
49
56
64
71
78
86
93
100
108
115
123
130
137
145
152
160
167
175
182
190
197
205
212
220
227
235
242
250
257
265
272
280
287
295
302
310
318
325
333
340
348
356
363
371
378
386
394
401
409
417
424
432
440
447
455
463
470
478
486
493
501
509
517
524
532
540
547
555
563
571
578
586
594
602
609
617
625
633
640
648
656
664
671
679
687
695
703
710
718
726
734
742
749
757
765
773
781
788
796
804
812
820
827
835
843
851
859
866
874
882
890
898
906
913
921
929
937
945
953
960
968
976
984
992
999
1007
1015
1023
1031
1039
1046
1054
1062
1070
1078
1085
1093
1101
1109
1117
1124
1132
1140
1148
1156
1163
1171
1179
1187
1195
1202
1210
1218
1226
1233
1241
1249
1257
1264
1272
1280
1288
1295
1303
1311
1319
1326
1334
1342
1350
1357
1365
1373
1380
1388
1396
1404
1411
1419
1427
1434
1442
1450
1457
1465
1473
1480
1488
1495
1503
1511
1518
1526
1533
1541
1549
1556
1564
1571
1579
1586
1594
1602
1609
1617
1624
1632
1639
1647
1654
1662
1669
1677
1684
1692
1699
1706
1714
1721
1729
1736
1744
1751
1758
1766
1773
1780
1788
1795
1802
1810
1817
1824
1832
1839
1846
1854
1861
1868
1875
1882
1890
1897
1904
1911
1918
1926
1933
1940
1947
1954
1961
1968
1976
1983
1990
1997
2004
2011
2018
2025
2032
2039
2046
2053
2060
2067
2074
2081
2088
2094
2101
2108
2115
2122
2129
2136
2142
2149
2156
2163
2170
2176
2183
2190
2196
2203
2210
2217
2223
2230
2236
2243
2250
2256
2263
2269
2276
2282
2289
2295
2302
2308
2315
2321
2328
2334
2341
2347
2353
2360
2366
2372
2379
2385
2391
2397
2404
2410
2416
2422
2428
2435
2441
2447
2453
2459
2465
2471
2477
2483
2489
2495
2501
2507
2513
2519
2525
2531
2537
2542
2548
2554
2560
2566
2571
2577
2583
2589
2594
2600
2606
2611
2617
2622
2628
2634
2639
2645
2650
2656
2661
2667
2672
2677
2683
2688
2693
2699
2704
2709
2715
2720
2725
2730
2735
2741
2746
2751
2756
2761
2766
2771
2776
2781
2786
2791
2796
2801
2806
2811
2816
2820
2825
2830
2835
2839
2844
2849
2853
2858
2863
2867
2872
2876
2881
2886
2890
2894
2899
2903
2908
2912
2916
2921
2925
2929
2934
2938
2942
2946
2950
2955
2959
2963
2967
2971
2975
2979
2983
2987
2991
2995
2999
3002
3006
3010
3014
3018
3021
3025
3029
3032
3036
3039
3043
3047
3050
3054
3057
3061
3064
3067
3071
3074
3077
3081
3084
3087
3090
3094
3097
3100
3103
3106
3109
3112
3115
3118
3121
3124
3127
3130
3133
3135
3138
3141
3144
3146
3149
3152
3154
3157
3159
3162
3165
3167
3169
3172
3174
3177
3179
3181
3184
3186
3188
3190
3192
3195
3197
3199
3201
3203
3205
3207
3209
3211
3213
3214
3216
3218
3220
3222
3223
3225
3227
3228
3230
3231
3233
3234
3236
3237
3239
3240
3242
3243
3244
3245
3247
3248
3249
3250
3251
3252
3253
3254
3255
3256
3257
3258
3259
3260
3261
3262
3262
3263
3264
3264
3265
3266
3266
3267
3267
3268
3268
3268
3269
3269
3269
3270
3270
3270
3270
3271
3271
3271
3271
3271
3271
3271
3271
3271
3271
3270
3270
3270
3270
3269
3269
3269
3268
3268
3267
3267
3266
3266
3265
3265
3264
3263
3263
3262
3261
3260
3259
3259
3258
3257
3256
3255
3254
3253
3251
3250
3249
3248
3247
3245
3244
3243
3241
3240
3239
3237
3236
3234
3232
3231
3229
3227
3226
3224
3222
3220
3219
3217
3215
3213
3211
3209
3207
3205
3203
3200
3198
3196
3194
3192
3189
3187
3185
3182
3180
3177
3175
3172
3169
3167
3164
3162
3159
3156
3153
3150
3148
3145
3142
3139
3136
3133
3130
3127
3123
3120
3117
3114
3111
3107
3104
3101
3097
3094
3090
3087
3083
3080
3076
3072
3069
3065
3061
3057
3054
3050
3046
3042
3038
3034
3030
3026
3022
3018
3013
3009
3005
3001
2996
2992
2988
2983
2979
2974
2970
2965
2961
2956
2951
2947
2942
2937
2933
2928
2923
2918
2913
2908
2903
2898
2893
2888
2883
2878
2872
2867
2862
2857
2851
2846
2840
2835
2829
2824
2818
2813
2807
2802
2796
2790
2784
2779
2773
2767
2761
2755
2749
2743
2737
2731
2725
2719
2713
2707
2700
2694
2688
2681
2675
2669
2662
2656
2649
2643
2636
2630
2623
2616
2610
2603
2596
2589
2582
2575
2569
2562
2555
2548
2541
2534
2526
2519
2512
2505
2498
2490
2483
2476
2468
2461
2453
2446
2438
2431
2423
2416
2408
2400
2393
2385
2377
2369
2362
2354
2346
2338
2330
2322
2314
2306
2298
2289
2281
2273
2265
2257
2248
2240
2232
2223
2215
2206
2198
2189
2181
2172
2164
2155
2146
2138
2129
2120
2111
2102
2093
2085
2076
2067
2058
2049
2040
2030
2021
2012
2003
1994
1985
1975
1966
1957
1947
1938
1928
1919
1909
1900
1890
1881
1871
1861
1852
1842
1832
1823
1813
1803
1793
1783
1773
1763
1753
1743
1733
1723
1713
1703
1693
1683
1672
1662
1652
1642
1631
1621
1610
1600
1590
1579
1569
1558
1547
1537
1526
1516
1505
1494
1484
1473
1462
1451
1440
1429
1418
1408
1397
1386
1375
1364
1352
1341
1330
1319
1308
1297
1285
1274
1263
1252
1240
1229
1218
1206
1195
1183
1172
1160
1149
1137
1125
1114
1102
1090
1079
1067
1055
1043
1032
1020
1008
996
984
972
960
948
936
924
912
900
888
876
864
852
839
827
815
803
790
778
766
753
741
728
716
704
691
679
666
653
641
628
616
603
590
578
565
552
540
527
514
501
488
475
463
450
437
424
411
398
385
372
359
346
333
319
306
293
280
267
254
240
227
214
201
187
174
161
147
134
120
107
94
80
67
53
40
26
12
-1
-15
-28
-42
-56
-69
-83
-97
-110
-124
-138
-152
-165
-179
-193
-207
-221
-234
-248
-262
-276
-290
-304
-318
-332
-346
-360
-374
-388
-402
-416
-430
-444
-458
-472
-487
-501
-515
-529
-543
-557
-572
-586
-600
-614
-629
-643
-657
-671
-686
-700
-714
-729
-743
-757
-772
-786
-801
-815
-830
-844
-858
-873
-887
-902
-916
-931
-945
-960
-974
-989
-1004
-1018
-1033
-1047
-1062
-1076
-1091
-1106
-1120
-1135
-1150
-1164
-1179
-1194
-1208
-1223
-1238
-1252
-1267
-1282
-1297
-1311
-1326
-1341
-1355
-1370
-1385
-1400
-1415
-1429
-1444
-1459
-1474
-1489
-1503
-1518
-1533
-1548
-1563
-1578
-1592
-1607
-1622
-1637
-1652
-1667
-1682
-1696
-1711
-1726
-1741
-1756
-1771
-1786
-1801
-1815
-1830
-1845
-1860
-1875
-1890
-1905
-1920
-1935
-1950
-1965
-1979
-1994
-2009
-2024
-2039
-2054
-2069
-2084
-2099
-2114
-2129
-2144
-2159
-2173
-2188
-2203
-2218
-2233
-2248
-2263
-2278
-2293
-2308
-2323
-2337
-2352
-2367
-2382
-2397
-2412
-2427
-2442
-2457
-2471
-2486
-2501
-2516
-2531
-2546
-2561
-2576
-2590
-2605
-2620
-2635
-2650
-2664
-2679
-2694
-2709
-2724
-2738
-2753
-2768
-2783
-2798
-2812
-2827
-2842
-2857
-2871
-2886
-2901
-2915
-2930
-2945
-2959
-2974
-2989
-3003
-3018
-3033
-3047
-3062
-3077
-3091
-3106
-3120
-3135
-3149
-3164
-3179
-3193
-3208
-3222
-3237
-3251
-3266
-3280
-3294
-3309
-3323
-3338
-3352
-3366
-3381
-3395
-3410
-3424
-3438
-3452
-3467
-3481
-3495
-3510
-3524
-3538
-3552
-3566
-3581
-3595
-3609
-3623
-3637
-3651
-3665
-3679
-3693
-3708
-3722
-3736
-3750
-3763
-3777
-3791
-3805
-3819
-3833
-3847
-3861
-3875
-3888
-3902
-3916
-3930
-3944
-3957
-3971
-3985
-3998
-4012
-4026
-4039
-4053
-4066
-4080
-4093
-4107
-4120
-4134
-4147
-4161
-4174
-4187
-4201
-4214
-4227
-4241
-4254
-4267
-4280
-4294
-4307
-4320
-4333
-4346
-4359
-4372
-4385
-4398
-4411
-4424
-4437
-4450
-4463
-4476
-4489
-4501
-4514
-4527
-4540
-4552
-4565
-4578
-4590
-4603
-4616
-4628
-4641
-4653
-4666
-4678
-4690
-4703
-4715
-4728
-4740
-4752
-4764
-4777
-4789
-4801
-4813
-4825
-4837
-4849
-4861
-4873
-4885
-4897
-4909
-4921
-4933
-4944
-4956
-4968
-4980
-4991
-5003
-5015
-5026
-5038
-5049
-5061
-5072
-5083
-5095
-5106
-5118
-5129
-5140
-5151
-5162
-5174
-5185
-5196
-5207
-5218
-5229
-5240
-5251
-5262
-5272
-5283
-5294
-5305
-5315
-5326
-5337
-5347
-5358
-5368
-5379
-5389
-5400
-5410
-5420
-5431
-5441
-5451
-5461
-5471
-5481
-5491
-5501
-5511
-5521
-5531
-5541
-5551
-5561
-5570
-5580
-5590
-5599
-5609
-5619
-5628
-5638
-5647
-5656
-5666
-5675
-5684
-5693
-5703
-5712
-5721
-5730
-5739
-5748
-5757
-5766
-5775
-5783
-5792
-5801
-5809
-5818
-5827
-5835
-5844
-5852
-5861
-5869
-5877
-5885
-5894
-5902
-5910
-5918
-5926
-5934
-5942
-5950
-5958
-5966
-5973
-5981
-5989
-5996
-6004
-6011
-6019
-6026
-6034
-6041
-6048
-6056
-6063
-6070
-6077
-6084
-6091
-6098
-6105
-6112
-6119
-6125
-6132
-6139
-6145
-6152
-6158
-6165
-6171
-6178
-6184
-6190
-6196
-6203
-6209
-6215
-6221
-6227
-6233
-6239
-6244
-6250
-6256
-6261
-6267
-6273
-6278
-6283
-6289
-6294
-6299
-6305
-6310
-6315
-6320
-6325
-6330
-6335
-6340
-6344
-6349
-6354
-6359
-6363
-6368
-6372
-6376
-6381
-6385
-6389
-6394
-6398
-6402
-6406
-6410
-6414
-6417
-6421
-6425
-6429
-6432
-6436
-6439
-6443
-6446
-6450
-6453
-6456
-6459
-6462
-6465
-6468
-6471
-6474
-6477
-6480
-6482
-6485
-6488
-6490
-6493
-6495
-6497
-6500
-6502
-6504
-6506
-6508
-6510
-6512
-6514
-6516
-6517
-6519
-6521
-6522
-6524
-6525
-6527
-6528
-6529
-6530
-6531
-6532
-6533
-6534
-6535
-6536
-6537
-6538
-6538
-6539
-6539
-6540
-6540
-6540
-6541
-6541
-6541
-6541
-6541
-6541
-6541
-6541
-6540
-6540
-6540
-6539
-6539
-6538
-6537
-6537
-6536
-6535
-6534
-6533
-6532
-6531
-6530
-6529
-6527
-6526
-6525
-6523
-6521
-6520
-6518
-6516
-6515
-6513
-6511
-6509
-6507
-6504
-6502
-6500
-6498
-6495
-6493
-6490
-6487
-6485
-6482
-6479
-6476
-6473
-6470
-6467
-6464
-6461
-6457
-6454
-6451
-6447
-6443
-6440
-6436
-6432
-6428
-6424
-6420
-6416
-6412
-6408
-6404
-6399
-6395
-6391
-6386
-6381
-6377
-6372
-6367
-6362
-6357
-6352
-6347
-6342
-6337
-6331
-6326
-6320
-6315
-6309
-6304
-6298
-6292
-6286
-6280
-6274
-6268
-6262
-6255
-6249
-6243
-6236
-6230
-6223
-6216
-6210
-6203
-6196
-6189
-6182
-6175
-6168
-6160
-6153
-6146
-6138
-6131
-6123
-6115
-6108
-6100
-6092
-6084
-6076
-6068
-6059
-6051
-6043
-6034
-6026
-6017
-6009
-6000
-5991
-5982
-5973
-5964
-5955
-5946
-5937
-5927
-5918
-5909
-5899
-5890
-5880
-5870
-5860
-5850
-5840
-5830
-5820
-5810
-5800
-5789
-5779
-5768
-5758
-5747
-5737
-5726
-5715
-5704
-5693
-5682
-5671
-5659
-5648
-5637
-5625
-5614
-5602
-5590
-5579
-5567
-5555
-5543
-5531
-5519
-5506
-5494
-5482
-5469
-5457
-5444
-5431
-5419
-5406
-5393
-5380
-5367
-5354
-5341
-5327
-5314
-5300
-5287
-5273
-5260
-5246
-5232
-5218
-5204
-5190
-5176
-5162
-5148
-5133
-5119
-5104
-5090
-5075
-5060
-5046
-5031
-5016
-5001
-4986
-4971
-4955
-4940
-4925
-4909
-4894
-4878
-4862
-4846
-4831
-4815
-4799
-4782
-4766
-4750
-4734
-4717
-4701
-4684
-4668
-4651
-4634
-4617
-4600
-4583
-4566
-4549
-4532
-4515
-4497
-4480
-4462
-4445
-4427
-4409
-4391
-4373
-4355
-4337
-4319
-4301
-4283
-4264
-4246
-4227
-4209
-4190
-4171
-4152
-4134
-4115
-4095
-4076
-4057
-4038
-4018
-3999
-3980
-3960
-3940
-3921
-3901
-3881
-3861
-3841
-3821
-3801
-3780
-3760
-3739
-3719
-3698
-3678
-3657
-3636
-3615
-3594
-3573
-3552
-3531
-3510
-3489
-3467
-3446
-3424
-3403
-3381
-3359
-3337
-3315
-3293
-3271
-3249
-3227
-3205
-3182
-3160
-3137
-3115
-3092
-3069
-3046
-3024
-3001
-2978
-2954
-2931
-2908
-2885
-2861
-2838
-2814
-2791
-2767
-2743
-2719
-2695
-2671
-2647
-2623
-2599
-2575
-2550
-2526
-2501
-2477
-2452
-2427
-2403
-2378
-2353
-2328
-2303
-2278
-2252
-2227
-2202
-2176
-2151
-2125
-2099
-2074
-2048
-2022
-1996
-1970
-1944
-1918
-1891
-1865
-1839
-1812
-1786
-1759
-1733
-1706
-1679
-1652
-1625
-1598
-1571
-1544
-1517
-1489
-1462
-1435
-1407
-1379
-1352
-1324
-1296
-1268
-1240
-1212
-1184
-1156
-1128
-1100
-1071
-1043
-1015
-986
-957
-929
-900
-871
-842
-813
-784
-755
-726
-697
-667
-638
-609
-579
-549
-520
-490
-460
-431
-401
-371
-341
-310
-280
-250
-220
-189
-159
-128
-98
-67
-36
-6
25
56
87
118
149
180
212
243
274
306
337
369
400
432
464
495
527
559
591
623
655
688
720
752
785
817
850
882
915
947
980
1013
1046
1079
1112
1145
1178
1211
1244
1278
1311
1345
1378
1412
1445
1479
1513
1546
1580
1614
1648
1682
1716
1750
1785
1819
1853
1887
1922
1956
1991
2026
2060
2095
2130
2165
2199
2234
2269
2305
2340
2375
2410
2445
2481
2516
2552
2587
2623
2658
2694
2730
2766
2801
2837
2873
2909
2945
2982
3018
3054
3090
3127
3163
3199
3236
3272
3309
3346
3382
3419
3456
3493
3530
3567
3604
3641
3678
3715
3752
3790
3827
3864
3902
3939
3977
4014
4052
4090
4127
4165
4203
4241
4279
4317
4355
4393
4431
4469
4507
4546
4584
4622
4661
4699
4738
4776
4815
4854
4892
4931
4970
5009
5047
5086
5125
5164
5203
5242
5281
5321
5360
5399
5438
5478
5517
5557
5596
5636
5675
5715
5754
5794
5834
5874
5913
5953
5993
6033
6073
6113
6153
6193
6233
6274
6314
6354
6394
6435
6475
6516
6556
6596
6637
6678
6718
6759
6799
6840
6881
6922
6963
7003
7044
7085
7126
7167
7208
7249
7290
7332
7373
7414
7455
7497
7538
7579
7621
7662
7703
7745
7786
7828
7870
7911
7953
7994
8036
8078
8120
8161
8203
8245
8287
8329
8371
8413
8455
8497
8539
8581
8623
8665
8708
8750
8792
8834
8877
8919
8961
9004
9046
9088
9131
9173
9216
9258
9301
9344
9386
9429
9471
9514
9557
9600
9642
9685
9728
9771
9813
9856
9899
9942
9985
10028
10071
10114
10157
10200
10243
10286
10329
10372
10415
10459
10502
10545
10588
10631
10675
10718
10761
10805
10848
10891
10935
10978
11021
11065
11108
11152
11195
11238
11282
11325
11369
11412
11456
11500
11543
11587
11630
11674
11718
11761
11805
11848
11892
11936
11980
12023
12067
12111
12154
12198
12242
12286
12329
12373
12417
12461
12505
12549
12592
12636
12680
12724
12768
12812
12856
12899
12943
12987
13031
13075
13119
13163
13207
13251
13295
13339
13383
13427
13470
13514
13558
13602
13646
13690
13734
13778
13822
13866
13910
13954
13998
14042
14086
14130
14174
14218
14262
14306
14350
14394
14438
14482
14526
14570
14614
14658
14702
14746
14790
14834
14878
14922
14966
15010
15054
15098
15141
15185
15229
15273
15317
15361
15405
15449
15493
15537
15581
15624
15668
15712
15756
15800
15844
15887
15931
15975
16019
16063
16106
16150
16194
16238
16281
16325
16369
16412
16456
16500
16543
16587
16631
16674
16718
16761
16805
16849
16892
16936
16979
17023
17066
17110
17153
17197
17240
17283
17327
17370
17413
17457
17500
17543
17587
17630
17673
17716
17760
17803
17846
17889
17932
17975
18018
18062
18105
18148
18191
18234
18277
18319
18362
18405
18448
18491
18534
18577
18619
18662
18705
18748
18790
18833
18876
18918
18961
19003
19046
19088
19131
19173
19216
19258
19300
19343
19385
19427
19469
19512
19554
19596
19638
19680
19722
19764
19806
19848
19890
19932
19974
20016
20058
20100
20141
20183
20225
20266
20308
20350
20391
20433
20474
20516
20557
20598
20640
20681
20722
20764
20805
20846
20887
20928
20969
21010
21051
21092
21133
21174
21215
21256
21296
21337
21378
21419
21459
21500
21540
21581
21621
21661
21702
21742
21782
21823
21863
21903
21943
21983
22023
22063
22103
22143
22183
22223
22262
22302
22342
22381
22421
22460
22500
22539
22579
22618
22657
22697
22736
22775
22814
22853
22892
22931
22970
23009
23048
23087
23125
23164
23203
23241
23280
23318
23357
23395
23433
23472
23510
23548
23586
23624
23662
23700
23738
23776
23814
23851
23889
23927
23964
24002
24039
24077
24114
24151
24189
24226
24263
24300
24337
24374
24411
24448
24485
24521
24558
24595
24631
24668
24704
24741
24777
24813
24849
24886
24922
24958
24994
25030
25065
25101
25137
25173
25208
25244
25279
25315
25350
25385
25421
25456
25491
25526
25561
25596
25631
25666
25700
25735
25770
25804
25839
25873
25907
25942
25976
26010
26044
26078
26112
26146
26180
26214
26247
26281
26314
26348
26381
26415
26448
26481
26514
26547
26580
26613
26646
26679
26712
26744
26777
26809
26842
26874
26906
26939
26971
27003
27035
27067
27099
27130
27162
27194
27225
27257
27288
27320
27351
27382
27413
27444
27475
27506
27537
27568
27598
27629
27660
27690
27720
27751
27781
27811
27841
27871
27901
27931
27961
27990
28020
28049
28079
28108
28138
28167
28196
28225
28254
28283
28312
28340
28369
28398
28426
28455
28483
28511
28539
28567
28595
28623
28651
28679
28707
28734
28762
28789
28817
28844
28871
28898
28925
28952
28979
29006
29032
29059
29086
29112
29138
29165
29191
29217
29243
29269
29295
29320
29346
29372
29397
29423
29448
29473
29498
29523
29548
29573
29598
29623
29648
29672
29697
29721
29745
29769
29793
29817
29841
29865
29889
29913
29936
29960
29983
30006
30030
30053
30076
30099
30122
30144
30167
30190
30212
30235
30257
30279
30301
30323
30345
30367
30389
30410
30432
30453
30475
30496
30517
30539
30560
30580
30601
30622
30643
30663
30684
30704
30724
30745
30765
30785
30804
30824
30844
30864
30883
30903
30922
30941
30960
30979
30998
31017
31036
31055
31073
31092
31110
31128
31146
31164
31182
31200
31218
31236
31253
31271
31288
31306
31323
31340
31357
31374
31391
31407
31424
31441
31457
31473
31490
31506
31522
31538
31553
31569
31585
31600
31616
31631
31646
31661
31677
31691
31706
31721
31736
31750
31765
31779
31793
31807
31821
31835
31849
31863
31877
31890
31903
31917
31930
31943
31956
31969
31982
31995
32007
32020
32032
32045
32057
32069
32081
32093
32105
32116
32128
32139
32151
32162
32173
32184
32195
32206
32217
32228
32238
32249
32259
32269
32280
32290
32300
32309
32319
32329
32338
32348
32357
32366
32375
32384
32393
32402
32411
32419
32428
32436
32445
32453
32461
32469
32477
32485
32492
32500
32507
32515
32522
32529
32536
32543
32550
32557
32563
32570
32576
32582
32589
32595
32601
32606
32612
32618
32624
32629
32634
32640
32645
32650
32655
32660
32664
32669
32673
32678
32682
32686
32690
32694
32698
32702
32706
32709
32713
32716
32719
32722
32725
32728
32731
32734
32736
32739
32741
32744
32746
32748
32750
32752
32753
32755
32757
32758
32759
32761
32762
32763
32764
32764
32765
32766
32766
32767
32767
32767
32767
32767
32767
32767
32766
32766
32765
32764
32764
32763
32762
32761
32759
32758
32757
32755
32753
32752
32750
32748
32746
32744
32741
32739
32736
32734
32731
32728
32725
32722
32719
32716
32713
32709
32706
32702
32698
32694
32690
32686
32682
32678
32673
32669
32664
32660
32655
32650
32645
32640
32634
32629
32624
32618
32612
32606
32601
32595
32589
32582
32576
32570
32563
32557
32550
32543
32536
32529
32522
32515
32507
32500
32492
32485
32477
32469
32461
32453
32445
32436
32428
32419
32411
32402
32393
32384
32375
32366
32357
32348
32338
32329
32319
32309
32300
32290
32280
32269
32259
32249
32238
32228
32217
32206
32195
32184
32173
32162
32151
32139
32128
32116
32105
32093
32081
32069
32057
32045
32032
32020
32007
31995
31982
31969
31956
31943
31930
31917
31903
31890
31877
31863
31849
31835
31821
31807
31793
31779
31765
31750
31736
31721
31706
31691
31677
31661
31646
31631
31616
31600
31585
31569
31553
31538
31522
31506
31490
31473
31457
31441
31424
31407
31391
31374
31357
31340
31323
31306
31288
31271
31253
31236
31218
31200
31182
31164
31146
31128
31110
31092
31073
31055
31036
31017
30998
30979
30960
30941
30922
30903
30883
30864
30844
30824
30804
30785
30765
30745
30724
30704
30684
30663
30643
30622
30601
30580
30560
30539
30517
30496
30475
30453
30432
30410
30389
30367
30345
30323
30301
30279
30257
30235
30212
30190
30167
30144
30122
30099
30076
30053
30030
30006
29983
29960
29936
29913
29889
29865
29841
29817
29793
29769
29745
29721
29697
29672
29648
29623
29598
29573
29548
29523
29498
29473
29448
29423
29397
29372
29346
29320
29295
29269
29243
29217
29191
29165
29138
29112
29086
29059
29032
29006
28979
28952
28925
28898
28871
28844
28817
28789
28762
28734
28707
28679
28651
28623
28595
28567
28539
28511
28483
28455
28426
28398
28369
28340
28312
28283
28254
28225
28196
28167
28138
28108
28079
28049
28020
27990
27961
27931
27901
27871
27841
27811
27781
27751
27720
27690
27660
27629
27598
27568
27537
27506
27475
27444
27413
27382
27351
27320
27288
27257
27225
27194
27162
27130
27099
27067
27035
27003
26971
26939
26906
26874
26842
26809
26777
26744
26712
26679
26646
26613
26580
26547
26514
26481
26448
26415
26381
26348
26314
26281
26247
26214
26180
26146
26112
26078
26044
26010
25976
25942
25907
25873
25839
25804
25770
25735
25700
25666
25631
25596
25561
25526
25491
25456
25421
25385
25350
25315
25279
25244
25208
25173
25137
25101
25065
25030
24994
24958
24922
24886
24849
24813
24777
24741
24704
24668
24631
24595
24558
24521
24485
24448
24411
24374
24337
24300
24263
24226
24189
24151
24114
24077
24039
24002
23964
23927
23889
23851
23814
23776
23738
23700
23662
23624
23586
23548
23510
23472
23433
23395
23357
23318
23280
23241
23203
23164
23125
23087
23048
23009
22970
22931
22892
22853
22814
22775
22736
22697
22657
22618
22579
22539
22500
22460
22421
22381
22342
22302
22262
22223
22183
22143
22103
22063
22023
21983
21943
21903
21863
21823
21782
21742
21702
21661
21621
21581
21540
21500
21459
21419
21378
21337
21296
21256
21215
21174
21133
21092
21051
21010
20969
20928
20887
20846
20805
20764
20722
20681
20640
20598
20557
20516
20474
20433
20391
20350
20308
20266
20225
20183
20141
20100
20058
20016
19974
19932
19890
19848
19806
19764
19722
19680
19638
19596
19554
19512
19469
19427
19385
19343
19300
19258
19216
19173
19131
19088
19046
19003
18961
18918
18876
18833
18790
18748
18705
18662
18619
18577
18534
18491
18448
18405
18362
18319
18277
18234
18191
18148
18105
18062
18018
17975
17932
17889
17846
17803
17760
17716
17673
17630
17587
17543
17500
17457
17413
17370
17327
17283
17240
17197
17153
17110
17066
17023
16979
16936
16892
16849
16805
16761
16718
16674
16631
16587
16543
16500
16456
16412
16369
16325
16281
16238
16194
16150
16106
16063
16019
15975
15931
15887
15844
15800
15756
15712
15668
15624
15581
15537
15493
15449
15405
15361
15317
15273
15229
15185
15141
15098
15054
15010
14966
14922
14878
14834
14790
14746
14702
14658
14614
14570
14526
14482
14438
14394
14350
14306
14262
14218
14174
14130
14086
14042
13998
13954
13910
13866
13822
13778
13734
13690
13646
13602
13558
13514
13470
13427
13383
13339
13295
13251
13207
13163
13119
13075
13031
12987
12943
12899
12856
12812
12768
12724
12680
12636
12592
12549
12505
12461
12417
12373
12329
12286
12242
12198
12154
12111
12067
12023
11980
11936
11892
11848
11805
11761
11718
11674
11630
11587
11543
11500
11456
11412
11369
11325
11282
11238
11195
11152
11108
11065
11021
10978
10935
10891
10848
10805
10761
10718
10675
10631
10588
10545
10502
10459
10415
10372
10329
10286
10243
10200
10157
10114
10071
10028
9985
9942
9899
9856
9813
9771
9728
9685
9642
9600
9557
9514
9471
9429
9386
9344
9301
9258
9216
9173
9131
9088
9046
9004
8961
8919
8877
8834
8792
8750
8708
8665
8623
8581
8539
8497
8455
8413
8371
8329
8287
8245
8203
8161
8120
8078
8036
7994
7953
7911
7870
7828
7786
7745
7703
7662
7621
7579
7538
7497
7455
7414
7373
7332
7290
7249
7208
7167
7126
7085
7044
7003
6963
6922
6881
6840
6799
6759
6718
6678
6637
6596
6556
6516
6475
6435
6394
6354
6314
6274
6233
6193
6153
6113
6073
6033
5993
5953
5913
5874
5834
5794
5754
5715
5675
5636
5596
5557
5517
5478
5438
5399
5360
5321
5281
5242
5203
5164
5125
5086
5047
5009
4970
4931
4892
4854
4815
4776
4738
4699
4661
4622
4584
4546
4507
4469
4431
4393
4355
4317
4279
4241
4203
4165
4127
4090
4052
4014
3977
3939
3902
3864
3827
3790
3752
3715
3678
3641
3604
3567
3530
3493
3456
3419
3382
3346
3309
3272
3236
3199
3163
3127
3090
3054
3018
2982
2945
2909
2873
2837
2801
2766
2730
2694
2658
2623
2587
2552
2516
2481
2445
2410
2375
2340
2305
2269
2234
2199
2165
2130
2095
2060
2026
1991
1956
1922
1887
1853
1819
1785
1750
1716
1682
1648
1614
1580
1546
1513
1479
1445
1412
1378
1345
1311
1278
1244
1211
1178
1145
1112
1079
1046
1013
980
947
915
882
850
817
785
752
720
688
655
623
591
559
527
495
464
432
400
369
337
306
274
243
212
180
149
118
87
56
25
-6
-36
-67
-98
-128
-159
-189
-220
-250
-280
-310
-341
-371
-401
-431
-460
-490
-520
-549
-579
-609
-638
-667
-697
-726
-755
-784
-813
-842
-871
-900
-929
-957
-986
-1015
-1043
-1071
-1100
-1128
-1156
-1184
-1212
-1240
-1268
-1296
-1324
-1352
-1379
-1407
-1435
-1462
-1489
-1517
-1544
-1571
-1598
-1625
-1652
-1679
-1706
-1733
-1759
-1786
-1812
-1839
-1865
-1891
-1918
-1944
-1970
-1996
-2022
-2048
-2074
-2099
-2125
-2151
-2176
-2202
-2227
-2252
-2278
-2303
-2328
-2353
-2378
-2403
-2427
-2452
-2477
-2501
-2526
-2550
-2575
-2599
-2623
-2647
-2671
-2695
-2719
-2743
-2767
-2791
-2814
-2838
-2861
-2885
-2908
-2931
-2954
-2978
-3001
-3024
-3046
-3069
-3092
-3115
-3137
-3160
-3182
-3205
-3227
-3249
-3271
-3293
-3315
-3337
-3359
-3381
-3403
-3424
-3446
-3467
-3489
-3510
-3531
-3552
-3573
-3594
-3615
-3636
-3657
-3678
-3698
-3719
-3739
-3760
-3780
-3801
-3821
-3841
-3861
-3881
-3901
-3921
-3940
-3960
-3980
-3999
-4018
-4038
-4057
-4076
-4095
-4115
-4134
-4152
-4171
-4190
-4209
-4227
-4246
-4264
-4283
-4301
-4319
-4337
-4355
-4373
-4391
-4409
-4427
-4445
-4462
-4480
-4497
-4515
-4532
-4549
-4566
-4583
-4600
-4617
-4634
-4651
-4668
-4684
-4701
-4717
-4734
-4750
-4766
-4782
-4799
-4815
-4831
-4846
-4862
-4878
-4894
-4909
-4925
-4940
-4955
-4971
-4986
-5001
-5016
-5031
-5046
-5060
-5075
-5090
-5104
-5119
-5133
-5148
-5162
-5176
-5190
-5204
-5218
-5232
-5246
-5260
-5273
-5287
-5300
-5314
-5327
-5341
-5354
-5367
-5380
-5393
-5406
-5419
-5431
-5444
-5457
-5469
-5482
-5494
-5506
-5519
-5531
-5543
-5555
-5567
-5579
-5590
-5602
-5614
-5625
-5637
-5648
-5659
-5671
-5682
-5693
-5704
-5715
-5726
-5737
-5747
-5758
-5768
-5779
-5789
-5800
-5810
-5820
-5830
-5840
-5850
-5860
-5870
-5880
-5890
-5899
-5909
-5918
-5927
-5937
-5946
-5955
-5964
-5973
-5982
-5991
-6000
-6009
-6017
-6026
-6034
-6043
-6051
-6059
-6068
-6076
-6084
-6092
-6100
-6108
-6115
-6123
-6131
-6138
-6146
-6153
-6160
-6168
-6175
-6182
-6189
-6196
-6203
-6210
-6216
-6223
-6230
-6236
-6243
-6249
-6255
-6262
-6268
-6274
-6280
-6286
-6292
-6298
-6304
-6309
-6315
-6320
-6326
-6331
-6337
-6342
-6347
-6352
-6357
-6362
-6367
-6372
-6377
-6381
-6386
-6391
-6395
-6399
-6404
-6408
-6412
-6416
-6420
-6424
-6428
-6432
-6436
-6440
-6443
-6447
-6451
-6454
-6457
-6461
-6464
-6467
-6470
-6473
-6476
-6479
-6482
-6485
-6487
-6490
-6493
-6495
-6498
-6500
-6502
-6504
-6507
-6509
-6511
-6513
-6515
-6516
-6518
-6520
-6521
-6523
-6525
-6526
-6527
-6529
-6530
-6531
-6532
-6533
-6534
-6535
-6536
-6537
-6537
-6538
-6539
-6539
-6540
-6540
-6540
-6541
-6541
-6541
-6541
-6541
-6541
-6541
-6541
-6540
-6540
-6540
-6539
-6539
-6538
-6538
-6537
-6536
-6535
-6534
-6533
-6532
-6531
-6530
-6529
-6528
-6527
-6525
-6524
-6522
-6521
-6519
-6517
-6516
-6514
-6512
-6510
-6508
-6506
-6504
-6502
-6500
-6497
-6495
-6493
-6490
-6488
-6485
-6482
-6480
-6477
-6474
-6471
-6468
-6465
-6462
-6459
-6456
-6453
-6450
-6446
-6443
-6439
-6436
-6432
-6429
-6425
-6421
-6417
-6414
-6410
-6406
-6402
-6398
-6394
-6389
-6385
-6381
-6376
-6372
-6368
-6363
-6359
-6354
-6349
-6344
-6340
-6335
-6330
-6325
-6320
-6315
-6310
-6305
-6299
-6294
-6289
-6283
-6278
-6273
-6267
-6261
-6256
-6250
-6244
-6239
-6233
-6227
-6221
-6215
-6209
-6203
-6196
-6190
-6184
-6178
-6171
-6165
-6158
-6152
-6145
-6139
-6132
-6125
-6119
-6112
-6105
-6098
-6091
-6084
-6077
-6070
-6063
-6056
-6048
-6041
-6034
-6026
-6019
-6011
-6004
-5996
-5989
-5981
-5973
-5966
-5958
-5950
-5942
-5934
-5926
-5918
-5910
-5902
-5894
-5885
-5877
-5869
-5861
-5852
-5844
-5835
-5827
-5818
-5809
-5801
-5792
-5783
-5775
-5766
-5757
-5748
-5739
-5730
-5721
-5712
-5703
-5693
-5684
-5675
-5666
-5656
-5647
-5638
-5628
-5619
-5609
-5599
-5590
-5580
-5570
-5561
-5551
-5541
-5531
-5521
-5511
-5501
-5491
-5481
-5471
-5461
-5451
-5441
-5431
-5420
-5410
-5400
-5389
-5379
-5368
-5358
-5347
-5337
-5326
-5315
-5305
-5294
-5283
-5272
-5262
-5251
-5240
-5229
-5218
-5207
-5196
-5185
-5174
-5162
-5151
-5140
-5129
-5118
-5106
-5095
-5083
-5072
-5061
-5049
-5038
-5026
-5015
-5003
-4991
-4980
-4968
-4956
-4944
-4933
-4921
-4909
-4897
-4885
-4873
-4861
-4849
-4837
-4825
-4813
-4801
-4789
-4777
-4764
-4752
-4740
-4728
-4715
-4703
-4690
-4678
-4666
-4653
-4641
-4628
-4616
-4603
-4590
-4578
-4565
-4552
-4540
-4527
-4514
-4501
-4489
-4476
-4463
-4450
-4437
-4424
-4411
-4398
-4385
-4372
-4359
-4346
-4333
-4320
-4307
-4294
-4280
-4267
-4254
-4241
-4227
-4214
-4201
-4187
-4174
-4161
-4147
-4134
-4120
-4107
-4093
-4080
-4066
-4053
-4039
-4026
-4012
-3998
-3985
-3971
-3957
-3944
-3930
-3916
-3902
-3888
-3875
-3861
-3847
-3833
-3819
-3805
-3791
-3777
-3763
-3750
-3736
-3722
-3708
-3693
-3679
-3665
-3651
-3637
-3623
-3609
-3595
-3581
-3566
-3552
-3538
-3524
-3510
-3495
-3481
-3467
-3452
-3438
-3424
-3410
-3395
-3381
-3366
-3352
-3338
-3323
-3309
-3294
-3280
-3266
-3251
-3237
-3222
-3208
-3193
-3179
-3164
-3149
-3135
-3120
-3106
-3091
-3077
-3062
-3047
-3033
-3018
-3003
-2989
-2974
-2959
-2945
-2930
-2915
-2901
-2886
-2871
-2857
-2842
-2827
-2812
-2798
-2783
-2768
-2753
-2738
-2724
-2709
-2694
-2679
-2664
-2650
-2635
-2620
-2605
-2590
-2576
-2561
-2546
-2531
-2516
-2501
-2486
-2471
-2457
-2442
-2427
-2412
-2397
-2382
-2367
-2352
-2337
-2323
-2308
-2293
-2278
-2263
-2248
-2233
-2218
-2203
-2188
-2173
-2159
-2144
-2129
-2114
-2099
-2084
-2069
-2054
-2039
-2024
-2009
-1994
-1979
-1965
-1950
-1935
-1920
-1905
-1890
-1875
-1860
-1845
-1830
-1815
-1801
-1786
-1771
-1756
-1741
-1726
-1711
-1696
-1682
-1667
-1652
-1637
-1622
-1607
-1592
-1578
-1563
-1548
-1533
-1518
-1503
-1489
-1474
-1459
-1444
-1429
-1415
-1400
-1385
-1370
-1355
-1341
-1326
-1311
-1297
-1282
-1267
-1252
-1238
-1223
-1208
-1194
-1179
-1164
-1150
-1135
-1120
-1106
-1091
-1076
-1062
-1047
-1033
-1018
-1004
-989
-974
-960
-945
-931
-916
-902
-887
-873
-858
-844
-830
-815
-801
-786
-772
-757
-743
-729
-714
-700
-686
-671
-657
-643
-629
-614
-600
-586
-572
-557
-543
-529
-515
-501
-487
-472
-458
-444
-430
-416
-402
-388
-374
-360
-346
-332
-318
-304
-290
-276
-262
-248
-234
-221
-207
-193
-179
-165
-152
-138
-124
-110
-97
-83
-69
-56
-42
-28
-15
-1
12
26
40
53
67
80
94
107
120
134
147
161
174
187
201
214
227
240
254
267
280
293
306
319
333
346
359
372
385
398
411
424
437
450
463
475
488
501
514
527
540
552
565
578
590
603
616
628
641
653
666
679
691
704
716
728
741
753
766
778
790
803
815
827
839
852
864
876
888
900
912
924
936
948
960
972
984
996
1008
1020
1032
1043
1055
1067
1079
1090
1102
1114
1125
1137
1149
1160
1172
1183
1195
1206
1218
1229
1240
1252
1263
1274
1285
1297
1308
1319
1330
1341
1352
1364
1375
1386
1397
1408
1418
1429
1440
1451
1462
1473
1484
1494
1505
1516
1526
1537
1547
1558
1569
1579
1590
1600
1610
1621
1631
1642
1652
1662
1672
1683
1693
1703
1713
1723
1733
1743
1753
1763
1773
1783
1793
1803
1813
1823
1832
1842
1852
1861
1871
1881
1890
1900
1909
1919
1928
1938
1947
1957
1966
1975
1985
1994
2003
2012
2021
2030
2040
2049
2058
2067
2076
2085
2093
2102
2111
2120
2129
2138
2146
2155
2164
2172
2181
2189
2198
2206
2215
2223
2232
2240
2248
2257
2265
2273
2281
2289
2298
2306
2314
2322
2330
2338
2346
2354
2362
2369
2377
2385
2393
2400
2408
2416
2423
2431
2438
2446
2453
2461
2468
2476
2483
2490
2498
2505
2512
2519
2526
2534
2541
2548
2555
2562
2569
2575
2582
2589
2596
2603
2610
2616
2623
2630
2636
2643
2649
2656
2662
2669
2675
2681
2688
2694
2700
2707
2713
2719
2725
2731
2737
2743
2749
2755
2761
2767
2773
2779
2784
2790
2796
2802
2807
2813
2818
2824
2829
2835
2840
2846
2851
2857
2862
2867
2872
2878
2883
2888
2893
2898
2903
2908
2913
2918
2923
2928
2933
2937
2942
2947
2951
2956
2961
2965
2970
2974
2979
2983
2988
2992
2996
3001
3005
3009
3013
3018
3022
3026
3030
3034
3038
3042
3046
3050
3054
3057
3061
3065
3069
3072
3076
3080
3083
3087
3090
3094
3097
3101
3104
3107
3111
3114
3117
3120
3123
3127
3130
3133
3136
3139
3142
3145
3148
3150
3153
3156
3159
3162
3164
3167
3169
3172
3175
3177
3180
3182
3185
3187
3189
3192
3194
3196
3198
3200
3203
3205
3207
3209
3211
3213
3215
3217
3219
3220
3222
3224
3226
3227
3229
3231
3232
3234
3236
3237
3239
3240
3241
3243
3244
3245
3247
3248
3249
3250
3251
3253
3254
3255
3256
3257
3258
3259
3259
3260
3261
3262
3263
3263
3264
3265
3265
3266
3266
3267
3267
3268
3268
3269
3269
3269
3270
3270
3270
3270
3271
3271
3271
3271
3271
3271
3271
3271
3271
3271
3270
3270
3270
3270
3269
3269
3269
3268
3268
3268
3267
3267
3266
3266
3265
3264
3264
3263
3262
3262
3261
3260
3259
3258
3257
3256
3255
3254
3253
3252
3251
3250
3249
3248
3247
3245
3244
3243
3242
3240
3239
3237
3236
3234
3233
3231
3230
3228
3227
3225
3223
3222
3220
3218
3216
3214
3213
3211
3209
3207
3205
3203
3201
3199
3197
3195
3192
3190
3188
3186
3184
3181
3179
3177
3174
3172
3169
3167
3165
3162
3159
3157
3154
3152
3149
3146
3144
3141
3138
3135
3133
3130
3127
3124
3121
3118
3115
3112
3109
3106
3103
3100
3097
3094
3090
3087
3084
3081
3077
3074
3071
3067
3064
3061
3057
3054
3050
3047
3043
3039
3036
3032
3029
3025
3021
3018
3014
3010
3006
3002
2999
2995
2991
2987
2983
2979
2975
2971
2967
2963
2959
2955
2950
2946
2942
2938
2934
2929
2925
2921
2916
2912
2908
2903
2899
2894
2890
2886
2881
2876
2872
2867
2863
2858
2853
2849
2844
2839
2835
2830
2825
2820
2816
2811
2806
2801
2796
2791
2786
2781
2776
2771
2766
2761
2756
2751
2746
2741
2735
2730
2725
2720
2715
2709
2704
2699
2693
2688
2683
2677
2672
2667
2661
2656
2650
2645
2639
2634
2628
2622
2617
2611
2606
2600
2594
2589
2583
2577
2571
2566
2560
2554
2548
2542
2537
2531
2525
2519
2513
2507
2501
2495
2489
2483
2477
2471
2465
2459
2453
2447
2441
2435
2428
2422
2416
2410
2404
2397
2391
2385
2379
2372
2366
2360
2353
2347
2341
2334
2328
2321
2315
2308
2302
2295
2289
2282
2276
2269
2263
2256
2250
2243
2236
2230
2223
2217
2210
2203
2196
2190
2183
2176
2170
2163
2156
2149
2142
2136
2129
2122
2115
2108
2101
2094
2088
2081
2074
2067
2060
2053
2046
2039
2032
2025
2018
2011
2004
1997
1990
1983
1976
1968
1961
1954
1947
1940
1933
1926
1918
1911
1904
1897
1890
1882
1875
1868
1861
1854
1846
1839
1832
1824
1817
1810
1802
1795
1788
1780
1773
1766
1758
1751
1744
1736
1729
1721
1714
1706
1699
1692
1684
1677
1669
1662
1654
1647
1639
1632
1624
1617
1609
1602
1594
1586
1579
1571
1564
1556
1549
1541
1533
1526
1518
1511
1503
1495
1488
1480
1473
1465
1457
1450
1442
1434
1427
1419
1411
1404
1396
1388
1380
1373
1365
1357
1350
1342
1334
1326
1319
1311
1303
1295
1288
1280
1272
1264
1257
1249
1241
1233
1226
1218
1210
1202
1195
1187
1179
1171
1163
1156
1148
1140
1132
1124
1117
1109
1101
1093
1085
1078
1070
1062
1054
1046
1039
1031
1023
1015
1007
999
992
984
976
968
960
953
945
937
929
921
913
906
898
890
882
874
866
859
851
843
835
827
820
812
804
796
788
781
773
765
757
749
742
734
726
718
710
703
695
687
679
671
664
656
648
640
633
625
617
609
602
594
586
578
571
563
555
547
540
532
524
517
509
501
493
486
478
470
463
455
447
440
432
424
417
409
401
394
386
378
371
363
356
348
340
333
325
318
310
302
295
287
280
272
265
257
250
242
235
227
220
212
205
197
190
182
175
167
160
152
145
137
130
123
115
108
100
93
86
78
71
64
56
49
42
34
27
20
12
5
-2
-9
-17
-24
-31
-38
-46
-53
-60
-67
-74
-82
-89
-96
-103
-110
-117
-125
-132
-139
-146
-153
-160
-167
-174
-181
-188
-195
-202
-209
-216
-223
-230
-237
-244
-251
-258
-265
-272
-279
-286
-292
-299
-306
-313
-320
-327
-334
-340
-347
-354
-361
-367
-374
-381
-388
-394
-401
-408
-414
-421
-428
-434
-441
-448
-454
-461
-467
-474
-480
-487
-494
-500
-507
-513
-520
-526
-532
-539
-545
-552
-558
-565
-571
-577
-584
-590
-596
-603
-609
-615
-621
-628
-634
-640
-646
-653
-659
-665
-671
-677
-683
-689
-696
-702
-708
-714
-720
-726
-732
-738
-744
-750
-756
-762
-768
-774
-780
-786
-791
-797
-803
-809
-815
-821
-826
-832
-838
-844
-849
-855
-861
-866
-872
-878
-883
-889
-895
-900
-906
-911
-917
-922
-928
-933
-939
-944
-950
-955
-961
-966
-972
-977
-982
-988
-993
-998
-1004
-1009
-1014
-1019
-1025
-1030
-1035
-1040
-1045
-1051
-1056
-1061
-1066
-1071
-1076
-1081
-1086
-1091
-1096
-1101
-1106
-1111
-1116
-1121
-1126
-1131
-1136
-1140
-1145
-1150
-1155
-1160
-1164
-1169
-1174
-1179
-1183
-1188
-1193
-1197
-1202
-1207
-1211
-1216
-1220
-1225
-1229
-1234
-1238
-1243
-1247
-1252
-1256
-1261
-1265
-1269
-1274
-1278
-1282
-1287
-1291
-1295
-1300
-1304
-1308
-1312
-1316
-1321
-1325
-1329
-1333
-1337
-1341
-1345
-1349
-1353
-1357
-1361
-1365
-1369
-1373
-1377
-1381
-1385
-1389
-1392
-1396
-1400
-1404
-1408
-1411
-1415
-1419
-1422
-1426
-1430
-1433
-1437
-1441
-1444
-1448
-1451
-1455
-1458
-1462
-1465
-1469
-1472
-1476
-1479
-1482
-1486
-1489
-1492
-1496
-1499
-1502
-1506
-1509
-1512
-1515
-1518
-1522
-1525
-1528
-1531
-1534
-1537
-1540
-1543
-1546
-1549
-1552
-1555
-1558
-1561
-1564
-1567
-1570
-1572
-1575
-1578
-1581
-1584
-1586
-1589
-1592
-1595
-1597
-1600
-1603
-1605
-1608
-1610
-1613
-1615
-1618
-1620
-1623
-1625
-1628
-1630
-1633
-1635
-1637
-1640
-1642
-1645
-1647
-1649
-1651
-1654
-1656
-1658
-1660
-1662
-1665
-1667
-1669
-1671
-1673
-1675
-1677
-1679
-1681
-1683
-1685
-1687
-1689
-1691
-1693
-1695
-1696
-1698
-1700
-1702
-1704
-1705
-1707
-1709
-1711
-1712
-1714
-1715
-1717
-1719
-1720
-1722
-1723
-1725
-1726
-1728
-1729
-1731
-1732
-1734
-1735
-1737
-1738
-1739
-1741
-1742
-1743
-1744
-1746
-1747
-1748
-1749
-1751
-1752
-1753
-1754
-1755
-1756
-1757
-1758
-1759
-1760
-1761
-1762
-1763
-1764
-1765
-1766
-1767
-1768
-1769
-1769
-1770
-1771
-1772
-1773
-1773
-1774
-1775
-1775
-1776
-1777
-1777
-1778
-1779
-1779
-1780
-1780
-1781
-1781
-1782
-1782
-1783
-1783
-1783
-1784
-1784
-1785
-1785
-1785
-1786
-1786
-1786
-1786
-1787
-1787
-1787
-1787
-1787
-1788
-1788
-1788
-1788
-1788
-1788
-1788
-1788
-1788
-1788
-1788
-1788
-1788
-1788
-1788
-1788
-1788
-1787
-1787
-1787
-1787
-1787
-1786
-1786
-1786
-1786
-1785
-1785
-1785
-1784
-1784
-1783
-1783
-1783
-1782
-1782
-1781
-1781
-1780
-1780
-1779
-1779
-1778
-1777
-1777
-1776
-1776
-1775
-1774
-1774
-1773
-1772
-1771
-1771
-1770
-1769
-1768
-1767
-1767
-1766
-1765
-1764
-1763
-1762
-1761
-1760
-1759
-1758
-1757
-1756
-1755
-1754
-1753
-1752
-1751
-1750
-1749
-1748
-1746
-1745
-1744
-1743
-1742
-1740
-1739
-1738
-1737
-1735
-1734
-1733
-1731
-1730
-1728
-1727
-1726
-1724
-1723
-1721
-1720
-1718
-1717
-1715
-1714
-1712
-1711
-1709
-1708
-1706
-1704
-1703
-1701
-1699
-1698
-1696
-1694
-1693
-1691
-1689
-1687
-1686
-1684
-1682
-1680
-1678
-1676
-1675
-1673
-1671
-1669
-1667
-1665
-1663
-1661
-1659
-1657
-1655
-1653
-1651
-1649
-1647
-1645
-1643
-1641
-1639
-1637
-1634
-1632
-1630
-1628
-1626
-1624
-1621
-1619
-1617
-1615
-1612
-1610
-1608
-1605
-1603
-1601
-1598
-1596
-1594
-1591
-1589
-1586
-1584
-1582
-1579
-1577
-1574
-1572
-1569
-1567
-1564
-1562
-1559
-1556
-1554
-1551
-1549
-1546
-1543
-1541
-1538
-1535
-1533
-1530
-1527
-1525
-1522
-1519
-1517
-1514
-1511
-1508
-1505
-1503
-1500
-1497
-1494
-1491
-1488
-1486
-1483
-1480
-1477
-1474
-1471
-1468
-1465
-1462
-1459
-1456
-1453
-1450
-1447
-1444
-1441
-1438
-1435
-1432
-1429
-1426
-1423
-1420
-1417
-1413
-1410
-1407
-1404
-1401
-1398
-1394
-1391
-1388
-1385
-1382
-1378
-1375
-1372
-1369
-1365
-1362
-1359
-1356
-1352
-1349
-1346
-1342
-1339
-1336
-1332
-1329
-1325
-1322
-1319
-1315
-1312
-1308
-1305
-1301
-1298
-1295
-1291
-1288
-1284
-1281
-1277
-1274
-1270
-1267
-1263
-1259
-1256
-1252
-1249
-1245
-1242
-1238
-1234
-1231
-1227
-1224
-1220
-1216
-1213
-1209
-1205
-1202
-1198
-1194
-1191
-1187
-1183
-1179
-1176
-1172
-1168
-1165
-1161
-1157
-1153
-1150
-1146
-1142
-1138
-1134
-1131
-1127
-1123
-1119
-1115
-1111
-1108
-1104
-1100
-1096
-1092
-1088
-1084
-1081
-1077
-1073
-1069
-1065
-1061
-1057
-1053
-1049
-1045
-1041
-1037
-1033
-1030
-1026
-1022
-1018
-1014
-1010
-1006
-1002
-998
-994
-990
-986
-982
-978
-974
-970
-965
-961
-957
-953
-949
-945
-941
-937
-933
-929
-925
-921
-917
-913
-908
-904
-900
-896
-892
-888
-884
-880
-876
-871
-867
-863
-859
-855
-851
-847
-842
-838
-834
-830
-826
-822
-817
-813
-809
-805
-801
-796
-792
-788
-784
-780
-775
-771
-767
-763
-759
-754
-750
-746
-742
-737
-733
-729
-725
-721
-716
-712
-708
-704
-699
-695
-691
-687
-682
-678
-674
-670
-665
-661
-657
-653
-648
-644
-640
-635
-631
-627
-623
-618
-614
-610
-606
-601
-597
-593
-588
-584
-580
-576
-571
-567
-563
-559
-554
-550
-546
-541
-537
-533
-529
-524
-520
-516
-511
-507
-503
-499
-494
-490
-486
-481
-477
-473
-469
-464
-460
-456
-452
-447
-443
-439
-434
-430
-426
-422
-417
-413
-409
-405
-400
-396
-392
-387
-383
-379
-375
-370
-366
-362
-358
-353
-349
-345
-341
-336
-332
-328
-324
-319
-315
-311
-307
-303
-298
-294
-290
-286
-281
-277
-273
-269
-265
-260
-256
-252
-248
-244
-239
-235
-231
-227
-223
-219
-214
-210
-206
-202
-198
-194
-189
-185
-181
-177
-173
-169
-164
-160
-156
-152
-148
-144
-140
-136
-132
-127
-123
-119
-115
-111
-107
-103
-99
-95
-91
-87
-83
-78
-74
-70
-66
-62
-58
-54
-50
-46
-42
-38
-34
-30
-26
-22
-18
-14
-10
-6
-2
2
6
10
14
18
22
26
29
33
37
41
45
49
53
57
61
65
69
72
76
80
84
88
92
96
99
103
107
111
115
119
122
126
130
134
138
141
145
149
153
156
160
164
168
171
175
179
182
186
190
194
197
201
205
208
212
216
219
223
226
230
234
237
241
244
248
252
255
259
262
266
269
273
277
280
284
287
291
294
298
301
305
308
312
315
318
322
325
329
332
336
339
342
346
349
353
356
359
363
366
369
373
376
379
383
386
389
393
396
399
402
406
409
412
415
419
422
425
428
431
434
438
441
444
447
450
453
457
460
463
466
469
472
475
478
481
484
487
490
493
496
499
502
505
508
511
514
517
520
523
526
529
532
535
538
541
543
546
549
552
555
558
561
563
566
569
572
575
577
580
583
586
588
591
594
596
599
602
604
607
610
612
615
618
620
623
626
628
631
633
636
638
641
644
646
649
651
654
656
659
661
664
666
668
671
673
676
678
681
683
685
688
690
692
695
697
699
702
704
706
709
711
713
715
718
720
722
724
726
729
731
733
735
737
739
742
744
746
748
750
752
754
756
758
760
762
764
766
768
770
772
774
776
778
780
782
784
786
788
790
792
794
795
797
799
801
803
805
806
808
810
812
814
815
817
819
820
822
824
826
827
829
831
832
834
836
837
839
840
842
844
845
847
848
850
851
853
854
856
857
859
860
862
863
865
866
867
869
870
872
873
874
876
877
878
880
881
882
884
885
886
887
889
890
891
892
894
895
896
897
898
900
901
902
903
904
905
906
907
909
910
911
912
913
914
915
916
917
918
919
920
921
922
923
923
924
925
926
927
928
929
930
931
931
932
933
934
935
935
936
937
938
938
939
940
941
941
942
943
943
944
945
945
946
947
947
948
948
949
950
950
951
951
952
952
953
953
954
954
955
955
956
956
957
957
957
958
958
959
959
959
960
960
960
961
961
961
962
962
962
963
963
963
963
963
964
964
964
964
964
965
965
965
965
965
965
965
966
966
966
966
966
966
966
966
966
966
966
966
966
966
966
966
966
966
966
966
966
966
966
965
965
965
965
965
965
965
964
964
964
964
964
963
963
963
963
962
962
962
962
961
961
961
960
960
960
959
959
959
958
958
957
957
957
956
956
955
955
954
954
954
953
953
952
952
951
950
950
949
949
948
948
947
947
946
945
945
944
944
943
942
942
941
940
940
939
938
938
937
936
935
935
934
933
932
932
931
930
929
929
928
927
926
925
924
924
923
922
921
920
919
918
917
916
916
915
914
913
912
911
910
909
908
907
906
905
904
903
902
901
900
899
898
897
896
895
893
892
891
890
889
888
887
886
885
883
882
881
880
879
878
876
875
874
873
872
870
869
868
867
865
864
863
862
860
859
858
856
855
854
852
851
850
848
847
846
844
843
842
840
839
838
836
835
833
832
830
829
828
826
825
823
822
820
819
817
816
814
813
811
810
808
807
805
804
802
801
799
798
796
795
793
791
790
788
787
785
783
782
780
779
777
775
774
772
770
769
767
765
764
762
760
759
757
755
754
752
750
748
747
745
743
742
740
738
736
735
733
731
729
727
726
724
722
720
719
717
715
713
711
709
708
706
704
702
700
698
697
695
693
691
689
687
685
683
682
680
678
676
674
672
670
668
666
664
662
661
659
657
655
653
651
649
647
645
643
641
639
637
635
633
631
629
627
625
623
621
619
617
615
613
611
609
607
605
603
601
599
597
595
593
591
589
587
584
582
580
578
576
574
572
570
568
566
564
562
559
557
555
553
551
549
547
545
543
541
538
536
534
532
530
528
526
523
521
519
517
515
513
511
508
506
504
502
500
498
495
493
491
489
487
485
482
480
478
476
474
472
469
467
465
463
461
458
456
454
452
450
447
445
443
441
439
436
434
432
430
427
425
423
421
419
416
414
412
410
407
405
403
401
399
396
394
392
390
387
385
383
381
378
376
374
372
370
367
365
363
361
358
356
354
352
349
347
345
343
340
338
336
334
331
329
327
325
322
320
318
316
313
311
309
307
304
302
300
298
295
293
291
289
287
284
282
280
278
275
273
271
269
266
264
262
260
257
255
253
251
248
246
244
242
239
237
235
233
231
228
226
224
222
219
217
215
213
210
208
206
204
202
199
197
195
193
191
188
186
184
182
179
177
175
173
171
168
166
164
162
160
157
155
153
151
149
146
144
142
140
138
136
133
131
129
127
125
123
120
118
116
114
112
110
107
105
103
101
99
97
95
92
90
88
86
84
82
80
77
75
73
71
69
67
65
63
61
58
56
54
52
50
48
46
44
42
40
37
35
33
31
29
27
25
23
21
19
17
15
13
11
9
7
5
2
0
-2
-4
-6
-8
-10
-12
-14
-16
-18
-20
-22
-24
-26
-28
-30
-32
-34
-36
-38
-40
-42
-44
-46
-47
-49
-51
-53
-55
-57
-59
-61
-63
-65
-67
-69
-71
-73
-75
-77
-78
-80
-82
-84
-86
-88
-90
-92
-94
-95
-97
-99
-101
-103
-105
-107
-109
-110
-112
-114
-116
-118
-120
-121
-123
-125
-127
-129
-130
-132
-134
-136
-138
-139
-141
-143
-145
-147
-148
-150
-152
-154
-155
-157
-159
-161
-162
-164
-166
-167
-169
-171
-173
-174
-176
-178
-179
-181
-183
-184
-186
-188
-190
-191
-193
-195
-196
-198
-199
-201
-203
-204
-206
-208
-209
-211
-212
-214
-216
-217
-219
-220
-222
-224
-225
-227
-228
-230
-231
-233
-235
-236
-238
-239
-241
-242
-244
-245
-247
-248
-250
-251
-253
-254
-256
-257
-259
-260
-262
-263
-265
-266
-267
-269
-270
-272
-273
-275
-276
-277
-279
-280
-282
-283
-284
-286
-287
-289
-290
-291
-293
-294
-295
-297
-298
-299
-301
-302
-303
-305
-306
-307
-309
-310
-311
-312
-314
-315
-316
-318
-319
-320
-321
-323
-324
-325
-326
-328
-329
-330
-331
-332
-334
-335
-336
-337
-338
-340
-341
-342
-343
-344
-345
-347
-348
-349
-350
-351
-352
-353
-354
-356
-357
-358
-359
-360
-361
-362
-363
-364
-365
-366
-367
-368
-369
-370
-372
-373
-374
-375
-376
-377
-378
-379
-380
-381
-382
-383
-383
-384
-385
-386
-387
-388
-389
-390
-391
-392
-393
-394
-395
-396
-396
-397
-398
-399
-400
-401
-402
-403
-403
-404
-405
-406
-407
-408
-408
-409
-410
-411
-412
-412
-413
-414
-415
-416
-416
-417
-418
-419
-419
-420
-421
-422
-422
-423
-424
-425
-425
-426
-427
-427
-428
-429
-429
-430
-431
-431
-432
-433
-433
-434
-435
-435
-436
-436
-437
-438
-438
-439
-439
-440
-441
-441
-442
-442
-443
-443
-444
-445
-445
-446
-446
-447
-447
-448
-448
-449
-449
-450
-450
-451
-451
-452
-452
-453
-453
-453
-454
-454
-455
-455
-456
-456
-456
-457
-457
-458
-458
-458
-459
-459
-460
-460
-460
-461
-461
-461
-462
-462
-462
-463
-463
-463
-464
-464
-464
-465
-465
-465
-466
-466
-466
-466
-467
-467
-467
-467
-468
-468
-468
-468
-469
-469
-469
-469
-469
-470
-470
-470
-470
-470
-470
-471
-471
-471
-471
-471
-471
-472
-472
-472
-472
-472
-472
-472
-472
-473
-473
-473
-473
-473
-473
-473
-473
-473
-473
-473
-473
-473
-473
-473
-473
-473
-473
-474
-474
-474
-474
-474
-474
-473
-473
-473
-473
-473
-473
-473
-473
-473
-473
-473
-473
-473
-473
-473
-473
-473
-473
-472
-472
-472
-472
-472
-472
-472
-472
-472
-471
-471
-471
-471
-471
-471
-470
-470
-470
-470
-470
-470
-469
-469
-469
-469
-469
-468
-468
-468
-468
-467
-467
-467
-467
-467
-466
-466
-466
-465
-465
-465
-465
-464
-464
-464
-464
-463
-463
-463
-462
-462
-462
-461
-461
-461
-460
-460
-460
-459
-459
-459
-458
-458
-458
-457
-457
-456
-456
-456
-455
-455
-454
-454
-454
-453
-453
-452
-452
-452
-451
-451
-450
-450
-449
-449
-449
-448
-448
-447
-447
-446
-446
-445
-445
-444
-444
-443
-443
-442
-442
-441
-441
-440
-440
-439
-439
-438
-438
-437
-437
-436
-435
-435
-434
-434
-433
-433
-432
-432
-431
-430
-430
-429
-429
-428
-427
-427
-426
-426
-425
-424
-424
-423
-423
-422
-421
-421
-420
-419
-419
-418
-417
-417
-416
-416
-415
-414
-414
-413
-412
-411
-411
-410
-409
-409
-408
-407
-407
-406
-405
-405
-404
-403
-402
-402
-401
-400
-400
-399
-398
-397
-397
-396
-395
-394
-394
-393
-392
-391
-391
-390
-389
-388
-388
-387
-386
-385
-384
-384
-383
-382
-381
-381
-380
-379
-378
-377
-376
-376
-375
-374
-373
-372
-372
-371
-370
-369
-368
-367
-367
-366
-365
-364
-363
-362
-362
-361
-360
-359
-358
-357
-356
-356
-355
-354
-353
-352
-351
-350
-349
-349
-348
-347
-346
-345
-344
-343
-342
-341
-340
-340
-339
-338
-337
-336
-335
-334
-333
-332
-331
-330
-329
-329
-328
-327
-326
-325
-324
-323
-322
-321
-320
-319
-318
-317
-316
-315
-314
-313
-313
-312
-311
-310
-309
-308
-307
-306
-305
-304
-303
-302
-301
-300
-299
-298
-297
-296
-295
-294
-293
-292
-291
-290
-289
-288
-287
-286
-285
-284
-283
-282
-281
-280
-279
-278
-277
-276
-275
-274
-273
-272
-271
-270
-269
-268
-267
-266
-265
-264
-263
-262
-261
-260
-259
-258
-257
-256
-255
-254
-253
-252
-250
-249
-248
-247
-246
-245
-244
-243
-242
-241
-240
-239
-238
-237
-236
-235
-234
-233
-232
-231
-230
-229
-227
-226
-225
-224
-223
-222
-221
-220
-219
-218
-217
-216
-215
-214
-213
-212
-211
-210
-208
-207
-206
-205
-204
-203
-202
-201
-200
-199
-198
-197
-196
-195
-194
-192
-191
-190
-189
-188
-187
-186
-185
-184
-183
-182
-181
-180
-179
-178
-176
-175
-174
-173
-172
-171
-170
-169
-168
-167
-166
-165
-164
-163
-161
-160
-159
-158
-157
-156
-155
-154
-153
-152
-151
-150
-149
-148
-146
-145
-144
-143
-142
-141
-140
-139
-138
-137
-136
-135
-134
-133
-132
-131
-129
-128
-127
-126
-125
-124
-123
-122
-121
-120
-119
-118
-117
-116
-115
-114
-112
-111
-110
-109
-108
-107
-106
-105
-104
-103
-102
-101
-100
-99
-98
-97
-96
-95
-94
-93
-91
-90
-89
-88
-87
-86
-85
-84
-83
-82
-81
-80
-79
-78
-77
-76
-75
-74
-73
-72
-71
-70
-69
-68
-67
-66
-65
-64
-63
-62
-61
-60
-59
-58
-57
-56
-54
-53
-52
-51
-50
-49
-48
-47
-46
-45
-44
-43
-42
-41
-40
-39
-38
-37
-36
-35
-34
-34
-33
-32
-31
-30
-29
-28
-27
-26
-25
-24
-23
-22
-21
-20
-19
-18
-17
-16
-15
-14
-13
-12
-11
-10
-9
-8
-7
-6
-5
-5
-4
-3
-2
-1
0
1
2
3
4
5
6
7
8
9
10
10
11
12
13
14
15
16
17
18
19
20
20
21
22
23
24
25
26
27
28
29
29
30
31
32
33
34
35
36
36
37
38
39
40
41
42
43
43
44
45
46
47
48
49
49
50
51
52
53
54
54
55
56
57
58
59
59
60
61
62
63
63
64
65
66
67
68
68
69
70
71
72
72
73
74
75
75
76
77
78
79
79
80
81
82
82
83
84
85
86
86
87
88
89
89
90
91
92
92
93
94
94
95
96
97
97
98
99
100
100
101
102
102
103
104
105
105
106
107
107
108
109
109
110
111
111
112
113
113
114
115
115
116
117
117
118
119
119
120
121
121
122
123
123
124
125
125
126
127
127
128
128
129
130
130
131
131
132
133
133
134
135
135
136
136
137
137
138
139
139
140
140
141
142
142
143
143
144
144
145
145
146
147
147
148
148
149
149
150
150
151
151
152
153
153
154
154
155
155
156
156
157
157
158
158
159
159
160
160
161
161
162
162
163
163
164
164
164
165
165
166
166
167
167
168
168
169
169
169
170
170
171
171
172
172
173
173
173
174
174
175
175
175
176
176
177
177
177
178
178
179
179
179
180
180
181
181
181
182
182
182
183
183
183
184
184
185
185
185
186
186
186
187
187
187
188
188
188
189
189
189
190
190
190
190
191
191
191
192
192
192
193
193
193
193
194
194
194
195
195
195
195
196
196
196
196
197
197
197
197
198
198
198
198
199
199
199
199
200
200
200
200
201
201
201
201
201
202
202
202
202
202
203
203
203
203
203
204
204
204
204
204
204
205
205
205
205
205
205
206
206
206
206
206
206
207
207
207
207
207
207
207
207
208
208
208
208
208
208
208
208
209
209
209
209
209
209
209
209
209
209
210
210
210
210
210
210
210
210
210
210
210
210
210
210
211
211
211
211
211
211
211
211
211
211
211
211
211
211
211
211
211
211
211
211
211
211
211
211
211
211
211
211
211
211
211
211
211
211
211
211
211
211
211
211
211
211
211
211
211
211
211
211
211
211
211
211
211
211
211
211
210
210
210
210
210
210
210
210
210
210
210
210
210
210
210
209
209
209
209
209
209
209
209
209
209
208
208
208
208
208
208
208
208
208
207
207
207
207
207
207
207
207
206
206
206
206
206
206
206
205
205
205
205
205
205
205
204
204
204
204
204
204
203
203
203
203
203
203
202
202
202
202
202
202
201
201
201
201
201
200
200
200
200
200
199
199
199
199
199
198
198
198
198
197
197
197
197
197
196
196
196
196
195
195
195
195
195
194
194
194
194
193
193
193
193
192
192
192
192
191
191
191
191
190
190
190
190
189
189
189
189
188
188
188
187
187
187
187
186
186
186
186
185
185
185
184
184
184
183
183
183
183
182
182
182
181
181
181
181
180
180
180
179
179
179
178
178
178
177
177
177
177
176
176
176
175
175
175
174
174
174
173
173
173
172
172
172
171
171
171
170
170
170
169
169
169
168
168
168
167
167
167
166
166
165
165
165
164
164
164
163
163
163
162
162
162
161
161
161
160
160
159
159
159
158
158
158
157
157
156
156
156
155
155
155
154
154
153
153
153
152
152
152
151
151
150
150
150
149
149
149
148
148
147
147
147
146
146
145
145
145
144
144
143
143
143
142
142
141
141
141
140
140
139
139
139
138
138
137
137
137
136
136
135
135
135
134
134
133
133
133
132
132
131
131
131
130
130
129
129
129
128
128
127
127
126
126
126
125
125
124
124
124
123
123
122
122
121
121
121
120
120
119
119
118
118
118
117
117
116
116
116
115
115
114
114
113
113
113
112
112
111
111
110
110
110
109
109
108
108
107
107
107
106
106
105
105
104
104
104
103
103
102
102
101
101
101
100
100
99
99
98
98
98
97
97
96
96
95
95
95
94
94
93
93
92
92
92
91
91
90
90
89
89
89
88
88
87
87
86
86
86
85
85
84
84
83
83
83
82
82
81
81
80
80
80
79
79
78
78
77
77
77
76
76
75
75
75
74
74
73
73
72
72
72
71
71
70
70
69
69
69
68
68
67
67
66
66
66
65
65
64
64
64
63
63
62
62
61
61
61
60
60
59
59
59
58
58
57
57
56
56
56
55
55
54
54
54
53
53
52
52
51
51
51
50
50
49
49
49
48
48
47
47
47
46
46
45
45
45
44
44
43
43
43
42
42
41
41
41
40
40
39
39
39
38
38
37
37
37
36
36
35
35
35
34
34
34
33
33
32
32
32
31
31
30
30
30
29
29
28
28
28
27
27
27
26
26
25
25
25
24
24
24
23
23
22
22
22
21
21
21
20
20
20
19
19
18
18
18
17
17
17
16
16
15
15
15
14
14
14
13
13
13
12
12
12
11
11
11
10
10
9
9
9
8
8
8
7
7
7
6
6
6
5
5
5
4
4
4
3
3
3
2
2
2
1
1
1
0
0
0
-1
-1
-1
-2
-2
-2
-3
-3
-3
-4
-4
-4
-5
-5
-5
-5
-6
-6
-6
-7
-7
-7
-8
-8
-8
-9
-9
-9
-9
-10
-10
-10
-11
-11
-11
-12
-12
-12
-13
-13
-13
-13
-14
-14
-14
-15
-15
-15
-15
-16
-16
-16
-17
-17
-17
-17
-18
-18
-18
-19
-19
-19
-19
-20
-20
-20
-20
-21
-21
-21
-22
-22
-22
-22
-23
-23
-23
-23
-24
-24
-24
-25
-25
-25
-25
-26
-26
-26
-26
-27
-27
-27
-27
-28
-28
-28
-28
-29
-29
-29
-29
-30
-30
-30
-30
-31
-31
-31
-31
-31
-32
-32
-32
-32
-33
-33
-33
-33
-34
-34
-34
-34
-34
-35
-35
-35
-35
-36
-36
-36
-36
-36
-37
-37
-37
-37
-38
-38
-38
-38
-38
-39
-39
-39
-39
-39
-40
-40
-40
-40
-40
-41
-41
-41
-41
-41
-42
-42
-42
-42
-42
-43
-43
-43
-43
-43
-44
-44
-44
-44
-44
-44
-45
-45
-45
-45
-45
-46
-46
-46
-46
-46
-46
-47
-47
-47
-47
-47
-47
-48
-48
-48
-48
-48
-48
-49
-49
-49
-49
-49
-49
-50
-50
-50
-50
-50
-50
-50
-51
-51
-51
-51
-51
-51
-51
-52
-52
-52
-52
-52
-52
-52
-53
-53
-53
-53
-53
-53
-53
-54
-54
-54
-54
-54
-54
-54
-54
-55
-55
-55
-55
-55
-55
-55
-55
-56
-56
-56
-56
-56
-56
-56
-56
-56
-57
-57
-57
-57
-57
-57
-57
-57
-57
-58
-58
-58
-58
-58
-58
-58
-58
-58
-58
-59
-59
-59
-59
-59
-59
-59
-59
-59
-59
-59
-59
-60
-60
-60
-60
-60
-60
-60
-60
-60
-60
-60
-60
-61
-61
-61
-61
-61
-61
-61
-61
-61
-61
-61
-61
-61
-61
-61
-62
-62
-62
-62
-62
-62
-62
-62
-62
-62
-62
-62
-62
-62
-62
-62
-62
-63
-63
-63
-63
-63
-63
-63
-63
-63
-63
-63
-63
-63
-63
-63
-63
-63
-63
-63
-63
-63
-63
-63
-63
-63
-64
-64
-64
-64
-64
-64
-64
-64
-64
-64
-64
-64
-64
-64
-64
-64
-64
-64
-64
-64
-64
-64
-64
-64
-64
-64
-64
-64
-64
-64
-64
-64
-64
-64
-64
-64
-64
-64
-64
-64
-64
-64
-64
-64
-64
-64
-64
-64
-64
-64
-64
-64
-64
-64
-64
-64
-64
-64
-64
-64
-64
-64
-64
-64
-64
-64
-64
-64
-64
-64
-64
-64
-64
-64
-64
-64
-64
-64
-64
-64
-64
-64
-64
-64
-64
-64
-64
-64
-64
-64
-64
-64
-64
-64
-64
-64
-64
-63
-63
-63
-63
-63
-63
-63
-63
-63
-63
-63
-63
-63
-63
-63
-63
-63
-63
-63
-63
-63
-63
-63
-63
-63
-63
-63
-62
-62
-62
-62
-62
-62
-62
-62
-62
-62
-62
-62
-62
-62
-62
-62
-62
-62
-62
-62
-62
-61
-61
-61
-61
-61
-61
-61
-61
-61
-61
-61
-61
-61
-61
-61
-61
-61
-60
-60
-60
-60
-60
-60
-60
-60
-60
-60
-60
-60
-60
-60
-60
-60
-59
-59
-59
-59
-59
-59
-59
-59
-59
-59
-59
-59
-59
-59
-58
-58
-58
-58
-58
-58
-58
-58
-58
-58
-58
-58
-58
-58
-57
-57
-57
-57
-57
-57
-57
-57
-57
-57
-57
-56
-56
-56
-56
-56
-56
-56
-56
-56
-56
-56
-56
-56
-55
-55
-55
-55
-55
-55
-55
-55
-55
-55
-55
-54
-54
-54
-54
-54
-54
-54
-54
-54
-54
-53
-53
-53
-53
-53
-53
-53
-53
-53
-53
-53
-53
-52
-52
-52
-52
-52
-52
-52
-52
-52
-52
-51
-51
-51
-51
-51
-51
-51
-51
-51
-50
-50
-50
-50
-50
-50
-50
-50
-50
-50
-50
-49
-49
-49
-49
-49
-49
-49
-49
-49
-49
-49
-48
-48
-48
-48
-48
-48
-48
-48
-47
-47
-47
-47
-47
-47
-47
-47
-47
-47
-46
-46
-46
-46
-46
-46
-46
-46
-46
-46
-45
-45
-45
-45
-45
-45
-45
-45
-45
-44
-44
-44
-44
-44
-44
-44
-44
-43
-43
-43
-43
-43
-43
-43
-43
-43
-43
-43
-42
-42
-42
-42
-42
-42
-42
-42
-42
-41
-41
-41
-41
-41
-41
-41
-40
-40
-40
-40
-40
-40
-40
-40
-40
-40
-39
-39
-39
-39
-39
-39
-39
-39
-39
-39
-39
-38
-38
-38
-38
-38
-38
-38
-37
-37
-37
-37
-37
-37
-37
-36
-36
-36
-36
-36
-36
-36
-36
-36
-36
-36
-36
-36
-35
-35
-35
-35
-35
-35
-35
-35
-35
-34
-34
-34
-34
-34
-34
-33
-33
-33
-33
-33
-33
-33
-33
-32
-32
-32
-32
-32
-32
-32
-32
-32
-32
-32
-32
-32
-32
-32
-31
-31
-31
-31
-31
-31
-30
-30
-30
-30
-30
-29
-29
-29
-29
-29
-29
-29
-29
-29
-29
-29
-29
-29
-29
-29
-29
-29
-29
-29
-28
-28
-28
-28
-28
-28
-27
-27
-27
-27
-26
-26
-26
-26
-26
-25
-25
-25
-25
-25
-25
-25
-25
-25
-25
-26
-26
-26
-26
-26
-26
-26
-26
-26
-25
-25
-25
-24
-24
-24
-23
-23
-23
-22
-22
-21
-21
-21
-21
-21
-21
-21
-21
-21
-22
-22
-23
-23
-23
-24
-24
-24
-25
-25
-25
-25
-24
-24
-23
-22
-22
-21
-19
-18
-17
-16
-14
-13
-12
-12
-11
-11
-11
-12
-13
-14
-16
-19
-22
-26
-30
-35
-40
-46
-52
-59
-66
-73
-80
-87
-94
-101
-107
-114
-119
-124
-129
-133
-136
-138
-139
-139
-139
-138
-136
-133
-129
-124
-119
