Nof lines PFIR coefficients: 512
Nof lines WG output:         1600
Nof lines PFIR output:       1600
Nof lines PFFT output:       800
-62
-20
-24
-27
-30
-34
-37
-41
-44
-47
-51
-53
-56
-58
-60
-62
-62
-63
-62
-61
-59
-57
-53
-49
-43
-37
-30
-22
-14
-4
6
17
29
42
54
68
81
95
108
122
135
147
159
170
180
189
197
203
207
209
210
208
204
198
190
179
166
150
132
111
89
64
37
9
-22
-53
-86
-119
-153
-187
-221
-254
-286
-317
-346
-373
-398
-420
-438
-452
-463
-469
-471
-468
-460
-446
-428
-404
-375
-340
-301
-256
-207
-153
-95
-33
31
99
168
239
310
382
452
522
589
653
713
768
818
861
898
927
948
960
963
956
939
912
874
826
768
700
621
533
436
331
218
99
-26
-156
-290
-425
-562
-698
-833
-964
-1091
-1211
-1323
-1427
-1520
-1601
-1668
-1722
-1760
-1781
-1785
-1771
-1738
-1687
-1616
-1526
-1417
-1290
-1144
-981
-802
-608
-401
-181
49
287
532
780
1030
1279
1525
1764
1995
2215
2421
2610
2779
2927
3052
3150
3220
3260
3268
3244
3185
3092
2964
2800
2601
2368
2101
1802
1472
1113
728
319
-111
-558
-1019
-1489
-1965
-2442
-2916
-3381
-3834
-4268
-4679
-5061
-5411
-5722
-5990
-6210
-6378
-6489
-6539
-6526
-6445
-6293
-6069
-5770
-5394
-4941
-4410
-3802
-3116
-2353
-1517
-609
369
1412
2517
3679
4894
6155
7458
8795
10161
11548
12948
14356
15762
17160
18541
19899
21224
22509
23748
24932
26055
27110
28091
28992
29807
30531
31160
31691
32119
32442
32659
32767
32767
32659
32442
32119
31691
31160
30531
29807
28992
28091
27110
26055
24932
23748
22509
21224
19899
18541
17160
15762
14356
12948
11548
10161
8795
7458
6155
4894
3679
2517
1412
369
-609
-1517
-2353
-3116
-3802
-4410
-4941
-5394
-5770
-6069
-6293
-6445
-6526
-6539
-6489
-6378
-6210
-5990
-5722
-5411
-5061
-4679
-4268
-3834
-3381
-2916
-2442
-1965
-1489
-1019
-558
-111
319
728
1113
1472
1802
2101
2368
2601
2800
2964
3092
3185
3244
3268
3260
3220
3150
3052
2927
2779
2610
2421
2215
1995
1764
1525
1279
1030
780
532
287
49
-181
-401
-608
-802
-981
-1144
-1290
-1417
-1526
-1616
-1687
-1738
-1771
-1785
-1781
-1760
-1722
-1668
-1601
-1520
-1427
-1323
-1211
-1091
-964
-833
-698
-562
-425
-290
-156
-26
99
218
331
436
533
621
700
768
826
874
912
939
956
963
960
948
927
898
861
818
768
713
653
589
522
452
382
310
239
168
99
31
-33
-95
-153
-207
-256
-301
-340
-375
-404
-428
-446
-460
-468
-471
-469
-463
-452
-438
-420
-398
-373
-346
-317
-286
-254
-221
-187
-153
-119
-86
-53
-22
9
37
64
89
111
132
150
166
179
190
198
204
208
210
209
207
203
197
189
180
170
159
147
135
122
108
95
81
68
54
42
29
17
6
-4
-14
-22
-30
-37
-43
-49
-53
-57
-59
-61
-62
-63
-62
-62
-60
-58
-56
-53
-51
-47
-44
-41
-37
-34
-30
-27
-24
-20
-62
36
91
-84
50
26
-43
-6
27
127
127
-45
127
44
10
43
4
8
76
73
73
41
-39
43
82
34
57
44
0
25
-21
51
-36
-33
-22
-113
74
27
-19
71
-60
8
2
26
26
-24
12
6
40
59
60
-24
16
-39
-35
13
78
-20
29
3
60
-34
14
36
60
79
16
-51
-19
-32
113
-13
45
5
51
-20
-47
-48
34
5
4
73
25
21
81
-22
43
48
2
22
-37
-36
17
44
123
-16
21
9
-70
-6
-64
49
-25
17
-10
26
-13
34
44
86
5
-78
-23
71
-33
54
18
74
-71
4
-39
127
48
72
-32
-7
1
60
1
43
-75
-2
-22
-54
34
25
14
-44
61
28
0
14
2
-62
1
-23
-29
-37
-10
-73
54
35
12
11
-21
56
7
-18
70
3
-12
0
-23
-35
121
83
26
-41
-24
5
47
-44
-87
-49
27
29
32
7
21
-8
50
-45
32
-23
-1
36
57
-35
67
41
10
4
4
0
14
15
48
78
33
4
39
21
-31
53
26
19
35
24
-27
6
7
-10
85
-25
-8
-18
-37
5
1
78
2
-33
81
65
3
-51
-6
6
25
2
32
30
-41
-28
-19
-9
-1
13
-116
-7
66
-33
53
28
12
21
-54
9
81
17
15
-19
11
23
31
-3
3
99
-84
108
27
55
-58
-12
1
31
-58
33
-39
16
41
27
59
56
-15
24
-27
-44
52
13
10
52
38
28
66
52
23
-17
-15
64
-56
12
-70
56
50
13
10
-93
38
-81
-86
16
-28
30
42
49
-17
32
17
48
36
51
7
7
56
-78
-9
-41
-4
40
48
-31
-7
19
0
26
30
-27
5
-78
62
-14
-39
2
-48
12
-11
106
61
-94
32
-47
2
20
45
1
80
-8
27
41
16
50
27
-21
-64
92
-13
17
37
18
-26
-7
7
76
-24
46
26
3
-32
1
9
-50
21
-22
9
27
-26
1
28
-66
57
116
54
-1
31
-31
93
53
46
-25
26
-11
0
-12
-31
-26
4
-60
39
8
43
24
34
-50
-31
-6
17
61
0
67
33
63
18
-15
-50
19
48
0
-10
0
-34
-8
5
15
10
39
17
90
26
90
-18
35
2
38
38
-80
-44
-49
30
76
-1
47
36
-32
30
-19
77
11
83
-5
38
10
-73
-29
39
10
-35
-14
23
-30
54
-15
90
-33
21
-52
-18
-13
30
53
26
-3
48
47
18
37
30
-29
45
-15
-13
20
0
7
38
57
4
27
3
23
32
-14
25
38
17
87
-13
-19
-62
52
50
9
51
21
25
18
32
17
127
-37
-66
-36
-34
-6
6
3
36
29
45
89
65
-42
-87
51
-66
16
14
108
10
-9
23
23
16
-13
-39
26
-44
-31
70
-5
7
51
0
57
-2
56
40
4
-24
-32
1
-6
-5
55
0
62
-10
54
-9
20
54
-5
-6
98
53
-6
40
-3
43
73
-56
57
75
15
87
19
-40
-81
-1
43
26
30
-12
19
-57
-20
-22
35
12
-37
12
-17
-16
50
18
30
51
20
36
42
63
33
73
14
11
85
-9
13
52
19
73
57
25
-20
37
-46
23
47
22
50
100
52
24
40
31
-43
-5
65
11
38
-30
16
38
-45
28
5
-27
11
-68
-78
-37
-29
-37
-61
25
-55
18
46
13
17
-3
-50
11
54
87
-6
-57
20
29
3
-36
99
-88
-9
-44
-14
26
19
-18
46
39
40
-5
58
41
120
58
62
15
-42
-3
-20
-11
36
-11
-25
-5
6
30
-28
26
16
69
4
7
-37
-46
26
2
34
-25
94
18
57
3
6
42
37
-35
-53
-34
-48
15
-5
-3
-45
46
32
9
56
-24
30
28
28
-18
27
-9
-25
-39
57
-23
5
-39
0
-125
-34
-48
-30
4
-1
96
-12
2
-54
-8
-44
14
49
30
-17
-57
75
100
18
-29
64
-12
-7
51
-46
-71
31
30
17
34
59
54
-11
47
20
-9
-38
40
-2
15
-21
-53
20
10
64
47
58
-19
-27
-41
34
127
44
-20
48
-35
-48
43
-20
26
73
30
52
-56
41
104
36
-53
4
-9
29
30
30
-3
-13
-12
49
-66
4
24
-15
33
10
-27
20
1
-5
-18
15
-66
-4
-10
-26
41
-19
36
54
6
25
40
9
36
-41
60
-29
-65
72
10
32
-3
-31
-118
40
1
4
30
-48
-18
62
38
-42
-81
-12
22
53
17
-35
26
-37
-28
-15
-40
1
-26
1
-7
-5
-9
65
39
15
-50
-57
-71
124
54
24
-29
-36
36
80
-59
-6
9
-72
49
-5
94
-4
30
-36
-14
-37
30
68
-13
31
-9
17
64
18
-31
-24
6
5
-24
21
67
2
4
-81
-20
-47
-4
35
78
90
8
-1
48
34
45
46
-50
36
9
-20
-17
67
-22
-40
22
99
14
26
-27
84
18
35
-28
49
29
-37
14
-6
17
2
5
-31
-1
46
87
-37
114
78
20
0
-17
48
-17
-7
51
31
51
34
-4
-9
47
-16
63
47
25
13
28
127
8
-54
95
39
-15
124
36
25
-20
-33
-63
-5
-32
40
-1
88
77
20
1
62
-36
42
-16
-4
-16
37
-20
-33
36
-5
28
-2
24
-97
33
92
57
52
3
21
23
17
-23
-2
5
-8
49
121
-44
18
-49
68
73
-58
96
-33
22
60
19
111
127
19
-69
-3
-23
-20
-35
16
103
-18
1
63
65
34
57
50
-3
31
0
-26
40
16
5
25
55
30
21
25
15
-20
46
73
-10
95
5
2
-25
-21
-28
28
81
35
49
70
-94
6
28
43
-43
-30
47
8
36
-28
-57
45
64
82
-53
-44
-50
11
-13
69
-49
-62
22
64
-21
-41
6
-57
14
48
22
-69
-10
0
90
52
10
69
-32
-2
73
77
44
34
-12
45
-23
37
25
61
-5
40
47
-26
19
81
18
0
32
1
32
7
12
32
71
32
83
-74
-6
23
-23
-42
39
39
25
30
-24
-8
8
-17
27
114
-8
40
-31
70
-29
22
-14
35
13
11
127
-14
11
127
-36
36
-33
57
27
41
1
23
76
-84
-57
31
-15
0
-51
-26
-4
-18
-24
-5
-27
70
-29
90
-3
-49
-14
53
58
20
25
40
-49
-12
-65
-6
53
43
110
20
-79
85
68
-12
22
46
29
43
8
11
17
-21
74
13
42
-24
-33
9
2
64
39
36
-49
-28
21
-2
68
70
-12
50
72
26
82
58
22
50
21
-5
28
14
-3
88
22
127
0
37
80
127
26
-21
47
-44
1
24
76
74
12
52
-1
41
95
19
0
-9
43
70
103
15
20
-14
82
10
-7
106
47
43
-30
31
35
-34
3
-4
35
-30
59
89
0
12
34
64
35
30
-8
3
39
85
37
-39
31
9
2
3
-25
-1
-21
-3
18
20
4
6
14
32
67
39
1
38
2
-63
-87
-60
3
-14
-18
15
-15
-14
39
46
117
26
15
-12
4
11
-62
2
45
-12
34
55
59
46
-84
-11
51
30
13
31
61
19
-20
5
4
51
30
36
19
-3
15
22
-47
20
52
8
80
37
-5
6
1
23
45
0
32
88
53
48
-22
-10
23
9
-57
-52
57
-20
101
-82
32
13
-19
30
-21
49
16
-57
-91
1
62
21
15
42
-47
74
-25
14
-3
19
-70
78
36
99
73
13
-27
-61
14
22
57
-28
47
16
-20
46
24
3
93
39
8
25
17
20
32
-13
-21
28
93
0
-30
3
-8
-1
33
7
-13
-6
-44
-24
-47
-9
-33
-17
0
-38
12
27
-28
60
-55
-4
-51
-2
-44
-12
-19
-38
-75
37
98
108
-8
11
-7
16
-26
-69
11
-39
-68
114
3
30
64
-59
30
34
16
20
-10
44
-23
-21
44
85
-4
-9
30
59
54
24
-14
40
9
72
-47
19
68
-8
-14
-27
1
4
19
-25
16
-13
-3
-23
1
127
127
62
46
-42
-12
-14
36
33
17
-2
-27
13
61
31
21
41
38
-56
14
-5
-74
-44
-1
48
3
24
-26
-79
17
-28
63
87
-3
64
53
-48
11
24
35
42
42
42
-1
29
-83
-37
64
-15
27
77
-25
-28
-8
32
4
-29
-54
-3
3
-10
2
-34
36
2
2
1
-3
-2
5
1
-5
-24
-26
10
-29
-10
-2
-11
-1
-2
-18
-17
-16
-8
8
-8
-14
-5
-8
-6
0
-3
2
-4
9
-1
13
-19
13
9
-20
-14
28
87
94
-41
95
41
5
34
-6
-8
44
59
48
35
-17
22
30
19
20
16
-7
10
-6
6
-19
-1
-37
23
-14
-12
28
51
-86
-196
-221
103
-197
-89
-17
-75
24
15
-90
-142
-120
-81
22
-55
-51
-47
-32
-26
17
-25
-2
-3
5
22
86
-54
22
9
-21
-121
200
396
471
-229
372
149
42
174
-49
-35
191
288
261
150
-20
120
109
79
53
41
-27
52
7
5
-7
-45
-179
82
-36
14
-4
248
-404
-713
-902
444
-647
-240
-84
-334
95
93
-346
-523
-493
-249
-9
-234
-195
-132
-79
-70
52
-94
-15
-4
12
99
321
-159
61
-67
50
-451
769
1285
1689
-814
1172
410
158
610
-175
-179
632
941
910
422
55
452
361
228
121
131
-98
168
35
17
-13
-185
-662
386
-175
112
-11
827
-1500
-2652
-3415
1579
-2469
-842
-311
-1209
321
343
-1277
-1799
-1761
-782
-90
-875
-726
-405
-229
-263
182
-306
-55
-43
26
4792
11841
-9792
5344
2243
-3802
-2171
5030
13972
14672
-5651
11565
3848
1035
3971
-548
-472
4469
5207
4876
2259
-446
2225
2264
1092
866
794
-354
656
49
160
-76
-4374
-2509
-14753
10110
4958
-5603
8477
-7342
6338
4414
932
11141
2377
897
3006
3438
4482
10344
5547
6679
3507
-7581
4340
12077
3883
8519
5858
948
2455
-3107
6794
-4525
10095
1960
-7068
-1263
-4891
14308
658
3483
-1964
4162
60
-6267
-8702
3830
971
3528
8427
5376
-4332
4129
-8336
1146
2858
7575
-4009
420
-1419
7897
-4043
3355
4092
7779
1152
-8317
-1210
-7771
6410
-711
32
487
4745
1281
-30
1371
5328
2115
-4404
-1779
10600
323
8010
9849
4695
510
4972
-2041
7762
-2466
-3340
781
6244
15038
-1815
2508
5536
-9937
259
-4599
-6074
1973
4676
1302
-4027
3103
7541
5460
8572
561
-11752
-2786
3293
-6132
1037
-1530
3517
-6296
921
-4196
13904
5164
11438
-4101
-2257
-97
7848
149
-27
-3149
-4806
14452
7455
4828
-4330
-2828
-2416
9800
-6142
-10635
-6288
208
-738
4320
-3532
394
-4008
1354
-10522
9160
3755
3115
136
-2112
3474
2385
-1031
9158
-140
-1567
157
1622
1933
7870
12111
2679
-1590
4014
4562
-3092
4365
-1608
-775
8370
4996
-1087
3767
1488
-953
9362
-4525
1750
-4690
-3201
5323
7865
-2044
8265
4708
1067
1043
536
-6642
-394
138
2325
267
6178
4727
-2831
-4021
-1970
1197
2826
3167
-10005
-99
1645
-4314
3586
763
8467
-102
-3666
-302
-1004
-758
-1412
8914
-928
-4661
10871
8197
387
12389
-10300
13437
4807
6009
-7393
-1496
-2177
3518
-7056
2708
-3387
554
-4320
1057
10215
1982
4847
3209
-2200
-713
-3880
699
10610
4316
3477
-2294
3032
4428
3164
-817
353
8448
-7884
2725
-8805
7856
4227
1804
1872
-6944
448
-4217
-9581
3986
4059
4687
5490
6628
-5424
4996
-1586
-2207
8753
3413
-1639
5457
4648
2196
7681
5449
3166
-1898
-1860
-3940
-347
1467
-670
3356
5133
-3104
834
-13551
8822
-9509
-7818
-1918
-8428
2085
3431
10412
4038
-2529
3577
4604
1804
5964
3856
392
8429
-9718
-1868
-5559
-1012
5406
6223
-2651
-8804
11534
-1695
2910
3795
1344
-2499
-1157
3465
11222
-3070
7428
-737
1425
-5602
8716
5368
-12357
3925
-8640
790
1966
3337
-255
9201
-1465
5020
7456
3022
6105
3341
-4031
11671
7478
5325
-3073
4518
-399
-1452
-2818
-4167
-2113
-1316
-5829
6992
-775
1999
-1990
1212
-3983
616
1041
990
4484
-3465
1768
2951
-6909
6314
13667
5963
-197
4026
40
-815
182
-2460
-917
-13
554
2059
5003
984
7701
2765
5132
-1899
4986
3447
7128
5725
-9045
-6122
-4850
3420
9472
595
9211
4582
8273
2644
-3203
-6239
2513
6171
-760
4438
1141
-10182
-3980
5078
2474
-3507
-1276
1861
2897
5133
4544
6494
-1661
550
-1490
2723
-8416
-2593
-1748
2744
7085
496
5010
4498
-5160
3153
-1759
11032
1322
10558
2718
533
1049
3502
5714
755
1075
-1939
3126
6319
-5623
6999
540
7604
2317
1955
-6483
-7212
4272
6725
6960
5685
-1280
7576
6513
1375
6664
5896
-4647
4178
-2234
-1873
-1018
194
269
5615
5506
4942
12159
7602
-4909
-8610
4683
-6392
3772
687
15933
-3102
339
-2697
3766
3923
-1243
2578
4492
-533
-455
6684
89
15139
-3325
-8565
-4182
-4232
7387
5528
667
-2917
-4181
1869
429
2695
4669
-3628
8788
-4011
5528
240
7918
7434
-3441
2152
7684
3599
-1527
-3622
1273
-3805
-1743
5459
1034
350
6415
1303
7439
-333
-10385
-547
4444
2423
2751
-2591
2702
-7820
214
-1232
3991
-155
26
384
-2290
229
5466
147
9540
7136
775
7112
1178
7627
10729
-5863
7130
10364
2287
10902
2254
-5029
2414
9534
8654
3923
-256
4439
-5557
820
2430
519
8304
9615
-721
1161
2516
2775
-317
1087
4747
5926
2203
2448
5379
7439
691
10919
823
-513
11052
-2370
1316
6719
-3734
-4404
-8329
2149
-8826
2540
4176
2888
5570
1701
-4608
7715
11313
9553
2656
-3384
-2178
1227
6371
-3449
9241
-8131
730
2690
-5597
1696
1091
-3136
292
-8304
-10020
-4924
7291
4563
14212
8410
7770
2456
-2228
-503
-3422
-2003
1917
-3887
-2378
4545
-1290
-895
479
3009
-642
1175
8708
-7580
-2169
-7603
-463
4069
2654
-2183
7625
6238
6003
-413
970
5846
6046
-4523
-5160
-3661
-7246
1280
436
-556
-2329
5239
2511
-598
3837
-891
-1501
5799
3071
6418
457
1103
-4891
-3986
4471
-1426
4408
-3865
10833
148
6626
213
-3904
355
-105
10590
-2702
-1035
-6099
877
-5861
1099
497
3196
-442
-2275
10805
6125
4713
-3363
5504
-3994
2270
712
-2919
-7680
7241
-1851
-436
-3877
-242
-14904
-4505
-6069
2485
-604
-4520
7118
-486
2320
-4757
-6971
1142
1822
9744
7748
3335
-8026
2106
5019
2224
7163
7730
-1346
916
5398
-7508
-5159
2438
4719
4456
4764
8547
7223
-1080
6245
4580
-7213
-247
-1827
3904
2620
3865
-1093
-720
-688
6387
-5036
5262
4831
-4098
-3618
4242
9274
4760
-1467
5254
-7553
-3092
4523
-3486
2076
7419
4061
5453
-7744
5512
13170
3229
5146
1768
4738
-4421
8250
-2153
-6120
5119
-775
4699
-3139
-3631
-8106
848
5095
-713
-3415
-1226
-1292
-705
2855
789
-11873
1482
-1136
-3016
4571
-2900
5668
6573
577
-1756
-4927
-704
-2493
-910
130
-2522
-5138
11476
5685
3484
-4381
-5589
-14462
12814
99
2946
3408
-6620
669
12631
482
-6043
-7535
-5766
4087
7475
3298
-4418
2818
-5169
-3521
-4871
3416
9018
-2420
3217
-1062
3301
8581
949
-1946
-2930
-1674
-5147
-3723
10332
12054
786
-5159
-5086
2532
3516
-6794
2094
4485
-3921
5722
-2393
11900
383
3924
-4168
-1849
4629
1476
-2268
-1217
8898
-3156
-4837
2573
11704
-915
1980
-2329
9962
-1616
-123
70
3394
4432
-12646
-2126
-5940
930
3605
8965
9576
-74
1622
6208
3874
6586
6325
-6342
-84
-2081
5399
-3742
-34
4993
1855
7464
6064
2197
173
2770
2959
7973
9393
-310
4856
2053
7141
2269
-256
4974
-231
-1872
-2745
918
5638
10576
-5507
13787
9714
2616
5215
-538
10624
10334
1914
2785
7557
-3757
5980
-4413
-71
2003
-682
1862
-3033
3194
308
5895
11610
1739
-11312
12187
8883
122
18472
4550
2875
-4112
-3436
-9361
-1109
-4196
-1112
6424
16107
-4928
2368
-7148
9090
6072
-4697
9387
-4521
-1151
9872
-1937
5773
11459
-1339
-3138
-3519
1331
-9039
-212
8808
9581
1620
-762
2966
5526
2661
-1357
233
773
4081
-85
-2245
4004
2584
758
4012
8360
-1063
7402
2237
5166
37
6748
14053
10604
9841
-6380
1305
-3760
-1226
-4670
2315
13173
-720
1702
9601
5813
4156
6994
6296
-518
-3938
6077
156
4499
-3529
-6631
4879
8064
10802
-5416
-3482
-5462
-723
1155
7479
-8949
3653
3447
1190
-3443
-3984
-2441
915
8418
5514
6032
6077
-12936
386
3815
5773
-5446
8748
-3733
631
9494
7399
2524
5274
1094
7149
-5421
718
-857
4232
-2058
7906
1798
-10151
2483
12976
-204
-4757
2322
-7198
124
5224
2403
-9262
1797
282
12028
5924
1354
3008
-3055
-5772
4455
8404
6417
3106
-3602
724
2074
2408
5301
14629
306
3918
2867
4222
312
3882
857
3747
3889
2194
8424
-128
968
7818
7903
4567
9822
-9298
-829
5180
-288
2655
10884
-11608
-8463
5120
-2293
-1654
-6019
-5898
-192
4433
-3381
4163
-7604
10475
-5188
9258
-1153
183
238
1422
14948
-1649
2682
15626
-6223
3979
-5521
7676
3611
5480
13553
2450
-9433
8791
7335
-1725
1736
5410
971
4055
844
-2890
180
-5681
5219
4948
-506
3261
-2327
-4865
-1869
9313
6296
4409
817
2231
-4836
-1802
-7005
-1039
6627
6391
9883
3688
7969
8100
3411
5296
3140
1508
3449
3280
-98
7911
2616
8919
6135
2181
9927
5163
-1632
1455
2173
4347
3085
2730
-4461
-2119
2943
194
8770
9428
-1482
2493
-28
-1448
7570
9339
11275
3122
2362
-2539
9184
1147
-202
14802
4744
13527
-3731
5524
6488
10430
3006
-3541
6750
-7423
2211
6463
10968
10432
1607
7682
-417
4821
12228
412
4823
10107
2872
-3365
7197
1231
1328
289
2473
368
-3053
5021
4658
127
-2281
1908
5666
-4897
1921
1724
2277
-615
5906
7373
-4117
-1694
4462
6773
4529
3863
-1340
-1742
5012
6830
15721
1036
-428
-1367
-949
625
-9357
67
2580
-2643
1734
7402
4765
1831
-7003
5026
10667
6172
751
5435
1775
-7823
-10366
-6287
-502
-1185
-2524
1934
-1726
       -11         0
         6         1
         3        -1
        -1        -2
        -2         4
         0        -1
         4         2
        -1        -2
        -1        -1
         0         4
         2         0
        -3        -3
         1         5
         2         0
        -2        -1
        -2         2
        36         0
       -17        -6
       -11         2
         7         9
         4       -12
         3         1
       -15        -5
         4         8
         8         3
         3       -14
        -8        -1
        11         8
        -4       -16
        -8         0
         5         4
         2       -11
       -83         0
        36        14
        20        -2
       -18       -26
       -10        25
        -9         0
        36        12
       -10       -20
       -20        -5
        -6        30
        20        -2
       -18       -20
         8        30
        19        -8
       -12       -10
         0        27
       171         0
       -72       -27
       -39        -2
        36        59
        25       -43
        21        -7
       -73       -24
        30        42
        37         5
        14       -61
       -41         3
        35        41
       -12       -60
       -36        20
        31        14
         0       -59
      -312         0
       127        50
        71        11
       -69      -111
       -48        73
       -40        25
       136        45
       -62       -79
       -61         0
       -25       112
        78        -9
       -62       -74
        19       106
        64       -44
       -62       -17
        -2       116
       571         0
      -230       -92
      -133       -23
       129       210
        91      -125
        71       -50
      -243       -82
       119       145
       102        -5
        45      -203
      -141        20
       114       134
       -29      -191
      -116        86
       119        23
         6      -220
     -1142         0
       460       215
       276        23
      -265      -418
      -190       255
      -128        99
       472       162
      -226      -299
      -208        -3
       -94       408
       277       -32
      -241      -266
        55       405
       249      -157
      -222       -52
       -19       424
      4995         0
     -1061     -1647
      -788       326
      1636      1479
      1544     -1348
       583      -705
     -1285      -485
      1221      1396
      2103       -36
      1228     -2282
      -442      -821
      1495      -149
      -246     -3051
     -1831      -623
      -170       -11
      -639     -1544
      5108         0
     -3000      1019
     -1728       691
     -1579      -192
       298     -1149
     -1286      3006
      -958       609
       529       812
       214      1697
       -27      -859
      1374      -993
      1881       447
      -669     -4278
     -1500     -3122
     -1217        -2
       555       203
      2738         0
       996       445
      1161       -67
     -1320      1064
      2723      2597
      -161       549
      2384       565
      2642       501
      -578      -481
     -1586       -11
      1428      -399
      -790       270
      2092       -70
      1256        59
      1150     -1151
      -203       230
      3771         0
     -1643      1396
        58       308
      -405      3074
     -1279       641
      -973      1654
     -1107      -866
       197      -473
      2795      -273
        15      -920
      1105      1083
     -1076       -79
      1477      1222
      -373      2236
      -246      2140
      -466       336
      1404         0
       308       590
     -2722      2213
       868       341
       726     -1021
      1610      3702
       716       934
     -2444      -860
        31        85
     -1620       281
      1556      1319
       459      -995
      1142      1302
      1234       345
       188       381
       707     -2533
       608         0
      1923      1016
      -361     -1355
     -1572      -878
      -729      1241
     -3215     -1064
     -1108      1955
      1886      2205
      -206     -1106
       555      -711
      1518       907
      1786     -1822
      1298       -12
      -229      1251
      -369     -1340
       619      -290
      4643         0
       858      -647
       311        61
     -2132     -1098
     -1165     -1001
       307       -39
     -1830       982
       667       391
      1392       150
      1118       926
       114      -682
     -3045      -785
      1452      -558
        57       318
       -85      -690
       364      1669
      1284         0
       913       621
       261      -160
     -1149      1346
     -1699      -388
      -340      2404
      -262       884
     -1404     -1212
     -2537       481
     -1042     -2265
       -20      -462
      1813       370
      -102      -577
       413      1576
     -1522     -1091
      -368       201
      3049         0
       722      1499
      1500      -182
      -779     -1685
      1636      -511
     -2272        25
     -1104      -592
       290       -16
       999      2670
      1327       735
       394       712
      1405       937
      -145      1691
      2374       -71
       844      1200
      2136      2554
      2872         0
      -260      2090
       151       378
     -2344     -1148
      -635      2114
       806      -774
      1176       419
      1371        85
       935     -1276
       668       155
       248      1968
      -619     -2203
       449      1826
       574      2044
      2566       981
       713       580
       616         0
      -565      2051
      1648     -2793
      -542      -369
      1522      1812
     -1706      1172
       232      2129
      -752      -377
       233      -680
     -1876       163
       207      1396
     -1078      -281
     -2418     -2018
       601      2088
      2821       333
     -1260      -471
      3277         0
      1099       -28
      -971      2104
      -696      -548
      -425      -233
     -2611      1151
       406       178
      -947       262
      -373      -834
     -2114      1668
      1091      1447
     -2737      1661
      -138      -471
      1155      2224
      1343     -1780
      1166      3190
      2406         0
      2471      1299
      1666       140
      -358      -733
     -1540       406
      -836     -1970
      -526     -1731
       133     -1724
        72     -1130
        44      1447
      -755      1056
     -2473       805
       -70      -674
       437      -986
     -1628       460
      -440      -851
      3564         0
      -778       127
     -1896      1790
       247     -1947
      2931       661
      -763       158
      2394       886
     -1346      1620
      -443       210
      -310       525
      -856      -123
     -1021       352
       222      -640
       543      1468
     -1403     -1143
      -116       149
      2544         0
       645       562
      -443      2411
      2126      -236
       310      2251
       -81      1349
      1298      -715
      -402      -922
       -71     -2204
     -1104       217
      -728       781
     -1136       798
       243       -93
       782      1504
     -1623      1779
      -466       848
      4297         0
      -299       910
     -1723      -552
       984     -1305
     -1698      -414
      1609      -608
     -1671      1190
      1241      -117
       513       600
      -462     -1126
      -409      -555
      2172      -751
      1361       397
     -1329        95
       451      1899
       683      -248
      3069         0
      -560      -433
     -1171     -1688
     -2906     -2505
     -1672       585
      2706     -1045
      1027      -357
      1279       129
     -2409      1425
      1100      1672
        57      -466
     -1361     -1493
       328     -1865
      1283       608
      1258      -843
     -2221      2445
      3791         0
       -60      -260
      1597      1768
      -235      1029
       866      -103
      1550      -342
      -580      -273
       929     -1146
     -1383      -393
      1545     -1149
      -370       596
      -674      -313
      -786        36
      2379     -1171
      -392     -1776
       -19       714
      3994         0
     -1003      3181
      -771      -218
     -1193       333
     -2113     -1393
     -2491       247
     -1248     -1054
       116      -847
     -1068       404
     -1882      -155
      -642      -606
       700     -2078
      2136      1264
     -1727       586
     -1305       533
      -444      1193
      6757         0
       534       903
       150        51
      1966      -922
       230     -1957
      -502       -34
         4      -206
       555     -1268
      -543       560
      1178      -382
      -864       866
     -2236      2196
     -1112       403
      -192     -1642
       454      -974
        63      -292
      -339         0
     -3825     -2103
     -2000       648
      -213      -475
     -1186      -279
      2881       292
      -439     -2037
       296      1290
       876       292
      -338       160
       650       584
      1861      2185
     -1058      -656
       224     -2620
       317       471
     -1664     -1687
      3342         0
      3278      -168
      2994      -652
      -664      -582
     -1511     -1861
      -114      -402
     -1600       775
      -951      -858
       447     -1325
        14       749
      1456      -638
      -816      1106
      -719       367
      1696      -268
        63       742
       964     -1235
      1817         0
      -176      1206
      1937      1630
       801      1155
        -1     -1658
       874      -342
     -1427     -1148
      -786      -966
       218      -423
       458      -271
     -1872      -268
      -574       842
      -533       -50
      -962       883
         3     -2001
      1599     -1572
     -1142         0
     -2712     -1176
       914      -750
      -709     -2892
       254     -1678
      -295     -1255
      -285      1560
      -416      -756
      -104      1277
      1530      1544
     -1612       647
       165     -1208
       159      -656
      -472      -483
       841     -1601
     -1400     -3066
      4013         0
      -133       765
      1159      2245
      -670      1412
      -824     -2910
     -1628      1212
      1410      1750
      -148      -476
       902      -162
      2421       765
     -1472      1035
      1769       203
       322       671
       -80      -442
      -815     -1333
     -1401       513
      3082         0
       407       342
       817       917
     -1188      1185
       308      -745
      1314      2682
      1376       553
      1142      2647
       249       819
     -2116      2423
      1017      -131
      -467      1192
     -2215      1271
       630     -1269
        47      -155
       446       537
       424         0
      2161      -386
      1384       -69
       180      1062
       147      -130
     -1079     -1091
       726      2055
      -422     -1229
      -676      -996
       154      -870
     -1912      1002
       188      -787
      2449      -609
      2224      -329
     -1219      -770
     -1435        96
      -653         0
     -1093       -32
      -803        -7
     -1740      2059
       594     -1720
      -174     -3256
       511      4344
      -628      -563
       369     -1014
       -19      -329
      -893     -1421
      2125      2982
        55     -1150
       801      1386
        55      -340
     -1623      1912
      2067         0
       524        20
      -160        19
     -2597     -1172
       436       953
        22     -3569
      -594        62
       -18     -2480
      -954      2452
      -265     -1128
      -431      -625
      -971       826
     -1564      -666
      1207       975
       907      2206
      -731      1559
      3326         0
      1211       625
     -1949      2068
       -77     -1107
      1087      1131
     -2338      -242
      -598     -1305
      -156      1190
      3277      -116
      -438     -1671
       -79     -2238
      -102      -985
       477      -905
      1279      1317
      -688     -1585
      1239      1995
      6183         0
      -289      -439
       717      1867
     -1234      1821
      -758      1239
      1010      -463
      -958       -28
      -867      1397
     -2114      -940
      -677      -961
     -1000     -1261
        41      -207
      2124       941
       405      1412
      1604      1199
      -860       941
      4506         0
      -598       649
      -979     -3617
      -139     -3296
      1985     -1354
      -329      1506
      -466     -1371
      -519      1171
     -1305      -478
      1872       687
     -1799      2826
       159     -1600
      3451       238
      -316      -454
     -1489      -740
      2323      -133
      4074         0
       659      -323
      -461       791
       218     -2616
      1483      1005
      -463     -2442
       -44     -2528
       208      -801
     -2163      1713
     -1807     -1285
       -76      2174
       344     -1626
     -2907      -604
      -784      3070
       738       691
      1738       905
      6911         0
      -243      -515
      -358      3099
     -1860     -1464
       995      2205
     -1048     -1105
      -119       566
      1050      -641
     -1243      1898
      -197     -1024
      1972     -1448
      1214      -364
      -172       233
     -1148      -692
      2431       376
      -649     -1038
      1372         0
       417       385
     -1231      -431
      -871      -760
      2981      1173
       300        60
     -3772     -2232
     -2150       679
      -925     -1331
      1009      -539
      1148     -2104
       305      1124
         5      -715
     -1909     -1134
      -296     -2097
      -897       375
      3765         0
      1810     -1110
      1350      -348
      -785       687
      -864      1012
       108      2168
     -3226      -313
      1014       -89
        72       253
      3609       344
     -1847       486
      2502     -1286
      1341       157
      1448      -401
       278       -17
      -258      2651
      5846         0
     -1218       345
     -1281      1021
     -1134     -1126
     -2875      -151
      -594       714
      1683      -388
      1385       420
      1932       290
       325     -1337
      1161       366
      2744       146
       -65       901
      -364       695
        95        13
     -1751      1404
      2212         0
       439      3086
       801        59
       596     -1307
      1564      -335
      1070       549
      -488     -1538
     -1686      1670
     -1918      2370
      -908       130
      2197       667
      2411      1235
       357        73
     -3236     -2624
      2230     -2696
     -1334      -459
      3122         0
       869      -616
      -229     -1585
      1142     -1253
      3604       163
      -242       994
      2215      -390
      1928       -61
       414      -584
      -386     -2622
      -823      -253
     -2664      -180
      -977      1555
      -710      -456
     -1010       706
       328      -705
      7769         0
       455     -1484
      2329      -448
       -35      -483
      -147      1118
     -1511       155
      -530     -1213
       441       114
      -471      -982
       315      -365
      -377     -1484
      1664     -1800
      -459     -1129
      1124       406
      -338      -356
      -348       271
      9303         0
       142      -423
       470      1259
     -2039     -1167
      -785      -547
      1736      2932
      -603      1637
      1126      2093
       351     -1495
       433      1444
      -658      1491
       651      -387
     -1258       267
     -2124      1300
      1814     -3058
     -1441       213
      4122         0
      1180       246
       252       -62
       135      -566
      -559       365
      -882      -566
      -920     -2219
       -14      -960
       728     -1106
     -2621      1520
      -624      -260
        69       267
       538       274
       894       830
       -44     -1462
       492      -254
      1591         0
      -726      -927
      3194     -3095
      1279      -937
     -2682       337
      -836     -2149
     -1439      -164
       187      -649
     -1423      3407
        93      -826
       286      -412
      -630       351
      1371      -634
       -57     -1715
      -219      -583
     -1099      -158
