63,106
-42,18
59,108
46,-90
-44,30
-35,-34
-43,80
-9,17
94,124
115,39
16,-76
113,-105
84,-95
-58,124
-41,118
-84,95
118,68
-23,18
93,-113
107,77
73,-6
-39,-15
-109,108
67,-62
24,-88
16,-120
47,-67
32,77
61,-113
57,98
-42,-32
-62,-76
-68,-49
110,-101
-14,-72
66,-43
-23,35
53,28
42,-47
105,-107
60,2
-46,13
99,61
-53,111
106,-125
124,-86
-9,106
89,-106
-42,-37
-106,-57
126,-77
-58,-36
29,-54
107,-104
-61,-95
-38,-8
68,6
5,-40
-37,21
-36,-40
69,84
-100,92
-107,-61
116,-118
104,-33
-33,-7
-102,-43
-34,51
48,-51
106,-64
16,64
23,-19
-38,59
-46,-9
-123,-101
-21,19
109,-12
-42,44
-50,-54
-92,58
30,96
12,-118
108,62
-73,49
84,95
-29,-66
69,83
-72,76
97,77
-13,-103
100,34
-36,98
49,-52
23,-61
81,15
-85,84
-85,61
16,-80
18,89
95,49
25,-109
0,111
-50,13
-35,8
83,-44
6,59
16,-50
63,-73
40,-89
125,-102
48,-81
24,86
65,-41
19,64
76,102
108,4
69,-18
-59,-69
114,-31
92,126
23,-54
-89,-94
63,3
22,59
65,-47
-111,-111
-22,93
99,40
96,-90
112,38
-42,-78
-103,102
-1,122
-103,10
94,-60
-100,-13
36,-126
-41,-29
-47,13
90,99
18,-61
-5,56
35,-114
-62,70
-101,58
-35,-28
5,19
-88,-31
-95,-33
92,58
-59,90
-43,42
-55,37
54,22
-121,-44
-126,-68
-106,20
-53,69
91,-74
-104,62
104,-8
-90,123
44,-29
-73,123
-45,5
1,56
-126,-61
-115,118
97,109
-109,-86
24,-108
-40,-75
105,11
42,-8
-58,-55
-27,103
-87,-39
63,10
-118,-108
122,-14
1,49
42,-110
10,18
-15,-13
-26,-122
-69,68
-45,14
37,-122
57,-40
-120,30
-37,-90
-33,-123
-97,21
-83,31
-15,25
-73,-42
-35,80
47,-28
69,97
-41,-126
-122,81
-86,-39
-54,-49
-21,-52
-48,-64
-11,82
-42,-63
-91,-24
-57,39
5,102
77,122
124,10
46,-117
-77,108
-92,-45
18,-114
-101,-66
84,-108
81,26
70,-3
68,98
65,-74
-63,44
79,117
-19,87
94,24
-90,26
115,-2
-88,42
-117,-29
-29,-62
-54,4
-41,-5
40,118
-33,-105
63,-75
61,-80
-43,83
68,-50
-59,14
-78,99
-117,96
-27,-23
61,-110
58,88
-4,-67
-94,-113
48,87
-60,-102
-34,-80
119,-111
-126,16
-20,96
67,-49
-43,39
-125,-70
97,-118
101,37
-107,10
63,126
-122,-21
-106,115
-57,125
45,-76
-46,94
-116,50
43,-70
19,25
-82,-122
7,54
114,6
115,59
-103,8
69,93
-19,-49
-29,-126
106,-79
8,104
-71,100
-54,86
-56,-62
-102,-74
-31,-39
59,-17
-22,25
-66,-31
14,118
-111,-45
-100,20
-32,-89
115,35
-105,28
103,-41
1,-120
-62,59
-51,-34
27,-17
-90,-96
-97,105
-97,-45
-119,-122
-112,108
70,38
57,-17
101,63
-78,-111
-48,-72
-68,65
-124,-69
-99,89
37,-82
-36,-53
91,125
-5,-25
-87,111
-45,124
24,-53
101,102
64,85
56,42
-93,39
70,-65
24,-99
125,115
-123,76
85,-61
-91,0
113,-114
-40,-22
27,-56
-110,-58
75,108
-57,-61
-118,64
81,33
70,-42
-94,-81
-96,-18
-41,121
-28,44
-59,62
-118,-90
-30,-34
15,-123
-53,-65
-122,88
-56,103
32,-44
-66,-104
-80,28
70,-73
87,-9
40,79
-70,-121
21,125
116,-18
-45,-10
-94,42
61,-48
109,-26
-34,74
-96,52
-87,63
93,19
-3,31
-76,-76
-63,102
52,-102
68,-52
-4,101
108,70
31,-82
-70,108
82,87
-84,-78
107,-9
70,-53
107,46
-70,-68
-16,46
39,58
127,-104
-114,19
-54,-71
-86,-105
107,-78
-99,126
-109,-126
37,-47
-9,51
-25,-62
79,-47
-111,-52
-110,20
114,-19
20,7
125,107
-79,-117
115,-18
37,-99
-21,-69
-97,-85
-58,-9
-113,-39
-121,67
28,76
111,35
56,-62
-115,-127
92,89
-114,44
80,-122
-49,-42
96,68
6,4
-5,-122
-12,-46
-41,-10
-27,14
-28,2
23,42
-103,16
-27,54
100,120
0,106
105,-30
-86,-53
-53,-57
85,71
73,-28
107,89
-73,89
-37,-68
49,-53
110,-88
-17,123
28,84
48,25
75,-23
93,-83
-14,-109
56,119
70,-54
-8,82
31,92
48,9
-85,39
-58,117
1,-36
-75,80
-12,45
77,-66
44,-124
-60,-97
-123,7
32,-14
44,-67
-25,73
98,14
-4,125
-5,-3
104,-27
-47,75
-56,122
92,-55
88,-13
82,97
22,75
123,-125
-63,-118
63,11
-49,7
-122,-68
-57,-32
125,41
-31,-95
125,-2
-61,-105
38,-126
55,-71
55,36
60,18
-99,15
-93,-119
22,32
4,37
34,12
105,88
-36,76
-18,96
75,54
-52,-84
25,105
85,69
-105,-42
22,99
74,87
-113,-76
-50,68
-113,9
-59,-28
-50,-99
-5,-80
59,-115
-26,-11
5,111
-95,8
41,-120
-19,32
91,39
116,24
-65,2
65,-110
120,-90
48,96
25,-1
-7,26
-95,1
-7,-45
47,36
-21,-118
-38,-112
-75,100
-77,-29
-74,-94
-97,75
33,79
118,-66
120,-7
98,-95
61,-124
66,-23
87,-73
-59,73
-45,-125
118,88
-43,82
87,52
88,67
-14,68
109,81
-86,26
-125,-106
86,3
-40,8
-95,10
15,-32
-73,75
39,-39
-21,4
-21,-49
54,127
106,11
36,1
-43,-110
56,-16
-72,-83
-46,-116
-85,-80
-78,-26
90,-88
-83,44
-73,-81
64,94
89,68
-45,-8
-15,-20
75,105
110,-50
-15,-8
-86,87
76,-81
-69,-31
-119,-110
61,95
-44,-103
-104,5
-68,6
-112,10
76,-0
-13,13
-110,-78
121,-22
-50,-75
-74,-81
29,42
75,26
44,-118
-72,123
45,-65
-101,-60
49,73
79,-118
118,-105
84,74
97,-111
18,-59
106,-60
-102,-75
-104,-45
51,-121
-95,-73
34,118
121,-98
-46,-66
18,-70
-50,39
-41,112
33,96
93,-95
-71,-109
-30,-117
-72,-38
-15,63
-2,116
67,-25
-88,51
99,4
117,3
114,-103
-27,26
71,-124
86,100
67,-113
-28,-79
-39,-67
121,-111
77,-88
-109,-30
42,-81
75,-118
62,-85
0,-107
66,81
17,-81
70,88
32,-67
77,-63
12,87
-64,-65
100,-74
90,70
23,-51
-114,71
-1,100
65,-79
101,85
-105,94
2,59
-123,-21
-77,-7
-32,36
58,65
36,104
122,-57
-28,-34
-96,70
94,35
74,-115
90,-53
83,12
123,103
-45,52
-64,123
-79,-27
-122,16
-59,-53
-59,-66
106,55
-4,4
127,-120
-120,103
99,-71
-7,-59
-88,78
38,-111
-38,-77
-101,-18
-37,-120
41,36
-89,-121
58,18
-1,-44
-8,123
18,48
36,-70
-59,-45
-1,-36
92,84
49,-51
4,25
66,4
-102,10
-9,-35
62,2
101,4
-101,48
-50,124
-95,60
-0,53
66,32
42,-14
31,-18
-79,-3
-19,-13
115,30
-93,92
15,41
-115,42
-77,33
2,-105
-19,-1
109,-25
27,-60
-30,103
-112,77
11,-94
7,-81
101,-126
60,114
25,-93
90,20
-101,27
14,73
-50,92
111,9
-20,26
-121,-93
-67,-90
63,-8
100,57
59,62
-54,-39
74,-112
-69,-21
12,-7
-43,-113
44,33
51,-31
19,-43
51,32
102,-43
-3,102
-60,74
48,-121
86,88
120,20
95,-103
-28,57
-110,-11
23,-1
42,-82
-59,81
34,75
70,-45
37,-51
37,65
-53,35
73,-26
-53,108
117,123
-20,45
-13,-7
-37,-99
-57,120
115,-9
-47,43
-61,-117
-115,34
-52,53
-98,-1
62,64
-60,-37
87,17
66,0
-62,70
49,40
-103,66
55,74
36,-123
98,58
-34,32
-85,84
-81,-85
-15,123
-42,78
-45,33
-102,57
4,-65
-116,49
4,27
-117,-124
-30,121
21,105
111,-5
-123,28
-48,-50
40,67
-43,-43
-41,-65
73,-30
-69,-112
-111,23
111,-58
-112,-91
-112,38
6,107
121,108
-115,-44
-12,110
74,-20
85,23
-81,-71
-22,122
102,122
-27,-65
22,66
-44,-117
-57,20
-36,51
33,8
-14,-3
41,-66
-5,-30
-29,-72
-32,19
116,121
-86,-92
-6,-99
118,25
109,-9
-124,103
-122,48
-16,-123
-114,-80
91,76
82,99
-5,-54
39,76
-62,96
45,-79
-59,-25
91,51
-16,38
101,-93
106,55
100,102
5,37
32,-90
-99,-46
-123,-4
-2,73
-24,117
126,-6
127,2
-52,21
2,65
88,72
20,-70
4,-87
-120,22
-124,5
44,88
90,15
91,-62
65,6
-68,-62
6,-91
4,-119
32,49
1,18
-47,8
-119,-78
-115,-12
-1,-74
-113,-6
94,57
-42,-117
-19,33
-126,73
-23,119
49,-124
-18,103
-71,108
95,-64
90,118
-45,5
-30,-66
-67,-70
111,-12
-85,119
32,-94
-91,-86
-87,-125
92,41
-77,-90
117,-76
-34,-58
-126,-72
90,22
88,-91
10,-49
-6,-1
-105,-125
-31,11
6,-28
120,13
-16,38
79,-109
101,79
84,-109
-3,-100
68,122
-124,22
-38,-44
-73,125
33,-20
-43,-60
-76,91
92,25
55,-126
-43,91
113,-125
23,78
-17,-124
-75,12
-79,-26
-124,-54
88,5
-56,-12
-25,104
55,-115
89,-37
-14,-74
54,-79
99,-75
33,-98
124,-39
-83,31
33,-74
47,-15
-84,-48
-89,101
-91,93
-103,-108
106,-22
90,104
-36,-104
-104,109
-43,96
-110,-51
-105,-126
57,126
-23,21
5,-57
-58,18
57,9
94,-60
-82,5
-26,93
-25,120
6,94
-83,-114
-21,-68
-126,123
106,-14
-17,-54
60,20
-102,102
-106,-24
72,-11
108,-125
-69,123
-12,101
-74,-12
-100,-126
-105,21
125,-16
-15,52
-62,38
58,-95
-29,-24
22,-124
70,-80
54,68
114,-91
66,-13
-83,-36
0,-47
-51,-13
92,123
41,53
47,126
-97,-93
28,-123
-35,61
-24,-79
-78,-37
84,-55
113,-23
102,80
26,-74
-19,-93
-125,86
-114,46
5,-65
-4,36
-124,-111
-10,54
-120,126
68,54
-17,117
117,72
17,-64
95,-125
19,11
-6,126
24,31
111,-60
-124,27
-56,110
-108,15
43,-40
33,-16
-103,61
43,-67
-99,-82
34,-87
-83,58
-49,45
-41,-115
89,50
-71,-122
80,79
18,20
22,97
42,-87
-84,11
-11,-29
-36,-28
-97,-72
-60,-2
63,55
28,-16
-42,104
-38,-12
-6,-18
-34,-1
58,-7
-2,38
-112,-7
123,0
-109,30
-27,60
61,-6
49,74
-124,6
11,125
-26,39
-48,9
-4,70
127,-25
116,-120
80,91
119,95
-41,109
97,26
-32,-76
-80,-61
-63,-100
21,-103
-8,55
59,-69
82,74
74,-47
-37,83
-90,94
-88,38
-35,100
-2,28
-1,-111
-18,57
-105,75
68,-61
2,-22
109,112
13,-36
-70,-111
48,69
-55,-80
92,105
-56,5
36,56
5,105
55,108
-3,-32
-70,26
-22,26
-56,-51
-41,-30
49,-55
57,-9
23,-53
-110,84
-67,-109
-91,-30
77,-24
77,-6
44,-72
-21,81
-36,110
-98,94
-104,-6
-79,121
106,-80
70,27
89,-11
126,-77
63,-50
-114,-46
-122,27
79,-9
47,-33
108,111
87,105
20,119
68,19
91,-18
-27,-126
-97,-121
-14,25
-71,-94
-97,111
-110,-48
-0,84
-31,-119
-85,91
77,103
-127,-79
3,4
-55,-59
-49,-90
38,-51
-11,91
31,91
-28,-92
-56,-52
-90,94
4,10
5,-77
13,87
-8,-45
36,98
-30,11
-75,-7
-117,-106
101,-100
-114,87
-53,98
-111,-4
-103,-4
116,-112
8,-112
90,-78
30,-37
67,110
-104,20
-24,-113
121,-63
-120,65
-94,-65
-119,124
-70,-37
-92,106
66,117
-115,115
-74,26
121,-65
-59,-80
-29,-87
-112,62
-75,-23
87,-70
30,49
59,-13
-91,37
123,81
44,101
100,98
-65,-45
30,-75
-19,-113
-29,90
101,82
87,-98
11,118
76,77
-103,-107
-40,51
10,76
-14,-47
-102,32
29,-97
37,-106
20,-74
-17,-88
45,96
-79,-27
103,46
124,40
113,-56
-46,83
-107,95
-124,-54
55,-25
102,80
33,-114
-58,-102
-79,-47
123,102
-23,19
31,-84
108,-107
34,12
-88,85
-68,-91
111,102
-2,-28
-4,-99
9,-50
101,109
-4,-101
-108,62
67,-19
-4,-53
-84,-59
-52,125
-57,-47
-53,-63
112,-14
-23,99
-21,-107
-9,-47
-48,106
92,-57
14,31
13,-2
-107,2
-37,-43
-42,-123
87,30
-50,123
-42,26
76,3
26,-2
-102,-74
62,35
-39,60
-58,-63
-66,39
88,24
17,10
-68,-105
-58,124
99,-107
3,-105
78,-123
103,115
51,12
-2,27
-23,-124
-2,12
17,1
82,77
3,2
-75,66
-3,122
-118,105
-119,-44
23,13
-74,89
27,57
-101,59
-66,112
86,44
105,-3
-98,-40
-82,94
109,-40
99,-38
123,-70
49,-110
59,111
110,-51
55,107
-6,-71
23,-12
54,-69
-99,-6
80,-58
-4,-37
47,-35
100,40
49,-56
-125,-112
-50,-33
12,-60
30,-20
9,-76
-122,72
9,-93
-122,-40
82,-47
64,96
-7,12
69,-113
20,79
-46,40
-34,-97
-85,-56
-34,8
92,59
-116,83
117,-69
-123,107
-3,-34
-30,-117
47,38
15,81
99,-20
18,77
53,-74
2,-48
38,95
-78,22
-6,64
-102,65
115,-120
-34,36
91,49
122,-68
-49,-53
86,-75
-115,87
94,-103
-42,-79
-50,67
100,-72
5,-115
-61,-82
112,-16
78,51
-101,-16
123,-42
-98,-4
6,-124
-101,-113
-105,-36
15,68
106,29
-111,21
96,52
-2,3
-40,19
82,118
113,-90
38,70
121,48
1,-97
103,66
11,-42
81,45
94,-26
82,-93
71,30
97,75
-119,23
122,16
96,-81
38,3
52,118
114,12
-17,14
104,-78
123,-59
-15,109
-64,-101
33,-80
25,-65
-124,62
9,-65
5,-22
107,-60
-82,-8
25,-29
-125,-74
78,-107
22,112
-55,6
-68,-56
-102,-21
8,-60
-92,6
68,-24
-115,14
-124,-58
83,74
85,-119
-83,46
73,95
-49,125
110,75
97,38
-75,9
10,-54
58,-102
76,23
89,105
-7,-33
93,-55
34,-70
-71,-114
-91,101
-90,-76
70,54
0,59
-43,-69
84,48
58,67
-118,-38
76,-65
65,-70
49,-64
-0,59
-78,77
42,70
-85,-86
-28,-39
-88,-119
-114,-118
49,-5
-110,-121
18,96
114,45
-99,81
17,-77
-93,-11
-99,-13
77,-69
100,-99
-53,21
17,20
-122,62
-50,69
104,7
24,-36
21,-41
93,102
85,44
-90,-44
-114,91
96,52
-20,107
-90,27
-70,-46
-49,2
67,92
-47,-125
-122,22
84,89
125,-89
122,-42
27,-74
20,2
-36,78
95,-121
82,118
-57,-39
-6,22
-110,-52
-124,-95
86,-127
-102,-81
1,-58
85,-96
39,61
31,79
45,9
84,102
-16,-103
-113,-103
-71,25
97,70
16,90
-78,82
-107,-52
-79,47
118,-95
-31,39
59,-58
-96,116
28,-22
-67,21
71,51
-49,-54
-53,-93
98,92
-44,-49
-94,86
7,11
-73,-87
103,-26
-20,-109
-3,-91
-106,32
118,-115
-5,-100
-83,-76
-112,14
78,12
-124,-22
-77,-30
54,-50
0,120
82,85
-85,68
88,-83
-51,-123
21,-83
120,-16
91,-93
56,75
44,57
76,-104
77,-109
-38,-122
-121,-10
14,-95
-67,64
-35,37
-20,79
34,-1
88,122
94,-27
114,-0
100,-33
-97,-62
55,-48
36,78
-109,-44
70,-2
-47,118
-36,-125
-96,-62
-62,103
-27,-17
121,7
-43,-66
15,9
69,-18
13,42
-54,36
-4,18
42,53
115,-82
104,-115
88,125
68,95
-93,63
41,80
24,87
-17,98
57,47
117,-24
-111,117
-57,75
17,46
69,108
-69,-18
-1,-2
-73,-12
120,-124
-52,112
47,72
-33,117
-29,4
-30,91
14,36
-43,-87
-62,16
93,113
-108,123
93,-23
85,114
-8,24
69,-40
66,120
-83,-12
118,-54
97,-27
26,123
-122,-96
-81,-26
-51,55
11,56
52,46
-118,5
-34,-107
18,18
-42,-30
-63,73
16,60
78,-116
109,18
85,-45
103,-21
19,-78
113,-76
-117,-4
56,-66
34,-84
-77,110
53,46
99,66
-109,-6
112,113
32,44
-47,-6
16,-82
-105,42
-64,-21
-39,-94
93,46
-102,15
61,101
-55,-60
-96,21
85,19
67,-110
67,45
-103,-125
54,19
-9,67
-103,-38
21,83
81,77
-90,-100
93,-111
119,-74
-103,-60
-28,-3
68,68
-52,124
95,-37
-88,-30
114,120
12,-9
87,-1
84,-85
-28,-112
-60,-2
69,-85
85,74
-59,-63
63,-80
30,-49
-24,95
39,-103
-11,35
63,-86
-101,-105
-86,67
14,9
-22,53
-43,-96
-72,-31
69,22
58,31
87,-60
-88,64
80,121
-103,-36
7,94
-84,-106
34,96
-90,65
107,-24
65,29
109,44
86,91
-124,62
-45,89
-53,-3
-98,-103
89,-19
122,-63
8,27
13,91
9,52
-44,38
13,72
-81,-21
9,-98
-67,77
-12,-40
-65,52
90,38
-114,-127
-78,-60
100,-68
70,83
-93,3
-36,-31
12,37
-92,-85
16,20
-20,18
-31,-16
19,-59
90,49
88,121
73,103
-89,44
29,22
-82,-20
-9,10
-116,-31
87,-97
9,119
107,65
59,16
-27,107
29,-88
28,-40
101,-5
119,-58
19,95
-41,-18
96,64
116,99
62,-68
107,77
44,117
111,-86
-92,38
5,30
-4,-72
-10,124
62,49
-0,34
-87,-19
44,86
78,116
36,116
-15,-2
-61,70
22,-38
-48,100
82,34
-43,21
15,59
103,-38
-112,86
46,-110
53,-91
114,-26
116,-110
80,68
92,-25
-84,-2
-44,-17
69,46
-118,-89
-117,30
126,37
-71,108
42,-110
-11,114
-58,-115
-53,-84
110,8
93,-91
-102,-62
-93,99
44,56
-22,-26
3,-117
-126,121
72,47
-124,-14
46,79
101,104
117,-75
-68,21
-30,116
20,-57
80,-37
96,112
-86,15
12,33
-119,82
24,100
99,-26
-5,-11
-60,-5
-81,-25
93,87
106,-40
-72,-14
113,2
9,-39
86,123
119,45
124,-79
-33,-65
6,-102
39,37
-88,120
-105,44
-64,12
-92,23
55,51
-124,-98
30,-102
120,32
22,98
1,-92
-88,39
41,79
53,13
21,-22
25,-56
-121,44
63,27
43,33
-125,-89
38,-113
-90,-95
39,-25
-43,6
37,-77
28,-9
79,66
98,-23
57,85
14,-11
49,105
13,-102
-23,106
-85,31
-69,-44
-96,-69
-76,-4
-111,-103
99,107
59,-25
-96,-14
-78,-110
-26,9
57,14
-32,-61
-55,104
-100,-124
75,57
3,91
26,6
-115,24
-20,-1
86,-112
-27,35
-23,-46
-56,125
-67,-67
97,38
-119,-81
58,-47
-54,11
27,-46
69,-101
114,66
-62,91
-22,-61
-121,54
-8,-11
33,4
36,-44
1,-26
-24,4
17,9
19,120
65,125
-96,77
44,-67
88,113
-55,-118
67,-19
-6,-27
-84,24
68,112
117,13
-67,-61
-114,39
-99,11
77,66
-28,46
18,4
-90,-18
1,88
113,61
102,6
-21,-95
-12,-99
-45,-18
-102,-11
-18,87
-47,102
124,36
-17,71
-25,-77
-27,47
-86,54
-21,65
2,74
-55,44
39,-97
31,54
53,-32
-63,-68
-2,70
-45,-15
37,56
122,120
72,90
-27,-49
-11,113
13,112
43,-10
73,72
-23,-16
49,11
-56,40
-92,10
-124,-117
-118,-64
-37,36
77,-82
-16,90
-90,-17
-48,115
-95,29
86,33
-14,92
-102,106
112,13
118,81
-57,-11
87,119
96,-126
32,-103
-10,100
49,93
-47,-24
4,-45
-39,-68
14,-66
54,116
-35,30
-84,-112
38,52
-41,-60
6,-92
31,38
46,-9
107,-65
-105,114
3,-6
25,-13
61,71
-83,-3
13,-96
49,78
-121,-79
52,-15
-31,2
116,0
27,32
-20,108
-35,-125
-118,123
-83,-77
-25,-37
-66,123
-95,-4
-18,-84
124,116
12,121
2,-50
-51,42
17,-88
-48,-18
-116,11
-6,-71
52,113
53,-9
22,-8
-29,-108
-115,-54
21,84
-56,25
-49,-50
4,-92
-40,-33
73,-30
68,116
-61,97
-34,-75
-58,-105
-2,-11
-11,-96
105,78
74,-90
33,-68
-4,53
-50,71
101,48
42,-97
55,42
-75,4
82,-114
47,104
58,100
63,-97
8,-19
-117,27
-9,-30
49,-63
76,70
-10,119
-106,9
46,70
82,-92
113,-48
-99,-73
110,59
58,89
-50,-0
10,43
48,-18
-30,-70
63,-51
113,126
95,81
126,-47
-69,111
-90,51
-28,92
-108,-99
3,-68
-108,-6
104,106
1,26
-90,-62
17,-14
-102,-85
74,23
-47,6
-54,63
-31,-90
-36,76
39,-85
-25,-71
1,-122
109,65
-18,-22
-21,-25
0,79
95,-118
110,47
-11,-63
38,-48
69,-4
-38,83
34,-16
-84,-47
-58,52
-71,10
-22,-94
-55,66
-12,-22
63,66
-69,-86
-110,42
-109,-102
-66,69
79,-121
110,-54
-39,52
-19,79
-2,56
94,83
45,99
-1,-40
92,-7
-5,44
-114,-99
23,-92
-0,86
111,-27
-126,84
118,-122
83,121
65,-100
64,55
-81,116
-49,85
111,-26
-57,72
91,-7
-2,-44
-93,-66
28,-84
57,-91
20,8
42,-125
93,-109
-1,89
-53,26
127,-26
-1,58
84,-119
61,10
2,8
119,-108
-113,123
-100,-119
62,44
-104,-23
34,-37
-5,-62
-4,-52
-20,-57
21,-64
63,-50
-100,62
-7,-70
-99,3
-93,29
-41,-61
-104,104
105,-108
41,-1
21,-120
-88,9
23,-33
33,-82
-56,-65
-87,18
6,-110
-61,-76
-107,86
-115,57
-108,67
-5,-45
10,56
92,-73
-53,-52
-126,-47
11,-78
30,-58
-32,-111
-8,-20
81,88
-106,-38
-110,108
80,43
-63,17
-68,-84
-33,-3
-124,113
-29,46
79,93
71,120
-28,-17
84,73
-5,25
-67,39
69,-111
-20,-37
-120,-10
-34,-41
-17,-117
-2,-25
-54,88
-7,-11
-13,77
116,-31
23,15
-2,-25
-71,61
37,74
-40,39
47,123
102,123
-46,-13
-51,122
-103,88
-75,-118
119,-19
36,116
-23,78
-69,-51
30,-70
91,-82
101,-29
26,-65
42,-1
-14,-24
-90,75
20,16
125,35
-35,-94
6,-20
-38,-22
-124,-67
-17,-42
-64,27
41,0
-26,81
105,-67
-22,-35
-20,-10
-90,61
-0,42
-29,-100
-50,-102
71,41
-95,46
10,43
89,-10
-33,113
-37,33
118,-121
-48,-123
-70,-113
112,68
41,23
-24,-21
-24,81
-3,81
-43,-14
117,122
96,16
1,111
-100,-50
17,88
-30,2
25,123
-114,-43
50,-21
70,91
81,-4
99,125
46,28
102,-48
92,55
38,-86
-25,-74
9,-86
-118,-46
-96,32
17,-111
124,-75
-36,38
107,-67
-8,-84
-12,-61
116,-60
32,63
90,-95
-42,-11
12,23
31,87
80,93
-19,55
-115,88
74,-92
72,-93
46,-60
114,-62
-27,-93
-95,92
39,21
99,112
-86,-1
8,54
-9,-111
-57,-116
77,109
-19,-125
-109,-28
-90,-8
6,-55
-54,90
-13,-11
74,-76
83,85
20,-126
72,90
-37,-8
-119,58
91,16
-41,-119
-26,95
69,-16
113,55
-95,-110
41,112
-108,72
-18,114
112,-32
26,18
-111,-122
-61,-4
52,-76
114,-34
-44,-34
-22,10
46,68
-125,99
-17,-121
27,22
99,-123
23,-115
64,-30
-22,45
94,5
38,110
21,116
-117,80
32,-22
-25,-107
-73,-126
-9,11
47,28
-58,92
49,-37
113,88
-12,-12
-58,65
73,84
-20,-4
28,16
-81,-65
-64,108
98,-8
-93,37
-55,109
-68,-39
-59,-37
-122,66
-100,-93
37,15
50,-33
125,-13
93,-8
-117,-81
51,-37
-102,84
78,-124
-109,38
37,123
38,-59
52,43
-7,-102
-97,70
75,-125
79,29
34,-57
-45,-23
1,123
-92,92
-25,110
26,-50
94,-26
-111,16
48,-96
59,-62
-98,90
108,-82
-107,113
-104,96
75,51
-98,-19
-126,31
-123,113
18,-14
117,125
-96,86
-103,-3
39,106
-72,-76
-65,-3
-81,26
102,15
-17,95
-11,62
-79,-44
109,-116
75,-37
-81,66
-72,119
74,69
1,-54
-46,-35
-108,60
61,-70
117,103
-120,-123
-76,71
-85,33
-75,-6
-47,-127
91,-108
2,-11
23,23
20,-21
-9,51
-109,49
-77,30
-25,-23
15,-35
-18,-124
-9,118
106,-91
-10,-71
-72,-47
-58,99
-125,-98
82,-86
109,-114
-1,78
40,81
-50,-39
-90,126
-68,-56
14,-4
60,72
-84,-86
-72,94
-15,67
33,-2
-68,25
-106,-111
-37,-72
-93,-84
-9,-115
-103,10
54,114
-34,-53
67,-5
-6,-63
17,-46
-56,29
-89,60
-71,125
43,-122
-62,103
-101,59
44,-84
-79,112
-34,-67
11,111
-102,-41
11,-64
4,30
29,108
-87,35
-58,122
75,77
-16,-4
-93,22
-58,79
40,-29
1,40
-29,28
-32,12
94,-76
37,8
-12,20
-123,-68
-64,127
39,-47
1,-76
-22,-60
67,80
-63,96
-63,35
-1,104
122,16
58,18
-92,60
30,-98
61,-38
-39,-3
-48,-98
-70,60
-82,11
-119,-94
-94,-112
78,-100
-90,-110
120,-35
-78,-14
2,-43
-71,-89
-2,95
-18,19
-125,126
-77,-59
66,-69
-46,1
-38,-14
44,22
25,86
-22,-26
76,76
48,-54
118,-91
99,60
28,-112
118,51
-8,25
23,-118
-30,110
77,121
-22,3
-59,-91
-61,-86
70,-98
53,-12
-17,9
-34,81
94,87
63,-50
-52,93
-59,2
-6,19
-79,-93
-9,109
110,-125
6,-76
23,-83
94,120
-16,29
-45,-4
65,12
86,50
20,-94
42,-36
-11,-55
-96,98
-5,-86
13,-23
5,51
13,-28
-51,85
-30,91
-29,50
-53,-47
-125,89
-68,94
-80,-64
65,112
75,-122
-48,-92
-28,-85
-68,-126
-11,0
112,95
81,-55
-23,-58
55,-6
-119,-102
85,46
109,97
-117,107
-14,118
79,92
-109,101
-42,-3
-74,-68
97,-32
66,-80
-55,-42
-5,6
63,73
-44,26
-52,-110
89,45
16,-114
-31,-62
-103,124
-7,78
44,-64
-24,-23
38,-82
119,53
-84,93
-95,-39
105,-52
57,-71
42,105
84,-36
28,-2
-54,-70
-115,50
92,79
-112,14
-3,-61
34,-69
55,-60
-38,30
54,-104
8,-47
-79,-57
-96,-7
37,-110
-93,71
72,-55
-79,111
13,106
32,19
50,122
92,-61
13,-31
107,72
-110,120
118,41
93,-104
-115,71
40,10
102,61
-76,124
-94,-81
31,-100
-121,12
-42,-75
105,22
-105,94
13,37
91,9
-22,-71
-23,-51
40,-34
-45,83
-89,83
-14,19
121,-125
86,-17
-59,38
-58,-114
8,54
49,19
-20,-102
27,16
26,-88
88,-12
-58,57
-30,-39
91,-51
-74,-117
-92,11
93,-72
70,120
67,-115
24,4
-47,-126
34,69
63,-88
97,106
-30,-32
-102,-3
62,101
-84,-63
68,24
46,81
-71,-98
9,9
29,81
92,36
-120,20
17,45
-104,118
-40,-113
68,107
14,-51
-90,23
97,-77
-110,28
-43,35
-120,-59
-56,-12
-75,68
69,79
-103,-94
-72,-17
-105,115
72,-11
23,-106
-46,31
32,82
102,38
-61,-90
-27,-36
-77,-6
81,16
-113,-81
-12,70
-64,18
-33,126
-87,125
23,112
14,-98
-90,-19
122,-73
60,99
-100,9
-104,-101
7,-63
-45,99
-5,-61
-100,89
121,-68
68,56
98,-88
44,-109
82,20
-71,-39
78,111
-61,-117
63,99
-27,-43
-124,124
-86,-63
-84,-118
-9,94
-31,27
-74,-5
-92,-27
48,117
41,-119
-70,-31
-38,51
61,-74
-101,9
80,-36
-28,54
-50,-125
90,35
18,-95
-38,70
5,9
-47,24
-2,-97
-14,28
74,-3
12,-31
-22,-124
-69,91
-73,99
78,65
112,76
-63,-93
87,-57
-123,111
-92,126
88,115
-47,-0
13,33
77,-122
-122,-32
-47,-125
-16,12
-126,-20
-12,71
14,68
-65,-89
21,-89
32,9
-33,16
-103,-48
62,-75
51,30
-35,-9
67,29
54,-125
25,-4
-46,-40
16,-96
-72,-5
-87,-16
7,45
-48,41
27,-93
-5,-70
17,-93
-91,9
-8,-114
-24,-62
-14,-14
49,-76
-65,98
-68,18
-95,27
13,6
12,36
-102,-53
-46,-44
-84,76
90,72
-37,33
8,-13
-41,-124
100,-96
-98,65
86,-15
-57,54
-65,116
-39,-62
-86,-99
79,-28
-110,-64
60,-68
66,5
-111,-30
75,-56
-103,8
-119,35
102,-76
61,-10
-103,-100
22,-37
-32,43
70,-8
84,-79
90,-119
-9,6
-16,-29
32,13
105,113
69,15
94,-101
-85,-70
99,67
-23,-113
36,38
-97,-84
88,4
105,-55
-87,38
-88,-29
58,-23
11,-110
-94,-31
85,7
8,-12
77,23
-106,119
-70,-103
90,-112
32,93
53,50
-98,88
108,25
73,73
41,-35
-105,101
81,-95
126,19
-86,56
105,56
27,54
-70,73
49,-2
52,-34
114,73
-116,-105
-98,-20
36,127
70,20
-115,67
47,-32
-19,13
68,103
-35,104
-77,-12
103,-115
-100,63
19,6
-65,-69
56,76
31,-45
-11,79
72,127
-41,94
-88,-44
31,39
-57,-63
-123,109
120,-15
-98,4
-69,-100
-99,51
120,27
-88,6
50,39
-96,124
55,75
104,37
61,98
-68,-72
-72,-19
55,119
73,40
-24,25
79,-48
-111,-125
-81,123
-57,-72
115,59
-86,77
-36,26
-43,-89
82,-85
-88,-38
8,52
-30,-126
112,-88
115,115
126,125
-31,-35
-30,-43
43,30
-95,2
-21,17
-95,103
2,41
103,73
51,-58
8,-81
30,86
-97,-115
-93,-94
-21,-51
54,17
53,-14
28,108
66,127
21,26
-27,79
125,80
27,-111
108,-75
96,-38
-105,-73
-55,-73
-113,-43
-89,-57
63,59
-25,53
51,-54
-105,-125
41,-49
-28,-41
-17,-14
75,-76
-51,-33
-29,63
96,-46
103,121
72,117
-48,88
-123,23
-85,-99
-62,-78
-7,-1
-30,-104
-118,109
126,93
-99,48
84,-46
112,-52
85,26
-85,-60
-79,-49
-36,-53
44,101
109,106
-88,4
110,-1
80,97
-84,30
19,-90
-110,-99
120,-90
-68,118
98,-2
38,33
-25,-27
-22,74
-88,48
-121,53
-106,-98
-87,111
121,-45
-84,121
58,4
-71,3
-62,-97
-1,36
-126,-42
-116,123
21,121
96,114
-75,-120
118,-35
5,-111
40,-88
-77,109
-104,-42
-13,-43
-51,-5
10,50
31,-38
-52,-64
-43,90
-127,97
-105,94
116,-83
-80,-71
50,-16
44,-115
-29,32
68,-104
-61,19
-73,40
73,5
91,-109
-51,95
82,-43
0,115
-42,104
-90,116
-60,-66
38,-74
-107,1
79,9
22,-115
63,-117
38,67
120,-8
121,46
51,25
-96,7
80,116
59,-24
110,78
-102,126
67,32
-30,-63
-2,95
16,-113
-98,-76
-104,109
12,-12
-103,72
-90,-60
100,124
-61,26
89,-20
-117,110
8,-34
57,22
-125,-82
72,25
-22,15
-79,21
43,-38
111,-78
-51,12
104,76
-33,-33
8,-5
29,99
-18,83
-94,94
39,114
69,-56
6,-115
30,-87
-46,-96
24,48
95,-123
106,77
-52,-64
23,104
-22,-59
17,115
67,-38
24,74
-23,-103
105,43
-86,-59
-89,78
27,98
81,-121
-30,42
-3,55
-61,-17
-73,-81
21,67
79,-86
-17,-26
0,97
45,101
66,-2
4,-38
36,-40
-98,71
-74,105
-4,103
33,-31
93,64
-83,-14
51,49
13,63
110,-89
23,42
112,-91
96,44
-33,42
-14,-121
-70,-50
-2,-96
83,22
-85,29
105,74
90,54
-106,112
112,-5
116,11
113,-8
-45,48
-76,-84
-40,-53
71,17
93,-25
116,-99
-66,89
81,-6
65,-30
-39,-72
-5,19
118,-7
-106,1
44,2
-26,-45
-27,-99
124,-47
5,-110
40,-92
-96,-62
32,-90
-100,98
-118,-98
14,110
-85,87
73,-10
-92,-78
72,-63
-21,81
-47,-20
-27,-52
102,97
42,94
79,81
93,-116
102,47
112,85
38,-60
-30,-109
111,26
-71,-118
67,9
102,-70
-3,44
-36,-122
-71,88
-69,-72
-63,67
4,-67
-82,-109
39,-18
-88,23
-21,120
68,46
-60,-25
-64,-113
69,35
4,-103
113,-46
-5,27
-42,-25
62,110
29,118
31,-4
28,117
51,-109
29,-78
62,-127
40,95
117,92
1,-122
-86,-125
-22,-44
-23,77
-93,8
-50,117
44,-100
-102,82
104,48
96,79
-98,71
48,-15
-12,65
87,104
-78,-91
43,82
10,-48
-3,-58
-50,83
113,-67
-108,-73
-41,76
4,-49
127,-31
-86,-122
-83,24
-87,6
-57,-122
59,-29
42,-39
-86,-97
-120,6
109,98
62,120
26,59
-36,8
31,127
-24,-39
38,-34
15,-124
-77,-125
-106,-74
58,67
5,74
4,-40
-120,-112
-9,-77
-0,21
-64,108
86,-33
110,-64
124,-93
40,97
-65,-5
-2,-40
34,-45
-113,54
-105,-28
-78,-43
-66,2
69,-119
-127,72
-114,53
80,71
-93,-62
-46,-49
-75,81
-82,-92
-80,50
116,112
15,-26
70,-31
88,-113
-6,-94
-121,-101
-44,65
-74,93
93,126
-33,-102
-45,-83
12,-4
-74,111
-101,2
-58,-72
-28,-114
52,38
-18,-25
24,-71
-48,-115
58,-9
-40,18
120,58
-22,119
-5,1
36,-32
69,65
-61,-18
-81,30
121,85
76,-101
-44,1
-42,80
-75,-30
46,-93
-77,58
-57,-102
35,66
-101,52
-107,96
62,88
-42,-44
30,-101
-6,49
63,-105
32,3
-51,-16
109,-55
-3,50
-99,18
80,1
103,-114
34,105
-41,-56
12,49
-106,-114
-38,-45
108,-122
88,-99
-77,-72
79,108
-57,48
36,-34
14,125
17,-111
91,3
-101,77
95,58
58,25
-14,-98
-74,12
-88,99
58,-62
-51,-27
17,-62
14,-20
54,43
124,107
-4,-82
63,101
8,47
125,56
-96,-28
115,82
-93,31
-96,84
105,-105
114,-120
42,-124
15,78
-87,-102
50,-42
-22,-23
21,125
124,122
-123,-71
31,-33
-91,-78
77,-82
-106,30
-43,113
-62,-87
-108,88
-58,61
3,-29
-26,-61
-126,72
-94,-45
106,-31
-57,115
64,-15
122,-1
19,-112
-5,-48
-97,-94
13,-122
51,-93
53,-51
-66,-68
-2,37
14,-31
-15,62
43,-83
110,78
39,-123
-85,24
-66,-51
-29,-86
-46,-122
20,82
124,55
-59,69
20,121
-53,-49
106,-57
-98,98
-7,-22
76,-6
83,58
-32,-89
-53,-21
-32,-67
124,-83
-17,110
80,19
-111,-49
-18,-96
-122,50
-30,117
-22,-114
15,54
97,93
-3,61
67,119
43,112
78,-83
125,54
84,22
-74,-33
95,1
-93,84
-29,-71
-93,116
120,36
-107,19
69,-14
69,25
-47,-49
-23,94
13,-42
-17,-48
-97,66
67,-61
41,-94
91,20
110,-93
-8,8
82,11
-104,-59
-51,22
-107,-67
-38,-56
79,17
51,-13
121,88
108,-118
-103,-77
-93,-122
-112,16
29,-113
84,-42
24,-11
-36,95
120,48
-60,-68
120,-3
13,40
-14,-75
101,122
1,107
106,-98
110,111
-98,-22
60,-67
41,-120
68,28
-94,106
122,37
44,32
96,-71
-113,13
-2,-8
-3,22
21,7
105,62
64,30
98,19
-83,-44
-108,20
-59,-115
-73,-89
-44,12
41,93
-5,-84
-73,-16
84,-75
-71,51
57,-63
41,-106
-70,-103
61,124
100,123
56,98
-23,66
55,-97
112,104
111,-16
17,83
-118,-104
-112,-52
-79,-40
-31,-61
17,67
43,4
103,-56
71,-8
98,50
39,-31
-95,46
-127,-22
-83,-125
34,113
81,84
-13,94
78,92
-120,5
-118,39
-30,-96
-49,54
-46,72
-68,-3
98,99
-3,-88
-117,66
54,-78
36,49
115,118
41,-109
-55,103
71,-105
-108,2
-53,-37
-43,-68
-75,69
22,16
15,-53
-126,-104
48,6
-52,-40
-0,66
-25,-107
32,10
39,47
-111,66
32,-19
-3,-64
-124,-78
-126,-46
-3,-26
76,-42
52,-62
-68,22
-24,38
52,-7
-52,-51
97,31
-111,99
31,95
25,84
74,73
25,8
88,-124
-87,-27
115,96
42,-122
96,-99
-97,-78
65,36
-2,-6
-69,-70
3,7
-90,46
-106,62
0,81
119,107
-93,91
119,6
76,-82
122,12
106,100
7,13
120,-47
-60,17
2,-2
-3,-70
-1,126
-45,125
49,84
-57,69
-9,78
48,35
-76,-91
10,105
-29,-59
75,125
-86,-10
42,34
-46,41
-42,-113
-1,-116
29,-57
-52,-108
-115,34
76,-39
-76,16
-16,-126
-30,-108
10,64
-27,-114
-17,4
-86,-83
-71,67
-120,24
8,101
55,82
-126,43
-31,31
-70,124
109,20
-34,-3
97,41
-101,79
-121,-90
-120,-100
-86,122
37,83
73,57
-36,-81
-12,-109
-29,-105
101,74
112,-49
-71,41
71,75
-12,30
5,16
114,85
-84,-11
48,-81
-36,-124
-107,104
-52,41
64,-32
72,30
54,-86
-102,-91
-20,-93
105,117
-19,28
-96,-46
-58,-54
42,-101
85,52
-34,93
112,-124
-87,45
80,-84
51,18
37,65
18,-86
-127,-0
89,-109
64,-96
-99,40
99,-4
-36,-1
-89,-36
74,-89
9,51
-49,-124
-22,-84
59,-85
-31,108
-43,53
-85,-86
-31,-45
23,48
-40,-12
-58,-121
-63,-41
91,72
8,-22
39,62
-60,-18
100,47
119,103
-16,70
96,-10
90,-15
-85,-126
-122,91
-25,-18
-40,54
64,-36
-94,71
117,27
-75,11
5,30
50,-92
69,46
42,-4
-53,60
118,-32
-35,-1
-81,57
24,124
-3,84
-64,126
112,120
-4,28
105,-64
-93,117
-49,116
-21,41
-24,-23
118,-103
-80,-100
65,117
114,108
17,89
-107,-123
-111,-4
33,16
-76,54
64,-48
-44,36
-10,-20
-10,34
-42,-66
49,67
32,-5
-97,-40
-113,-93
-17,34
110,-11
-100,-118
-122,3
46,-126
60,-123
-65,24
97,54
24,-68
22,68
-22,-65
-107,43
58,-90
90,7
-40,-74
95,2
82,1
-78,7
41,80
-105,71
36,26
16,110
104,39
83,-104
-36,-108
67,75
59,-19
-107,-67
2,64
-50,16
25,41
1,-91
-84,31
79,11
39,110
9,-127
99,-106
-113,38
-53,-11
18,-38
0,-1
58,-65
-7,-50
109,-106
116,102
43,17
3,-94
77,-0
-70,-4
98,-18
55,-26
83,-13
-99,64
16,-13
95,-127
81,-63
-109,-3
12,32
124,-56
73,-43
-67,-98
-28,68
-95,-7
-100,27
-43,13
62,48
-22,5
91,-90
23,-31
45,-75
9,-119
-104,-70
-28,-65
-13,-81
-112,83
55,26
-51,53
126,8
-106,-31
-123,-2
-76,-43
78,36
-8,108
-48,36
-54,31
122,59
66,21
-94,98
32,37
-11,-60
45,-98
53,107
-83,-119
1,-37
8,16
9,-8
-21,6
14,-11
45,58
3,43
16,125
-103,119
-8,-11
-84,-108
56,97
122,-74
106,118
-24,108
63,-28
-16,-119
88,39
-14,74
55,116
40,14
-110,39
29,-70
-67,0
8,32
-81,-39
123,21
49,-88
-53,-107
43,22
19,-35
81,-73
-63,-109
-68,-6
-59,57
-73,-64
120,-79
113,-114
100,-16
-118,-69
-51,-15
-40,62
-73,-72
123,29
-49,-43
52,-99
-12,81
112,-109
-31,32
99,70
-65,-124
-103,-63
-73,121
-9,44
79,-50
36,18
15,-63
46,-113
-44,-79
-12,-28
42,107
-45,-75
-33,-112
49,-34
-28,86
-18,124
-71,-76
64,56
70,123
-16,120
-109,-105
42,-108
-17,-7
109,43
63,-98
-36,-120
-31,-81
-88,86
42,-83
-82,-43
97,-26
-124,43
-112,-18
69,24
-115,-78
96,-32
68,-27
-102,3
-14,81
20,-105
27,-75
-75,66
-88,96
2,98
-4,113
-96,77
-51,96
-92,-90
-114,119
-29,-19
61,-86
40,-89
116,13
1,-79
35,-51
-39,58
-64,117
115,33
-85,-74
7,-93
126,-118
104,-38
39,-80
-94,-120
57,42
34,-2
76,85
63,-112
-118,-41
1,-23
-32,-47
100,16
-81,-12
-98,64
-25,49
46,55
64,-4
55,-8
59,0
-47,-30
43,104
-98,37
114,88
-6,36
24,-88
26,-98
-26,-47
-105,-42
-61,58
-60,64
1,-12
-73,61
-37,81
-78,117
2,33
48,-115
-12,-100
118,68
67,-48
-124,101
102,83
4,-77
32,96
56,-64
-121,79
43,109
66,-84
-95,-31
47,38
53,-6
57,-100
84,49
25,-55
121,40
103,85
-112,28
64,-110
1,17
-81,115
-122,-41
120,82
-111,-107
47,16
105,114
59,0
86,-39
76,1
-100,8
55,109
121,-65
-104,39
84,21
-56,-65
-115,-80
11,-115
75,7
10,40
-74,-43
-51,-84
24,-85
45,-115
25,-69
-47,20
97,-24
119,-86
107,-33
-38,26
-95,118
-66,125
-4,-109
106,-68
-56,-57
34,79
23,121
-17,-127
84,-7
-97,-6
-8,-94
-44,-34
-77,-4
78,77
87,46
63,-122
74,-93
110,35
76,-22
57,-108
33,93
-120,-37
-28,93
-86,-43
-52,50
43,37
97,16
-109,108
-93,23
14,-22
101,5
-124,96
-2,-10
-11,-16
90,24
37,-108
-49,-118
-112,-52
-96,65
112,68
94,-104
-20,-49
-118,-75
71,-124
-45,37
33,52
53,71
99,88
-17,44
118,47
12,80
47,-126
3,97
-112,-13
-45,81
-41,83
18,95
-71,-57
4,-104
100,-126
-71,110
-14,59
-3,82
79,-91
126,51
-21,50
-113,-32
100,18
103,-33
-95,30
-73,50
10,-33
2,-31
13,-38
-122,68
65,-99
-15,42
-38,103
98,75
117,-74
20,16
3,25
-47,10
-45,-41
-109,-89
-17,-60
24,43
-39,11
-1,-47
-23,88
-56,-28
87,-72
-114,-105
59,-96
114,-58
-45,84
93,41
-46,112
-65,114
-67,-17
-37,4
-80,-112
16,94
87,-45
-13,-1
4,26
56,24
56,-50
-113,55
-25,71
99,124
13,-4
-26,8
123,46
71,-106
115,-100
27,-19
-65,-47
18,91
55,5
14,26
-28,-75
52,66
71,-62
-45,48
114,34
-121,10
-43,60
-51,107
54,101
-22,51
105,59
35,56
-15,42
-12,-45
96,4
-31,-16
53,-111
-87,64
106,-107
-90,-86
-43,80
-41,87
106,-68
-65,-94
68,-105
-96,-75
38,-47
-33,-121
117,68
-31,-58
22,-52
-19,-56
-120,14
-59,-4
-38,63
84,116
-31,-97
109,75
9,-117
55,122
-22,2
-3,-85
15,-114
8,-59
0,-113
-115,74
87,-78
78,-24
-114,-102
100,76
64,-38
106,104
-116,-77
3,14
24,-86
-118,-73
-103,40
120,117
-47,63
20,123
-86,28
56,21
-121,74
-40,-31
-4,73
123,-52
8,13
35,106
-38,34
123,-98
-94,-84
-57,-84
58,75
-11,-59
88,-108
124,85
95,-95
-24,83
-48,22
23,-0
77,-101
28,-100
93,-4
114,94
-45,-103
119,49
5,-94
59,52
37,-10
47,3
-33,97
53,-117
13,91
-12,-29
52,-93
56,42
-79,-57
99,-21
-66,-19
-87,78
-117,54
28,-95
-19,67
98,6
15,62
-35,-38
-32,126
9,6
-111,71
26,-120
-99,-65
-80,55
2,-16
1,-2
-23,-80
34,-65
66,-109
36,107
62,-56
-34,125
-26,103
18,42
-104,28
84,19
-111,-66
23,-48
13,-15
104,-8
-72,10
-52,96
92,-11
103,39
-108,126
93,-106
107,-23
101,20
43,71
-30,-47
-71,-45
-32,-80
21,-91
-65,-82
111,-67
-20,-63
38,53
-115,9
-39,77
-52,-17
-49,-36
-100,-73
91,99
-120,-116
-94,-45
76,-90
-21,26
116,108
7,-24
124,120
116,-21
19,116
-45,-12
106,-107
85,56
-58,-77
104,60
70,25
-21,-94
82,-104
-29,44
8,-18
-116,-62
125,-27
-6,-48
109,-41
46,5
-11,-69
-104,126
122,-112
-53,-37
-46,-55
24,-16
104,-38
-35,83
-57,0
0,-40
11,100
126,-2
53,119
68,54
53,97
56,22
54,-21
90,34
-52,-19
87,-51
121,68
41,84
-23,81
-83,-57
-12,78
103,-14
5,-19
90,60
-44,120
92,54
5,-3
105,93
-56,-73
108,54
92,-40
-47,-88
-95,51
43,108
72,71
-29,102
-29,-37
89,-118
-13,91
83,-41
85,61
100,-11
64,-89
44,70
-96,-47
-120,-99
29,123
59,-45
115,123
32,-80
-8,-51
-4,120
93,100
81,41
28,39
17,-37
2,50
93,5
44,-63
-54,-38
103,-81
-112,48
7,-79
2,94
-3,-37
89,58
97,87
110,92
-89,116
-119,95
-77,-24
35,-69
64,-7
-49,-13
-19,-5
32,-82
31,-30
22,-34
-49,-19
-44,-67
113,33
93,-107
34,94
14,-56
-33,-1
8,-98
50,42
60,18
36,-91
69,-107
-70,1
-17,7
-56,64
83,61
17,-82
71,-51
-25,-53
47,72
84,-66
79,12
87,-72
-39,42
111,69
-109,115
-78,74
13,-38
-7,37
-108,-111
-120,-102
-114,47
-27,106
120,-25
-36,-81
8,-110
65,-109
-35,103
-72,-19
-123,-21
44,10
-80,80
9,-2
-60,-26
-44,-40
121,101
-76,-58
77,52
-11,-10
18,28
-80,105
-97,39
-61,39
30,115
-1,126
124,39
-91,52
-37,-71
7,-79
47,-55
4,37
-104,29
117,94
-14,-56
-44,-68
-118,-61
3,19
78,111
111,111
-4,-88
-8,-87
87,-66
-96,76
-89,2
42,121
81,-103
80,-44
95,126
-23,-1
-97,-10
-120,-11
-91,123
45,-41
87,46
27,-33
-84,73
17,-114
88,-99
-29,63
29,-45
3,-3
-20,-106
-102,-25
70,-83
-61,-45
-113,-29
-35,69
-75,-16
47,49
-96,125
-1,-100
39,-3
8,79
116,-109
54,33
89,98
-9,85
84,-38
13,-85
-35,10
45,65
67,-56
-10,80
30,63
-77,-11
45,0
-77,-86
17,119
115,-103
117,106
71,-99
69,68
-0,-3
-99,114
106,-20
90,-74
-78,39
-31,81
-76,87
34,-57
-99,-117
120,-13
113,120
37,55
-18,-2
85,11
-90,-54
-85,-85
105,40
-5,2
-26,115
5,33
106,97
42,88
-102,-37
109,65
-70,-19
83,99
108,-70
79,19
57,-92
-91,-101
57,-15
69,46
47,-23
113,-45
55,121
-65,43
-80,-63
-61,43
-107,-75
-119,-16
-4,88
-24,-125
-8,24
32,111
-53,-54
-100,84
8,-92
105,75
28,-86
97,-118
-45,-62
-70,66
58,106
-38,-51
-32,-122
-53,47
-42,121
85,-63
109,-32
41,66
76,-29
-53,-35
122,74
110,66
-63,-109
51,-53
-69,88
51,-121
-32,64
67,37
20,32
-39,-74
38,69
74,-42
-73,125
118,-81
-80,16
48,-95
96,19
117,48
-13,-93
41,5
-82,25
18,-90
95,106
-79,32
5,63
-22,70
-28,-12
-10,-112
87,-44
-100,-120
21,16
-21,-49
-54,-14
90,3
-45,98
-115,-99
60,52
-120,-83
-125,-56
-19,55
-98,-85
-99,49
25,-72
-33,11
-77,126
11,-58
-24,121
98,55
-44,67
-33,-40
-15,-25
-99,91
8,-101
-92,-21
38,74
116,5
42,-88
75,-86
-19,-46
-90,-40
-4,-23
84,-29
-49,4
102,110
9,-119
-110,11
-83,2
-110,-27
82,-125
-55,122
77,101
-95,58
-30,-22
-74,-115
-80,90
60,77
66,5
121,-72
46,115
82,-92
-86,37
-109,-24
-6,-121
-34,12
39,-53
71,112
31,66
-116,-121
14,-87
82,21
6,22
121,70
8,-66
112,6
69,14
124,-41
11,98
49,-79
-7,23
-62,-93
-82,58
99,-61
52,25
-105,-115
41,-100
104,-78
59,12
-62,10
-86,-2
-63,-89
42,-45
-6,-117
-3,-109
-54,-118
42,16
3,8
32,22
-6,-64
-42,64
100,70
-35,12
11,86
-80,-73
118,-19
91,-96
-73,49
4,99
-114,-88
-22,-14
-42,125
-39,15
-115,6
-68,71
-73,98
-75,-99
51,35
-81,-42
-43,-72
-62,-126
5,-125
18,4
-66,-38
-88,-61
90,83
-58,-58
9,68
36,-104
93,52
120,90
18,-22
67,123
53,17
118,-27
33,47
12,-76
16,-81
-76,79
44,49
-80,-106
36,41
-16,3
44,-84
86,-114
74,-26
68,-109
12,22
-124,-106
79,49
80,-99
38,-107
-113,113
-14,-4
-51,-120
-17,32
126,-64
116,-29
32,-51
-37,-91
111,-94
-92,-110
-58,77
-59,-11
43,26
-109,-42
-85,-72
6,16
-74,95
42,-10
115,83
-22,29
-115,53
-9,-96
78,-51
118,46
-95,64
-23,12
28,57
-84,-9
46,-116
-0,-114
-19,41
124,92
-15,-2
73,-19
12,74
91,-28
103,-6
73,-85
97,14
-102,-114
-70,46
38,112
-7,41
51,-98
-89,-88
-76,-52
-31,108
-43,78
-39,19
29,16
2,13
-62,112
125,40
9,-45
-48,-118
-24,120
73,-9
-122,23
-97,56
-54,-124
102,84
2,32
104,126
-58,-113
85,-45
31,123
22,71
31,56
-36,60
-6,-100
-47,95
-110,93
-65,-111
27,70
-17,-101
-16,69
-103,71
-112,-119
95,-25
-85,-77
-91,25
39,40
-105,0
70,-62
6,-68
-65,-64
-94,-19
-96,-51
-115,-107
74,-77
-107,-82
-10,-106
90,36
39,-69
77,114
123,-89
53,-25
-32,-23
52,24
77,-19
-105,102
-109,-125
69,45
93,111
-37,34
47,19
27,2
-77,-30
38,94
-43,29
-19,51
79,116
53,-69
-51,58
-102,-76
-38,-15
92,-41
97,43
122,123
-17,43
-79,-91
-33,-10
-29,-121
-76,-34
84,-42
-37,108
-17,-46
-41,34
-89,58
-69,-74
31,-29
71,-97
-68,-94
-121,47
23,54
-88,-24
-93,-125
26,-39
56,19
60,8
98,-69
88,122
-57,-66
-2,-8
-33,34
67,126
77,86
22,-0
46,-77
-70,-117
-73,19
47,-68
99,-17
-63,-107
88,97
-95,-8
35,10
114,-98
73,79
28,-7
18,32
-126,19
26,10
-64,28
-49,-87
52,74
-1,-90
119,30
-114,-45
109,50
-59,28
113,-36
37,-87
-7,-62
73,-8
-125,-68
-90,-113
47,6
10,107
12,-11
-4,-8
-99,-28
17,123
-39,-112
82,73
-6,-30
122,27
-111,13
-71,9
18,-48
-52,99
-38,-78
1,-75
102,59
-2,-87
-113,71
-82,-119
-23,-20
38,-88
-3,2
111,-82
101,-25
41,111
84,-53
92,-90
-37,105
-26,108
-111,-82
19,-117
60,-29
104,66
-0,2
-40,-0
-62,41
91,-87
15,53
119,17
109,85
-22,75
-108,-121
120,-13
-32,-52
-100,-116
-64,78
98,45
49,-7
-66,-71
95,-51
58,9
57,-62
40,-63
52,64
-126,-61
85,-124
31,-11
-52,-70
15,91
-99,36
-71,-92
9,74
25,18
98,-96
-89,21
126,-55
-70,109
116,-33
-85,-119
42,104
-42,-85
3,-20
-10,-38
41,2
-95,-120
11,-71
-93,48
-21,47
33,2
3,-121
110,53
29,-102
126,-71
117,9
33,30
-65,-17
-17,11
-21,104
104,-108
-95,-82
123,70
-70,34
57,-91
91,32
-53,-103
117,70
-28,74
28,-56
71,19
-48,108
120,-40
80,17
115,62
-20,80
-33,103
39,98
97,75
80,118
25,118
0,-53
-21,97
-3,-91
107,73
8,-111
73,-127
-103,-49
-101,-67
-58,-9
114,-58
121,-111
56,84
42,100
93,-105
-17,70
-61,77
-19,113
90,-84
76,104
100,100
-92,53
70,-12
-49,-127
-76,-115
-20,-73
-114,-6
-55,-115
-104,50
-116,77
-49,-8
84,-26
-124,24
90,28
-40,-91
-36,68
-27,74
43,-117
-92,64
-27,-29
-46,-21
83,-34
-100,-46
111,-13
-22,-125
71,-26
-17,4
-79,83
-107,-64
104,-125
-35,-56
96,-115
6,-109
-20,-104
99,30
-30,45
-34,-49
-71,107
98,-124
-26,-82
-91,76
80,89
-10,79
-61,83
52,123
-15,-48
-120,-69
-45,-2
-18,52
-58,-19
-86,-91
74,8
12,106
-48,-99
100,-69
-34,105
-43,-120
29,50
-77,-84
-44,21
-82,92
-11,84
76,-31
-16,31
-106,-52
21,-5
14,4
-118,-87
-85,-3
107,87
-30,42
5,-27
-46,-93
8,-25
46,-73
-43,-46
-75,85
42,11
113,-86
-93,-93
-49,65
62,34
25,51
-114,120
29,-22
-64,-67
-37,-86
-121,-92
21,-95
-105,26
43,118
18,-82
107,-112
-58,51
79,-98
-93,-60
-100,-123
76,-106
-49,-29
-106,98
121,110
-68,-80
-81,1
87,-93
-65,-41
-104,21
124,-73
-11,-35
16,79
-38,-118
-113,121
-124,82
109,-50
-15,19
51,-2
112,-25
-123,-126
-61,-45
-6,-35
17,53
66,112
-63,-64
-24,21
-107,67
-76,118
99,61
40,-126
34,-57
-123,-97
-80,-93
-121,-30
75,56
-50,19
-3,105
-2,43
-112,-16
54,124
-127,-68
55,-69
-10,-21
52,-77
73,-92
-125,-62
-63,-54
-103,-22
72,-75
-123,-41
85,1
-109,107
-79,108
-107,-18
64,-23
-90,126
-28,118
-10,81
-76,40
-45,-123
116,-29
-87,-27
55,-105
-67,126
79,-25
72,-18
62,103
62,119
-105,58
-50,4
-11,1
11,90
-19,-23
-70,18
-36,-63
-105,-115
-20,-28
-113,29
127,93
-79,14
-59,-64
-99,33
114,1
40,-93
96,-72
105,-79
-120,15
-11,66
-19,41
-3,54
104,11
102,15
33,-44
93,118
42,-98
-38,43
-70,97
-84,60
-126,111
-3,-9
-5,-56
-57,-5
68,98
65,62
-51,-41
-4,-111
-26,35
-31,111
2,69
68,101
-29,53
36,-101
-49,-44
-22,17
-96,-70
55,12
6,-83
-29,50
1,78
-109,-89
24,48
34,49
-40,-20
-69,-51
-34,-90
-118,-7
-81,-50
-97,33
49,-113
57,-123
-127,105
42,-49
114,-14
42,-27
-121,-66
-114,105
-20,53
-90,-94
-43,61
-56,87
119,-125
-59,100
-24,44
-59,97
71,15
53,64
65,-77
-67,116
-18,-122
-88,-105
-122,16
15,-120
-26,22
-82,95
72,102
-48,25
7,104
-48,61
96,48
-106,65
-6,74
-97,79
54,39
12,14
114,3
45,7
-57,-127
-9,-46
41,-31
31,97
-102,118
61,-62
90,103
45,-32
53,-26
-102,101
-29,111
-113,105
74,-81
-80,-90
-40,91
-107,-16
81,120
-86,87
71,-27
119,-63
-31,-13
77,-24
-89,100
97,-62
-1,-63
-87,51
46,-5
29,-100
27,-5
69,90
-58,-10
121,118
-12,-63
-18,118
-0,3
-112,101
-15,70
-67,83
-77,-19
3,42
35,79
-92,79
-60,-124
55,-101
0,92
-86,-114
-35,-125
-96,-81
56,-109
-58,53
45,-80
45,77
-61,3
-4,63
-4,13
-24,-125
94,-51
95,-95
-34,31
22,26
78,47
63,-111
-75,108
-80,36
-64,74
95,14
-17,-31
-52,89
-17,119
22,-107
55,43
-82,-17
99,31
-37,22
102,-90
19,59
-12,-31
-5,-44
60,-122
22,25
58,-42
-27,-65
98,91
117,59
20,-30
-45,-10
-116,-95
-26,28
58,30
27,9
56,113
-63,-1
-113,61
66,62
73,127
-106,-3
68,-25
71,-98
74,-113
80,-36
23,33
-0,11
20,-108
-95,113
74,-125
-59,35
71,110
93,3
78,69
-40,12
-72,-67
-100,-34
77,-25
3,68
-13,-74
22,-61
-48,104
-75,42
35,68
-4,-91
-101,5
-111,-68
56,-32
-65,111
51,25
12,-86
68,-12
58,-46
15,-38
-59,69
-39,47
67,-71
15,121
-98,-75
24,-16
-21,-9
-18,-110
-95,118
-41,84
-35,-59
26,105
44,42
-72,-85
-89,72
-96,-82
-62,-27
-118,-21
89,-73
58,11
-22,-36
-90,-110
12,-117
78,-62
-35,57
-7,88
-13,70
54,79
78,114
-71,-66
-51,-106
122,-71
52,121
-25,105
-31,33
-43,125
59,22
11,-27
13,-42
-92,45
47,45
-54,-33
107,-12
-96,49
65,-39
-14,-90
99,-35
89,73
38,113
120,-106
92,102
-7,77
103,61
-44,-55
35,49
111,-102
-24,122
98,101
30,88
-104,38
56,47
-95,-10
90,84
-114,30
-35,97
95,-111
4,40
22,118
51,-106
92,-86
-74,38
-29,-66
76,64
-1,-55
-102,-23
-27,-6
101,-123
-88,49
67,18
121,109
-87,-49
103,-119
-37,12
49,5
-109,73
-36,42
91,124
-13,49
-100,13
4,33
-20,119
72,-95
105,-46
45,-35
23,55
0,76
92,-65
-34,-62
22,120
-112,120
60,-98
-27,120
-72,80
-86,28
24,-55
-92,59
-124,-119
83,63
-80,112
-107,6
-104,42
65,18
108,94
-99,-52
33,-124
83,-19
-104,-68
-122,-13
101,8
-4,23
80,51
109,-122
-92,-101
-91,36
95,94
-48,-68
-84,-18
87,124
-8,-82
9,55
124,-119
-99,-87
35,40
-94,27
102,40
106,-13
14,-77
-44,-74
105,-39
-17,52
72,-101
-68,19
-64,85
-111,-112
9,-110
-3,-98
76,-116
45,-54
50,-68
-37,106
14,-32
8,32
-29,-2
64,54
46,115
23,-78
-109,23
-89,62
-45,-46
95,59
74,33
44,102
-25,-22
115,-54
90,113
-28,-44
46,126
-8,120
-89,65
-66,-87
-72,79
21,121
-45,-25
-120,-99
26,13
12,35
27,74
-3,-112
126,-33
-48,98
-58,49
-75,18
92,112
-94,-49
81,76
91,-27
-1,113
95,-61
53,17
33,95
33,46
107,-64
123,23
43,-32
-90,125
-119,54
-73,-112
-42,-13
15,63
-26,-103
-115,-54
0,-12
-14,96
-49,87
91,19
10,71
-37,31
-105,-40
-24,-113
-9,68
-71,-31
-109,-101
57,30
-73,-64
-52,122
19,104
66,-10
82,-102
-4,79
-8,4
0,78
66,-120
-52,39
80,-38
52,101
-126,89
-87,-90
40,-63
91,73
-27,-12
49,71
122,76
106,-56
4,92
34,127
-30,77
-104,-89
-68,14
-106,-54
124,96
-10,67
68,64
63,114
-8,18
-13,-101
77,24
25,111
-19,118
-48,39
-48,90
56,7
48,-91
14,66
96,51
-111,-56
99,-13
32,88
-112,-38
122,117
100,-83
-50,-28
11,78
-39,-49
-34,-107
3,86
77,39
-6,114
125,-72
-32,24
88,-107
-118,84
70,61
-43,-35
-61,-86
38,91
118,-119
21,-3
93,-72
6,-60
-22,-113
10,-123
-54,65
46,31
-24,8
-93,82
21,-62
-96,76
112,50
-45,-124
56,114
84,-26
-111,-117
-67,-21
27,-35
84,43
48,10
-115,104
47,82
101,-86
-112,-50
-102,-87
-26,-36
100,-112
43,65
82,126
94,51
33,-47
18,-40
-11,84
-15,-77
-105,-58
-120,-29
78,25
44,-56
-56,-126
-78,77
-27,-125
34,-76
-70,8
-117,-74
-104,118
-45,2
27,-114
-18,113
101,-49
6,-3
84,16
4,102
-26,51
-75,28
56,-119
-34,14
14,9
35,73
64,-79
-12,1
-122,66
-77,-113
-61,-55
4,-13
-64,49
35,-99
49,114
66,-97
-61,-28
-77,-39
86,-53
-73,29
56,67
25,-61
-89,-25
19,105
-25,-113
-41,107
13,-114
90,66
-12,8
-37,-124
-22,102
-45,-110
104,-49
114,103
52,-117
-103,47
79,-59
-58,-82
47,54
105,-28
-103,-27
-52,13
69,-2
5,20
30,-5
-97,-95
15,80
116,-119
58,-67
108,-64
-113,101
57,-0
-106,-37
57,106
-115,-2
22,0
-50,-3
-22,46
116,-69
-77,23
-2,8
-104,12
87,4
37,31
-125,49
116,96
-70,-24
-69,27
71,-65
125,1
12,91
-101,-112
-113,48
-69,-64
-48,-95
79,-101
90,18
-90,54
-73,16
-120,-104
-41,-66
45,34
116,114
-114,52
54,-24
-68,-88
-86,-88
62,40
120,-118
-33,-28
39,47
46,115
-95,-20
119,-64
-65,99
8,-73
84,31
46,-34
4,110
-23,71
-90,5
-65,80
51,39
-21,106
-88,98
80,-21
-103,93
95,-99
4,-124
-85,52
62,-103
-18,97
-87,70
-105,47
92,-20
70,115
-59,-3
-55,73
27,-5
-115,-22
85,-95
119,-24
64,30
108,25
-100,105
104,77
81,-43
36,22
127,43
-72,-108
125,22
-121,-3
-27,-70
16,105
16,-120
-8,-25
-14,103
-76,-89
-77,-42
89,-16
49,-121
-31,-75
-79,122
-62,-99
-52,11
101,15
125,17
-106,103
-39,-34
-105,108
33,-21
-63,65
-19,124
2,-17
-56,25
10,-94
77,121
-96,107
64,-124
-5,32
127,117
-8,101
10,71
-105,-18
119,54
31,-108
-13,25
104,34
103,-30
-95,-0
-62,-26
26,-127
-79,62
-60,-33
-83,49
2,-88
32,-99
-22,-114
-103,8
-38,-90
7,-35
125,88
-100,-93
33,-75
26,-73
70,-64
-8,17
-90,88
-72,14
94,-64
112,-75
-100,22
1,9
-50,-92
70,-115
58,-4
-59,46
68,-109
87,115
-25,-56
112,50
-123,-92
29,111
-87,57
-30,63
-19,-23
46,-58
-29,-56
-62,85
68,-75
-81,-29
127,112
-45,123
-96,-33
70,-125
117,-94
-27,30
45,-52
-52,79
-69,-78
87,49
-28,54
31,46
80,37
116,97
-1,-115
87,-120
11,-122
26,-20
-14,72
46,114
44,-14
106,-102
29,113
-68,98
-91,-10
-83,-3
64,42
-108,105
-108,2
-62,63
-88,-78
-79,60
37,9
73,-93
-125,8
123,28
-125,-12
79,-48
-99,-1
107,15
-120,100
27,-82
56,-31
-107,75
57,2
106,-74
50,73
98,92
26,-116
121,-25
78,-100
119,121
-15,-46
51,43
28,4
-27,124
-93,-65
38,66
15,41
-52,-117
-115,-126
53,-94
-95,-20
101,123
-113,93
-60,15
-107,38
110,-20
-125,-89
-95,70
127,56
-45,-71
-122,-13
-81,-70
-70,119
116,-104
-93,-48
-38,-81
107,21
-26,20
96,-59
25,-94
6,44
-104,-68
116,-117
10,-117
79,117
11,-27
51,16
124,-127
-104,-124
114,-70
-115,123
114,-36
-78,-103
-76,40
-41,81
-121,-89
-34,100
-3,3
-82,60
84,-6
-121,-9
43,113
58,-87
-112,54
27,12
-125,-64
38,69
-15,-10
28,-61
-88,123
-90,56
121,-49
58,54
-122,36
-45,84
-33,90
-75,58
-2,-26
-89,-110
87,-85
8,124
25,-66
-47,110
-40,-100
-10,115
-110,-120
-52,49
48,-60
-90,-75
122,105
125,-53
-90,-60
-20,2
49,21
26,-120
103,-111
-85,126
-39,26
-6,84
-38,-35
20,65
15,29
117,91
-4,109
-6,4
15,68
51,74
102,30
-55,49
52,-37
31,-109
-54,34
104,83
72,-15
111,-107
100,-105
-42,-100
30,-9
-9,84
-96,-69
111,53
7,33
105,58
-66,-71
-45,-40
36,31
-28,-16
-114,-4
73,-63
43,109
30,69
-106,-46
-59,-1
26,72
115,-89
-67,23
-82,-60
-26,-104
-19,6
26,48
-104,16
115,6
-79,-49
120,-6
-35,88
121,101
-91,-74
-63,36
-80,-66
-22,31
-3,102
75,-0
19,-19
-6,111
10,-125
-117,43
-10,35
55,-52
25,-56
120,-84
41,27
-88,109
-94,77
104,-47
107,-62
-92,-61
-114,-6
-62,-14
112,82
-26,-1
-29,11
67,-78
-87,36
88,15
-42,-64
34,-71
-119,66
33,-125
71,-91
-15,-117
-99,44
-106,-58
32,37
-47,-84
89,-58
-107,-120
66,102
49,-109
52,-104
-86,2
-44,-86
64,-74
-98,24
93,-126
13,47
94,-14
121,-98
30,109
-57,19
-124,-58
116,-125
50,-39
-89,79
34,-32
-75,87
111,104
-69,23
-89,28
124,27
117,104
92,85
-17,84
-5,-10
80,-93
-20,47
-125,-105
-105,-112
-12,49
118,6
-52,106
-42,-11
56,73
-90,-31
65,-23
83,107
44,-64
-73,-115
126,120
94,96
78,74
-1,39
7,-95
-70,-15
6,-126
-70,34
-45,38
-72,-84
-6,107
-0,-87
85,21
-39,46
-116,103
77,44
46,15
82,-121
-93,66
-113,-27
86,-13
73,-69
124,76
-120,105
65,54
-85,125
-49,-85
-35,61
-19,-82
105,-60
67,-60
41,-119
88,-29
-111,-123
-125,-39
-110,1
-107,8
100,-25
-51,-90
-97,90
-89,93
66,-114
-24,116
32,-34
-108,127
53,11
101,78
-63,72
102,42
-86,-102
101,-94
48,-16
119,72
-23,-59
107,-43
-44,107
-113,-5
34,-74
-77,96
-120,32
20,-22
3,114
35,108
80,117
74,-47
-21,3
-56,-112
40,31
6,-61
-117,-48
45,-104
-58,-91
-34,-89
78,-47
114,91
-29,38
121,66
-102,-95
107,68
-126,7
81,89
95,39
71,-18
103,72
-37,-69
94,64
28,-17
127,67
-57,-87
-52,-42
93,57
-43,-30
-74,-107
-10,-115
23,-68
-124,69
-102,73
56,38
-114,63
-44,52
-52,-40
107,79
51,-66
-101,12
-62,-25
-72,7
-44,119
-38,-3
88,-100
-99,-17
-92,108
-75,113
-115,-108
19,74
89,39
-46,104
-122,97
-20,-84
48,59
-90,-78
-65,6
-76,-11
-60,118
34,21
-51,117
-30,46
25,-24
-69,-95
14,-8
-45,115
55,99
-83,-57
102,-50
-112,-77
76,-27
-125,118
-109,20
-37,-124
-24,107
-16,-62
-79,-12
-113,-40
109,-27
26,-51
114,-119
11,10
119,106
-86,-55
-127,105
92,26
-46,-94
-77,-123
127,61
-74,-116
-58,-69
114,-83
-123,-4
98,57
39,14
115,-68
-30,-56
25,-105
-63,104
26,-28
-75,101
47,61
-88,116
-43,81
70,-46
-40,-94
-111,70
58,111
25,-125
-116,107
74,103
76,-48
107,-5
16,21
-92,-64
-42,-17
19,28
-72,-6
64,-6
46,83
5,-33
35,69
114,-65
-120,76
-36,73
-10,-8
-61,100
-40,-28
102,115
91,-74
20,-86
-119,50
-58,-74
65,120
71,35
47,-70
88,-61
37,-111
64,-113
47,-125
-122,-86
-67,22
-44,-105
-38,-111
-121,10
-28,83
-79,-37
-20,5
-48,8
34,90
-83,79
-100,-110
-50,-69
-47,-14
-118,-91
-61,-16
-42,113
119,-51
-18,-102
58,-117
-78,17
-67,119
22,52
35,108
-18,-24
36,-104
99,-70
39,89
-30,26
-50,-114
-52,60
98,20
-89,-28
103,92
4,122
-41,124
-114,77
86,-2
107,-54
112,-6
-50,-11
-35,108
-49,-122
-26,-122
-88,-78
-85,-2
90,-112
69,-70
-2,-120
127,-9
-23,62
60,67
101,-1
-1,103
19,54
60,-94
86,-110
37,-31
-13,-42
-53,15
-104,-99
56,116
98,-101
36,-31
6,-126
-79,-75
-62,85
13,47
-44,56
-86,3
105,18
85,-47
44,-20
-10,115
-113,111
-115,6
-61,62
-88,-20
37,113
-78,53
71,9
-70,126
-11,-72
-61,-42
68,23
85,70
-50,96
-24,-42
110,62
-76,-99
68,114
33,-70
-64,-63
-29,56
-62,72
101,-112
-26,119
94,6
-100,98
41,-3
-4,107
-100,-45
41,-84
-110,97
56,-13
13,89
123,-89
-112,-112
-8,-40
-116,-39
119,-112
-17,-65
-100,114
20,-108
-113,19
99,-8
-57,-112
-7,-99
55,-107
13,-33
-75,36
-2,37
42,52
-97,126
-71,-108
-16,-8
48,-117
-12,40
110,52
69,-98
-124,21
108,107
-101,111
-23,-12
-110,123
58,87
113,-28
43,96
-9,26
-88,-116
-107,-24
-11,81
-25,-43
100,-9
10,117
-62,-90
-0,-125
-69,33
-85,90
-46,27
26,-69
-7,118
70,33
82,-77
-56,46
40,-88
-96,-103
65,-27
-121,-110
-10,68
-64,-70
56,104
89,-71
-111,9
43,-40
45,-1
-118,-57
-11,-89
-96,-53
-13,-109
102,16
-123,11
105,-122
-49,92
89,-22
-110,-69
-65,-16
-39,-90
-14,21
-95,125
6,-104
87,24
44,121
109,101
-14,-58
-79,37
-23,-94
-99,57
-92,-16
-98,10
75,-95
107,-48
-15,5
-37,6
64,15
-5,-50
17,-4
-80,78
-24,2
-33,82
-102,-105
109,-70
64,69
-104,-112
-39,46
-60,96
-5,-34
-2,-119
107,-41
-85,11
86,-17
68,63
10,-55
-90,116
26,105
102,114
-68,33
26,-76
49,91
-119,57
-45,-118
24,-24
14,29
-61,-14
-65,34
-43,-63
97,-89
-10,-126
-115,-125
32,-42
111,-22
34,91
54,30
-118,56
-11,58
-54,69
118,-52
-21,125
-115,119
30,106
-9,-16
-69,-46
115,31
27,51
83,-93
-89,123
24,125
65,67
-96,-37
124,55
-110,72
-76,83
-69,10
-46,-80
2,-59
-29,11
115,38
-43,22
42,47
78,78
-107,26
-107,123
-112,-76
-33,91
33,-21
85,-28
-30,-15
3,40
-57,2
-27,-123
75,39
-102,-10
-88,-59
-114,117
-15,-125
123,-87
-102,8
81,89
33,-84
-3,-105
-9,-73
10,-74
-34,-26
46,8
110,-113
-2,74
20,-1
-52,-34
38,31
100,-15
74,51
-124,-113
34,-78
-111,101
-22,15
110,-67
-118,14
71,117
50,-66
-127,-124
-3,-16
-65,-119
25,12
35,26
48,-31
-35,88
37,61
21,15
-125,-61
-100,-91
87,-114
-89,-53
-98,-26
5,18
-21,123
48,-57
54,127
118,24
-24,-4
8,120
53,115
99,-15
126,-43
-19,-1
-41,19
-82,118
-31,119
54,123
31,-16
-51,84
47,3
-61,21
-116,-11
-71,-7
29,-98
-61,-28
-41,-18
-10,-70
-46,-32
-34,-38
-22,108
117,39
24,-112
-13,-127
-58,111
65,107
-25,-112
-35,-13
-22,-12
11,30
60,-77
122,82
61,19
121,27
-91,-88
-72,-18
68,-44
111,52
84,113
-67,-6
13,8
31,-80
117,119
116,14
-76,125
-53,-29
19,-124
1,-16
-117,65
-71,-84
-53,86
-117,-58
35,-55
-37,-104
15,19
-73,-65
117,95
17,111
35,51
-125,22
-1,22
-46,12
44,-13
-96,-13
-124,58
8,-87
-18,-75
46,-122
122,98
-41,-61
-30,-78
63,86
56,-93
123,46
-16,119
14,-120
102,11
-97,37
-107,61
87,23
-45,103
-9,108
54,32
-12,103
-48,50
-121,-122
-126,-83
-110,-14
-115,-117
0,-90
-65,50
-35,24
92,-0
108,60
113,-50
-124,-39
109,48
-57,-118
-103,-14
80,-28
35,54
18,-14
-127,-29
-51,31
96,-119
-15,-36
-69,-13
59,71
-85,-45
17,119
39,-30
-117,-124
-85,-14
-90,29
54,-104
92,-70
-5,93
-3,-26
4,-72
-37,25
-77,33
-46,101
72,37
-111,-2
26,-98
65,-94
69,-106
-67,105
50,49
-44,10
108,26
2,-74
-65,101
-101,15
70,3
101,-99
5,110
-14,-105
50,-81
116,27
30,-104
-117,-78
71,-113
25,90
-8,79
-67,70
-6,-8
64,49
-39,-62
103,51
39,96
7,34
21,-22
24,-10
36,-122
-94,-112
-55,-101
89,46
-79,68
-47,-78
70,-114
8,16
-36,23
103,109
-111,-103
69,-67
-64,104
92,124
-42,40
106,-18
-33,88
107,-32
-33,-60
-74,-96
26,126
-70,-45
-48,29
-66,-47
-90,25
-32,6
32,-14
69,-97
-5,90
-114,-20
97,-115
-32,18
-18,-101
-75,-87
53,6
9,72
70,63
-90,103
-60,-71
4,-26
-27,-91
-94,-69
-99,-34
-97,-67
114,20
-44,8
-117,-42
-26,-68
123,-15
-64,-109
-126,-13
43,31
-59,-80
17,117
66,-18
-84,99
113,56
-17,126
-114,99
-25,-58
92,-50
-114,69
-115,48
-49,-92
-15,-54
-21,-125
-11,-70
-78,-65
-117,115
33,-116
75,81
15,77
52,-49
-69,-37
-108,-18
-26,83
-47,40
-63,-86
-94,85
13,95
-47,-95
-50,-101
40,49
-23,-113
-2,-30
-101,-56
-103,-8
-65,114
53,1
78,51
58,73
-116,-92
-100,-47
127,110
84,58
91,95
-67,-104
125,-44
-29,-77
39,-10
92,-74
-22,-90
16,77
3,-9
-60,116
83,103
-13,-43
-28,-8
73,104
-36,-76
-110,49
-66,-47
15,56
-102,-32
16,60
-93,-111
63,41
29,-12
62,6
-85,83
-80,122
110,-2
-59,29
94,-28
31,-17
-109,-45
87,41
59,41
19,4
-124,-12
77,-10
116,-4
70,116
-42,126
61,-60
125,71
-77,109
-80,-76
-13,125
-120,73
-45,7
-44,42
18,-95
-23,-90
42,79
-18,11
113,92
-3,-91
62,-107
-86,-81
-51,-74
58,20
63,85
118,-117
-111,-75
84,8
28,11
-32,125
83,126
-55,-60
-103,-50
22,-47
64,34
-64,-64
-27,-3
17,-34
120,-117
108,-25
75,29
-75,40
12,-75
-69,73
47,-57
92,-0
1,-91
-5,-6
-100,119
85,-61
45,-10
-108,40
-74,-20
58,-44
-83,86
-51,7
96,118
73,120
-2,-99
-109,35
-6,87
28,79
-2,-7
83,-66
-114,-98
-50,-73
-125,67
83,-40
107,-85
114,-12
-47,-58
73,2
36,103
38,-14
-93,83
102,-122
81,-115
-67,39
-90,88
76,-43
103,75
44,-63
-38,-37
94,114
18,-4
-72,-84
-64,119
-117,79
-34,33
40,-103
59,75
-106,69
-85,-25
91,-87
101,-66
100,-32
-58,-40
29,-64
80,-58
64,-70
-72,-120
-5,-104
110,-105
27,111
-37,25
119,42
-50,68
-69,44
-8,20
51,-2
-104,-58
-119,38
5,-30
97,-73
-100,-124
66,118
88,29
-104,71
-46,-12
-85,-16
88,100
-4,43
51,-114
2,46
-52,127
33,-88
34,38
68,-19
35,-40
50,126
-86,-0
118,73
41,-33
-67,71
-73,-79
122,-51
59,29
-7,-69
39,-0
-70,26
117,-122
-62,-59
126,51
87,-4
22,7
70,114
-56,32
-64,100
-108,99
34,5
40,-115
-55,-60
-26,103
27,-37
-105,-45
-32,90
-37,7
-25,-107
-8,126
-91,-87
-35,-41
-96,-80
-19,116
-85,106
-45,111
-62,-24
-61,-63
6,97
60,-71
-101,-14
62,-33
24,-29
-62,-78
-109,-61
30,115
-108,-34
-94,-126
76,122
-4,-98
-113,-51
42,-116
-113,19
76,-36
31,32
-20,51
-91,98
30,-85
84,-123
-99,124
64,112
-73,-35
49,64
37,-122
-76,94
10,60
-9,48
29,24
-79,42
71,12
-48,19
-108,103
28,-116
-61,-49
54,58
111,-18
57,62
11,-93
101,126
61,13
-3,59
20,2
101,19
-116,-111
-95,107
-99,41
-6,-73
88,43
59,74
31,-105
127,6
93,29
-111,60
-82,19
64,-96
-125,-41
63,11
53,-31
-48,49
120,115
25,125
-13,66
78,14
-18,-103
-71,114
-37,42
24,86
33,120
-69,-83
-122,107
43,85
17,-54
-106,2
116,45
82,-64
-113,52
117,-94
48,-108
-67,10
3,45
115,50
120,-104
69,-41
-114,80
5,28
20,-76
60,109
84,-86
39,-43
-26,-127
-31,115
-113,-2
-25,121
-74,12
77,39
-82,-55
-30,91
-60,-98
-122,49
21,-22
-68,-50
41,-82
-118,65
-86,-23
8,63
28,97
11,26
-109,2
-102,35
74,-65
-52,-104
-78,107
-80,-97
-80,-84
72,89
6,47
68,108
-19,34
77,11
111,93
-3,-37
-34,48
-20,42
-28,-85
41,119
119,-4
64,-66
24,-2
121,93
14,80
65,-46
-59,111
89,36
28,3
-0,-92
-15,32
-79,-96
95,87
-103,13
66,66
-126,56
-107,-89
-94,39
111,12
68,-116
12,-58
76,11
16,-61
102,-9
87,-2
85,39
-77,-34
37,-16
-108,-20
101,68
50,117
-76,53
33,66
-122,72
78,-97
-123,90
88,49
-86,125
54,97
-33,95
18,116
116,-39
32,-40
-111,98
-75,1
-109,81
-122,87
10,27
102,99
83,-98
-16,92
-102,-76
-24,-16
-29,124
37,41
16,-79
-78,122
30,13
-45,-14
95,47
65,4
64,66
10,56
10,37
-107,-105
-39,22
49,-55
-57,-53
-91,-10
29,-114
12,-110
-102,121
48,97
-48,87
105,103
71,-32
10,56
-25,123
78,-125
-84,-12
62,-52
-54,29
-65,-14
-60,97
-34,-31
101,55
89,-7
3,-58
-100,47
25,-44
16,94
-125,60
5,23
-60,47
-8,92
-71,-114
101,-115
-76,102
41,-109
-72,-32
41,-98
-57,49
-18,108
123,-55
-102,18
69,-27
119,-11
-97,98
49,95
33,109
-43,-37
35,91
33,-113
-67,-108
44,94
-57,93
109,36
53,37
-6,-38
-23,-110
67,-45
-50,117
113,80
-2,-6
46,120
-45,-71
-29,-75
6,-92
-88,24
4,-56
-16,15
63,32
117,6
-15,93
119,13
0,123
-73,67
2,57
-115,107
62,95
-126,-72
16,43
-64,-109
-15,-104
79,110
86,29
120,52
12,117
-58,79
-124,46
0,-38
-64,73
-17,11
-124,-66
28,-112
-57,48
104,108
91,-89
-18,58
-72,-10
10,-59
47,71
57,13
-33,45
43,59
-78,-41
-60,-94
29,-106
42,73
11,5
-27,73
105,106
-58,78
-105,-97
-86,118
-119,-123
67,-104
40,103
-111,36
-97,-46
74,39
-19,34
-34,-84
69,55
76,46
-25,-81
-29,-102
-66,-80
-43,97
3,-59
110,110
-38,-51
116,74
-35,-69
1,83
-68,120
65,-67
74,116
-107,-80
109,61
75,-74
21,42
-109,5
37,76
-82,-25
-82,117
-15,-13
-75,50
81,-113
70,2
-10,34
106,-51
66,-1
12,92
-73,-23
15,-5
-97,76
115,-114
67,4
-18,30
4,32
-57,9
-126,101
81,-30
77,-34
57,-98
-119,114
37,107
16,-12
-126,-65
125,2
110,96
64,-22
54,55
4,-16
-118,37
65,-36
-67,-93
-4,4
-61,-29
-124,54
39,86
-26,3
-20,-89
-75,-115
75,96
53,33
-108,38
94,42
-21,-109
-119,-15
-28,-38
103,-61
5,-115
27,96
53,-41
-28,-75
-53,-106
124,-15
100,-24
-97,124
100,-90
34,86
114,-45
-17,2
-17,-47
99,-125
98,59
-1,-94
-47,-96
-41,108
-1,4
-89,-88
-118,99
99,-26
-105,-54
-79,-32
43,-49
-48,73
91,61
58,-10
-113,77
60,4
49,-111
103,96
107,-61
-47,-65
-9,-127
-92,50
-103,-22
10,81
-92,-89
-41,-111
-38,17
1,-38
44,63
-122,103
61,-105
56,-10
-64,64
114,-93
-98,-104
-93,78
-89,75
110,21
-87,67
-97,8
-34,48
84,8
116,-108
85,61
-106,57
28,69
-76,81
22,99
108,-113
-24,-120
111,-105
61,61
-110,82
-90,-81
93,85
-45,-117
67,-12
97,-33
1,-19
-7,-103
47,-2
-52,-13
39,55
103,-19
77,48
55,7
49,-114
25,-8
37,117
-31,44
29,89
-108,80
-74,63
-48,81
96,47
-75,-107
-62,-75
84,72
-15,-35
114,54
23,74
11,-21
44,-126
-41,92
123,123
-24,-12
116,83
75,-20
114,-7
-0,-77
-99,-56
15,-68
36,-26
39,-117
76,-80
81,-87
-82,-107
18,-57
-100,-107
79,55
-46,-85
64,22
109,88
122,-65
-113,-24
87,53
46,75
1,-61
-52,32
-51,25
109,94
120,59
122,-17
38,90
-88,-23
-78,79
111,-98
-63,-43
-71,39
80,71
-15,44
67,-52
-89,-1
-104,35
-82,-13
-74,31
8,-55
-62,-15
121,-29
-117,102
73,99
55,-99
61,-120
-21,43
4,-94
-17,-25
-81,46
15,3
-53,10
-62,66
26,88
48,104
-6,-2
-98,93
36,-91
-7,-61
127,49
-40,125
-69,-118
-109,-104
-119,-120
-86,48
-71,26
-32,-125
99,-100
-87,99
18,-56
29,118
-26,54
-90,69
93,-3
59,121
54,-73
-63,125
114,66
47,-5
-74,34
-78,74
38,38
-94,-78
-100,-12
103,-50
-60,-119
-107,-47
-50,113
42,-66
33,19
-107,105
-34,-75
107,-91
80,48
-61,-122
-27,48
45,97
-126,-81
-15,-84
-103,52
6,-14
-27,126
124,-27
40,87
20,-14
67,-117
76,-55
104,-8
-49,-20
-85,-75
90,84
-56,80
-77,-25
-21,-74
-102,-96
-124,-11
-116,115
19,64
-61,124
4,-123
28,7
-82,-6
-110,114
114,35
46,104
58,-35
17,124
-1,27
-29,-85
-108,-100
-34,125
67,-60
-80,82
5,-66
80,80
-5,30
-37,-48
74,-122
-101,33
87,122
31,36
-37,80
-105,40
125,34
-106,22
77,-116
-87,16
117,-108
77,3
-96,34
95,122
93,-92
-11,13
-116,-81
-89,-113
125,70
-2,58
109,52
-113,-63
-48,0
96,-23
-118,90
117,58
3,-39
105,30
19,-50
57,36
103,-38
73,-106
22,8
74,37
63,-33
-47,25
1,-16
61,-80
9,-36
50,108
45,-91
68,125
34,-78
10,-27
28,-27
76,-112
29,-63
-112,1
-40,-105
7,82
-42,-10
19,38
-68,-76
-88,96
66,84
-90,-100
-12,-84
-52,-71
-125,121
111,59
-103,-58
-10,-28
51,28
-25,23
99,-65
28,-52
121,81
16,112
-82,-108
-27,-61
-64,-116
-93,-11
83,-50
-95,-28
-101,-51
-70,-121
12,-102
96,19
-43,-23
-33,-68
73,-31
0,35
-104,-87
-41,-71
-111,-52
-38,46
52,80
37,-52
-91,-86
-121,83
-79,-7
1,67
-74,98
85,25
44,77
-123,84
-4,77
-97,45
-84,11
-86,-5
-37,-48
-13,-4
87,-17
105,17
67,-61
-121,-99
108,118
18,-109
101,126
98,111
68,11
-82,90
-10,26
31,-17
-7,-112
-2,-48
48,-126
-118,64
-104,115
-126,119
82,82
29,-106
-18,-36
111,-60
-120,-88
-81,44
-18,-116
-70,-117
48,-108
-49,-72
-13,48
-91,92
79,-79
112,117
-124,-120
-14,-126
14,49
-45,-22
94,60
-90,-39
113,-22
22,27
39,-72
-85,44
38,103
119,120
88,126
8,-94
8,124
-8,74
64,26
108,-3
101,49
-38,-112
90,43
63,125
-69,-44
87,-107
-69,59
64,-54
-25,-9
-40,118
-89,-127
-63,6
79,102
-58,104
-84,-116
122,-7
46,-93
-111,33
-6,99
-109,68
-29,-98
32,-113
101,-53
71,88
20,48
47,111
125,-53
-88,-126
-45,54
-97,-51
-103,-21
20,-46
-7,9
100,2
-87,58
-107,-53
-43,39
-74,13
-73,-5
-117,-57
123,60
-72,82
-26,-58
-111,3
-13,-127
61,-35
-90,-50
3,-16
79,-13
-61,-39
-82,-65
-51,94
-101,79
-39,107
11,-67
-104,-19
35,108
4,-116
-124,-10
55,-18
49,121
19,53
78,105
-117,27
-46,65
-22,-38
92,56
36,-80
-27,115
-31,55
44,-25
-108,65
31,-92
26,-102
46,-78
121,-11
11,-76
-44,75
36,17
51,-124
-29,55
102,-74
-105,-97
-117,-2
-61,-30
-45,-39
60,19
101,-71
62,52
7,-59
117,116
-64,54
17,-126
25,-35
46,-107
26,-59
-50,-52
-45,-49
-87,-98
25,114
20,70
80,46
-72,7
-83,72
42,4
-48,-75
56,-4
-92,-103
-0,-92
-35,10
-86,-127
-40,-18
-115,-113
-46,32
-67,51
-30,87
-57,-26
-6,-117
113,2
-42,-6
-24,29
-30,101
-41,55
21,119
-0,7
9,121
-79,114
108,-42
66,63
97,28
-9,61
21,8
-8,62
61,-116
-55,29
-93,-102
97,-63
-67,63
83,-89
-17,-54
-22,-117
98,41
-48,3
64,10
83,24
3,47
-46,-44
79,95
94,-125
-54,81
-103,24
-14,123
57,-55
-28,17
74,-111
36,-48
-120,-112
