0,1,0,0
0,1,1024,1024
0,1,0,0
0,1,0,0
0,1,0,0
0,1,0,0
0,1,0,0
0,1,0,0
0,1,0,0
0,1,0,1024
0,1,0,0
0,1,0,0
0,1,0,0
0,1,0,0
0,1,0,0
0,1,0,0
0,0,0,0
0,0,0,0
0,0,0,0
0,0,0,0
0,0,0,0
0,0,0,0
0,0,0,0
0,0,0,0
0,0,0,0
0,0,0,0
0,0,0,0
0,0,0,0
0,0,0,0
0,0,0,0
0,0,0,0
0,0,0,0
0,1,0,0
0,1,1024,1024
0,1,0,0
0,1,0,0
0,1,0,0
0,1,0,0
0,1,0,0
0,1,0,0
0,1,0,0
0,1,0,1024
0,1,0,0
0,1,0,0
0,1,0,0
0,1,0,0
0,1,0,0
0,1,0,0
0,0,0,0
0,0,0,0
0,0,0,0
0,0,0,0
0,0,0,0
0,0,0,0
0,0,0,0
0,0,0,0
0,0,0,0
0,0,0,0
0,0,0,0
0,0,0,0
0,0,0,0
0,0,0,0
0,0,0,0
0,0,0,0
0,0,0,0
0,0,0,0
0,0,0,0
0,0,0,0
0,0,0,0
0,0,0,0
0,0,0,0
0,0,0,0
0,0,0,0
0,0,0,0
0,0,0,0
0,0,0,0
0,0,0,0
0,0,0,0
0,0,0,0
0,0,0,0
0,1,0,0
0,1,1024,1024
0,1,0,0
0,1,0,0
0,1,0,0
0,1,0,0
0,1,0,0
0,1,0,0
0,1,0,0
0,1,0,1024
0,1,0,0
0,1,0,0
0,1,0,0
0,1,0,0
0,1,0,0
0,1,0,0
0,1,0,0
0,1,1024,1024
0,1,0,0
0,1,0,0
0,1,0,0
0,1,0,0
0,1,0,0
0,1,0,0
0,1,0,0
0,1,0,1024
0,1,0,0
0,1,0,0
0,1,0,0
0,1,0,0
0,1,0,0
0,1,0,0
0,0,0,0
0,0,0,0
0,0,0,0
0,0,0,0
0,0,0,0
0,0,0,0
0,0,0,0
0,0,0,0
0,0,0,0
0,0,0,0
0,0,0,0
0,0,0,0
0,0,0,0
0,0,0,0
0,0,0,0
0,0,0,0