Nof lines WG output:   6400
Nof lines PFFT output: 3200
0
0
0
0
0
0
0
0
0
0
0
0
0
0
0
0
0
0
0
0
0
0
0
0
0
0
0
0
0
0
0
0
0
12
24
36
48
59
70
80
89
97
105
112
117
122
125
127
127
127
126
124
120
115
109
103
95
86
76
66
55
44
32
20
8
-17
-41
-63
-83
-100
-114
-123
-127
-127
-123
-113
-100
-83
-63
-40
-16
9
33
56
77
95
110
120
126
127
125
117
105
89
69
48
24
-13
-49
-80
-105
-122
-128
-124
-109
-86
-55
-20
17
52
84
108
123
127
122
107
82
51
16
-21
-56
-87
-110
-124
-128
-121
-104
-79
-47
1
49
90
117
127
120
94
54
7
-41
-84
-114
-128
-122
-99
-62
-15
34
78
110
127
124
104
69
23
-26
-71
-106
-125
-126
-109
-75
-19
42
93
123
125
99
50
-10
-68
-110
-128
-116
-78
-23
38
91
122
126
101
54
-6
-65
-108
-128
-118
-81
-26
35
88
121
127
104
46
-27
-91
-125
-119
-74
-6
65
115
127
98
38
-35
-97
-127
-116
-67
3
72
118
126
93
29
-43
-102
-128
-112
-60
12
79
121
124
77
-4
-83
-126
-114
-52
32
102
127
98
25
-59
-117
-124
-77
4
83
126
113
52
-33
-103
-128
-97
-24
59
117
124
76
-5
-83
-126
-107
-28
67
124
111
36
-60
-122
-115
-43
53
119
118
51
-45
-116
-121
-58
38
112
123
65
-30
-108
-125
-72
22
104
127
78
-14
-99
-126
-65
42
119
113
26
-78
-128
-87
15
106
123
53
-54
-123
-106
-14
88
127
78
-27
-113
-119
-41
65
126
98
1
-97
-127
-67
40
122
101
-8
-109
-117
-25
89
126
56
-63
-127
-83
32
120
105
0
-105
-120
-32
83
127
63
-56
-126
-89
25
117
109
8
-101
-122
-40
87
125
35
-90
-124
-31
93
122
27
-96
-121
-23
98
120
19
-101
-118
-15
104
116
10
-106
-114
-6
108
112
2
-111
-110
3
113
108
-19
-123
-81
58
127
45
-91
-119
-5
115
98
-36
-127
-67
73
126
29
-102
-112
12
121
86
-52
-128
-52
86
121
12
-112
-102
29
126
62
-87
-117
13
125
66
-84
-118
9
124
69
-81
-120
6
123
72
-78
-121
2
122
75
-75
-122
-2
121
78
-72
-123
-6
120
81
-69
-121
15
127
41
-109
-90
69
120
-16
-127
-41
109
89
-69
-120
16
127
41
-109
-89
70
120
-17
-127
-40
110
89
-70
-120
17
127
40
-116
-69
98
94
-74
-113
45
124
-14
-128
-19
123
50
-110
-78
91
101
-65
-118
35
127
-3
-127
-30
120
60
-104
-87
82
108
-55
-122
36
124
-28
-126
20
127
-12
-128
4
127
4
-128
-12
127
20
-126
-28
124
36
-122
-43
119
51
-116
-58
112
65
-108
-72
104
78
-99
-75
108
61
-116
-46
122
30
-126
-14
127
-3
-128
19
125
-35
-120
51
114
-66
-105
79
95
-92
-83
103
70
-112
-55
119
40
-124
-24
127
-17
-122
56
104
-90
-76
114
39
-127
2
126
-42
-113
78
88
-106
-54
123
14
-128
27
119
-65
-98
97
67
-118
-29
127
-12
-124
62
92
-109
-37
127
-28
-113
86
70
-122
-8
126
-56
-97
105
43
-128
22
117
-81
-75
119
15
-127
50
101
-101
-50
127
-15
-119
75
71
-124
15
114
-94
-49
127
-40
-101
109
25
-126
63
83
-120
0
120
-83
-63
126
-25
-109
101
40
-128
49
94
-114
-15
124
-71
-75
126
-34
-96
118
-6
-112
104
22
-123
85
49
-128
62
74
-126
36
95
-118
8
112
-105
-21
123
-86
-48
127
-63
-73
126
-37
-94
119
-22
-97
122
-30
-91
124
-38
-85
126
-46
-78
127
-54
-71
127
-62
-64
127
-69
-56
127
-76
-49
126
-83
-41
125
-89
-32
123
-95
-24
115
-114
21
88
-127
64
51
-124
98
7
-106
121
-38
-75
127
-78
-34
119
-109
11
96
-125
55
60
-126
92
17
-112
117
-28
-83
127
-80
-20
107
-124
60
43
-118
116
-38
-65
125
-104
14
85
-128
88
10
-101
126
-69
-34
114
-120
47
56
-123
109
-24
-77
127
-95
0
86
-127
103
-25
-66
122
-116
49
43
-113
124
-71
-19
99
-128
91
-6
-81
127
-106
31
60
-121
118
-55
-37
110
-126
76
13
-95
127
-103
37
44
-107
127
-98
29
51
-111
127
-93
22
58
-115
126
-88
15
64
-118
124
-82
7
71
-120
122
-76
-1
77
-123
120
-70
-8
73
-117
127
-101
45
23
-85
122
-124
90
-30
-39
96
-126
119
-78
15
53
-106
127
-113
66
1
-67
114
-128
105
-52
-16
80
-120
126
-103
60
-5
-51
97
-123
126
-104
61
-6
-50
96
-123
126
-104
62
-7
-49
95
-123
126
-105
63
-8
-48
95
-123
126
-105
63
-9
-47
85
-113
127
-125
108
-78
38
6
-50
87
-114
127
-125
107
-76
36
9
-52
89
-115
127
-124
105
-74
33
12
-55
91
-117
127
-123
104
-81
54
-23
-10
42
-71
96
-114
125
-128
122
-109
89
-63
32
0
-32
63
-89
109
-122
127
-125
114
-96
71
-42
10
23
-54
81
-104
114
-122
127
-128
126
-121
113
-102
89
-73
56
-37
17
4
-24
43
-62
79
-94
106
-116
123
-127
127
-125
120
-111
99
-85
69
-51
32
-24
16
-8
0
8
-16
24
-32
40
-47
54
-62
69
-75
82
-88
93
-99
104
-108
112
-116
119
-122
124
-126
127
-128
127
-128
127
-126
126
-127
127
-128
127
-128
127
-128
127
-127
126
-125
124
-123
122
-120
119
-117
115
-114
112
-109
107
-105
102
-100
97
-94
91
-88
85
-82
68
-54
38
-22
6
11
-27
43
-59
73
-86
97
-107
115
-122
126
-128
127
-125
121
-115
106
-96
85
-72
57
-42
26
-10
-7
23
-40
66
-89
107
-120
127
-127
121
-109
91
-69
43
-15
-14
42
-68
91
-108
121
-127
127
-121
108
-90
67
-41
13
16
-44
70
-92
110
-122
127
-121
102
-72
35
6
-46
82
-109
124
-128
117
-95
63
-25
-16
55
-89
114
-126
126
-113
88
-54
15
26
-64
96
-118
127
-124
108
-71
22
32
-79
113
-128
120
-92
48
5
-56
98
-123
127
-109
72
-23
-30
78
-113
127
-121
93
-49
-3
55
-97
123
-127
109
-73
24
41
-95
125
-122
88
-31
-34
91
-123
124
-93
38
27
-85
121
-126
98
-44
-21
80
-119
127
-102
51
14
-74
116
-128
106
-57
-7
69
-118
125
-87
17
59
-113
127
-95
28
49
-108
127
-102
39
38
-101
127
-108
50
27
-94
127
-114
60
16
-86
125
-119
70
5
-77
122
-118
58
30
-104
127
-91
10
75
-124
114
-49
-40
109
-126
83
0
-83
126
-109
40
49
-114
124
-75
-10
91
-128
104
-30
-58
118
-122
56
44
-117
119
-48
-52
120
-115
39
60
-123
111
-31
-68
125
-106
22
76
-127
101
-13
-83
127
-95
4
89
-128
88
5
-96
127
-82
-26
115
-116
30
79
-128
80
28
-115
115
-28
-80
127
-79
-29
116
-115
27
81
-128
78
31
-116
114
-25
-82
127
-77
-32
117
-113
24
92
-125
43
78
-128
61
61
-128
78
43
-125
93
24
-118
105
4
-110
115
-16
-98
122
-35
-84
127
-54
-68
127
-71
-51
126
-87
-32
125
-83
-48
127
-69
-63
127
-54
-78
126
-39
-91
122
-22
-102
116
-5
-111
108
12
-119
97
29
-124
85
45
-127
72
61
-128
57
75
-124
18
111
-101
-36
127
-59
-83
121
-8
-116
94
45
-128
50
91
-118
-3
120
-87
-55
127
-41
-97
113
13
-123
79
64
-127
31
104
-101
-46
127
-26
-113
90
62
-125
9
120
-76
-77
120
9
-125
62
90
-113
-26
127
-46
-102
103
43
-128
29
111
-92
-59
126
-12
-119
69
93
-104
-54
124
7
-127
41
111
-84
-79
114
36
-127
12
123
-58
-101
97
64
-121
-19
127
-30
-117
74
89
-108
-48
126
0
-126
36
119
-58
-108
78
93
-96
-75
110
54
-120
-32
126
8
-128
16
125
-40
-117
62
106
-82
-91
99
72
-112
-51
122
28
-127
-4
127
-8
-128
7
127
-7
-128
6
127
-6
-128
5
127
-5
-128
4
127
-4
-128
3
127
-3
-128
2
127
-2
-128
1
127
-1
-128
0
127
13
-126
-37
118
60
-106
-81
91
99
-71
-113
49
122
-25
-127
0
127
25
-122
-49
113
71
-99
-91
81
106
-60
-118
37
126
-13
-128
-25
118
70
-91
-106
50
125
-2
-126
-47
108
88
-74
-117
29
127
21
-120
-67
94
103
-54
-124
6
127
43
-110
-85
77
115
-33
-128
-29
111
93
-58
-126
-14
118
82
-71
-122
1
123
69
-83
-117
16
126
56
-94
-110
31
127
42
-104
-102
45
127
28
-112
-92
59
126
25
-107
-106
27
126
68
-75
-124
-19
110
102
-33
-127
-63
79
123
13
-113
-98
39
127
58
-84
-121
-7
116
95
-44
-128
-52
89
119
14
-106
-112
2
114
104
-18
-120
-94
33
125
83
-48
-127
-71
62
127
57
-75
-127
-43
87
124
28
-98
-119
-13
107
112
-3
-115
-104
6
110
115
15
-98
-122
-36
83
127
56
-66
-128
-74
47
125
91
-26
-119
-104
5
110
115
16
-97
-123
-37
82
127
57
-65
-128
-75
34
117
113
24
-83
-128
-77
32
117
114
26
-82
-128
-78
30
116
115
28
-80
-128
-80
28
115
116
30
-78
-128
-82
26
114
117
32
-67
-125
-107
-25
73
126
103
18
-78
-127
-99
-11
84
127
95
4
-89
-128
-90
3
94
127
84
-10
-98
-127
-79
17
103
126
73
-24
-100
-128
-96
-18
68
122
118
58
-29
-103
-128
-92
-13
73
124
116
53
-35
-106
-127
-88
-7
77
125
113
48
-40
-109
-127
-84
-2
82
123
121
75
3
-70
-119
-125
-86
-17
59
113
127
96
30
-46
-106
-128
-104
-44
33
97
127
112
56
-19
-88
-125
-118
-68
6
77
122
126
97
44
-20
-79
-118
-127
-104
-54
10
71
114
127
109
63
0
-63
-109
-128
-114
-71
-10
54
104
127
118
79
20
-44
-97
-126
-122
-96
-53
-2
50
93
121
127
113
79
32
-20
-69
-107
-126
-124
-101
-61
-11
42
87
117
127
117
86
41
-12
-62
-102
-124
-126
-106
-69
-31
9
49
83
109
125
127
117
96
64
26
-14
-53
-87
-112
-126
-127
-115
-92
-60
-22
19
58
91
114
127
126
113
89
55
17
-24
-51
-76
-97
-113
-123
-128
-126
-118
-105
-86
-63
-37
-9
20
47
72
93
110
122
127
127
120
107
89
67
41
13
-15
-43
-68
-90
-108
-116
-122
-126
-128
-128
-126
-122
-116
-108
-99
-88
-75
-62
-47
-32
-16
0
16
32
47
62
75
88
99
108
116
122
126
127
127
126
122
121
119
118
116
115
113
111
109
107
105
103
101
98
96
93
91
88
85
82
79
76
73
70
67
64
60
57
54
50
47
43
40
48
55
63
70
77
84
90
96
101
106
111
115
118
121
124
126
127
127
127
127
127
125
123
120
117
114
109
105
100
94
88
82
65
46
26
5
-16
-36
-56
-74
-90
-103
-114
-122
-127
-128
-126
-120
-112
-100
-86
-69
-51
-31
-11
10
31
50
69
85
100
111
120
126
127
121
106
85
57
26
-7
-40
-69
-95
-114
-125
-128
-122
-109
-88
-61
-30
3
36
66
92
112
124
127
123
111
91
64
34
1
-32
-73
-105
-124
-127
-115
-88
-50
-6
39
79
109
126
126
111
83
43
-1
-46
-84
-113
-127
-125
-108
-77
-36
9
52
90
116
127
123
104
60
5
-51
-97
-124
-126
-102
-58
-3
54
99
124
125
101
56
0
-56
-101
-125
-124
-99
-54
3
58
102
126
124
97
51
-5
-60
-104
-128
-114
-68
-1
66
113
127
105
51
-18
-81
-121
-125
-93
-34
36
95
126
120
79
15
-53
-106
-128
-112
-64
3
69
115
127
102
47
-34
-101
-128
-104
-38
43
107
127
97
28
-53
-112
-127
-91
-18
62
117
125
83
8
-70
-120
-122
-75
2
78
123
119
67
-12
-86
-126
-109
-35
57
119
119
57
-35
-109
-126
-76
13
95
127
94
10
-78
-126
-108
-33
59
120
118
55
-38
-110
-125
-75
15
97
127
92
8
-89
-128
-82
18
106
124
60
-43
-118
-115
-36
67
126
102
11
-88
-128
-84
16
105
125
63
-41
-117
-116
-39
65
125
103
13
-86
-128
-76
37
121
106
6
-99
-124
-49
66
127
86
-25
-116
-113
-19
91
127
60
-55
-126
-95
13
110
118
31
-81
-128
-71
43
122
103
0
-110
-113
-7
106
116
14
-102
-119
-21
97
121
28
-93
-123
-35
88
125
41
-82
-126
-48
77
127
54
-71
-128
-61
65
127
67
-59
-128
-62
74
126
35
-96
-118
-5
113
103
-24
-124
-82
53
127
57
-78
-125
-29
100
115
0
-116
-99
30
125
78
-58
-128
-52
83
124
24
-110
-99
42
127
46
-97
-112
20
126
66
-80
-121
-3
119
84
-62
-127
-25
109
100
-41
-128
-47
96
112
-19
-125
-67
80
121
4
-119
-75
81
116
-23
-128
-41
107
95
-60
-125
-3
123
65
-91
-110
36
127
28
-114
-85
71
121
-10
-126
-53
100
103
-48
-127
-16
119
75
-91
-104
58
122
-20
-128
-20
122
58
-104
-91
75
114
-40
-126
0
126
40
-114
-75
91
104
-58
-122
20
127
20
-122
-58
104
91
-75
-108
62
115
-48
-121
33
125
-18
-128
3
127
13
-126
-28
123
43
-118
-58
111
71
-102
-84
92
95
-80
-104
68
113
-54
-119
39
124
-36
-121
45
118
-53
-115
61
110
-69
-105
76
100
-84
-94
90
88
-96
-81
102
74
-107
-66
112
58
-116
-50
120
41
-122
-33
125
24
-128
10
125
-42
-114
72
95
-97
-70
116
39
-126
-6
127
-27
-120
59
105
-86
-82
108
54
-122
-22
127
-12
-125
44
113
-74
-94
99
57
-124
-1
125
-55
-100
101
54
-125
2
124
-58
-98
102
52
-126
5
123
-61
-96
104
49
-126
8
123
-63
-94
106
46
-127
11
122
-76
-73
123
-5
-120
81
68
-124
11
117
-86
-63
126
-18
-115
91
57
-127
24
112
-95
-51
127
-30
-108
99
45
-128
36
105
-103
-40
127
-64
-75
125
-27
-103
111
12
-121
87
50
-128
54
84
-122
16
109
-105
-23
124
-78
-61
127
-43
-92
119
-5
-115
98
35
-127
69
60
-128
66
63
-128
64
65
-128
61
67
-128
59
70
-128
57
72
-128
54
74
-127
52
76
-127
49
79
-127
46
81
-126
44
83
-126
53
65
-128
82
34
-120
105
0
-105
120
-34
-82
127
-65
-53
126
-92
-20
115
-112
14
96
-124
47
70
-128
77
40
-122
101
6
-108
122
-51
-56
124
-105
14
88
-128
79
25
-112
120
-45
-62
125
-101
6
93
-127
73
33
-115
117
-38
-68
127
-97
-1
98
-126
67
40
-113
123
-65
-30
108
-126
73
20
-102
127
-81
-10
96
-128
89
0
-89
127
-96
10
81
-127
102
-20
-73
126
-108
30
65
-123
113
-40
-45
109
-127
90
-14
-68
121
-121
69
13
-89
127
-110
46
38
-106
127
-94
20
63
-118
123
-75
-6
84
-126
113
-52
-32
102
-128
99
-39
-34
95
-126
117
-70
1
69
-116
127
-97
36
37
-97
127
-116
68
2
-71
117
-126
95
-33
-40
99
-127
115
-65
-5
74
-119
126
-101
53
6
-64
108
-127
119
-83
29
31
-85
119
-127
107
-62
4
55
-102
126
-122
91
-39
-21
77
-115
127
-112
71
-14
-46
96
-124
127
-112
80
-38
-11
57
-96
120
-128
117
-89
49
-2
-46
87
-116
127
-121
98
-60
14
35
-78
110
-127
125
-105
70
-25
-23
68
-104
121
-128
125
-112
90
-60
26
10
-45
77
-103
120
-128
125
-112
91
-61
27
9
-44
76
-102
120
-128
125
-113
91
-63
29
8
-43
75
-93
108
-119
126
-128
126
-119
108
-93
75
-54
32
-8
-16
40
-62
82
-99
112
-122
127
-128
124
-116
104
-88
69
-47
24
0
-24
47
-58
68
-78
87
-95
103
-109
115
-120
123
-126
127
-128
127
-126
123
-119
114
-108
102
-94
86
-77
67
-57
46
-35
23
-11
-1
12
-24
23
-23
23
-22
22
-21
21
-20
20
-19
19
-18
18
-17
17
-16
16
-15
15
-14
14
-13
13
-12
12
-11
11
-10
10
-9
9
-8
-5
18
-30
42
-54
66
-76
86
-95
103
-110
116
-121
125
-127
127
-128
126
-123
119
-114
108
-100
92
-83
72
-61
50
-38
25
-13
0
25
-49
71
-91
106
-118
126
-128
126
-118
106
-91
71
-49
25
0
-25
49
-71
91
-106
118
-126
127
-126
118
-106
91
-71
49
-25
0
37
-71
98
-118
127
-126
114
-92
62
-27
-10
46
-79
104
-121
127
-124
109
-85
54
-18
-20
55
-86
110
-124
127
-121
103
-77
45
-8
-41
84
-114
127
-122
98
-59
12
37
-81
112
-127
123
-101
63
-16
-33
78
-110
127
-124
103
-66
20
29
-74
108
-126
125
-105
70
-24
-37
90
-122
126
-101
52
8
-67
110
-128
116
-78
21
40
-92
123
-125
99
-50
-11
69
-111
127
-115
75
-19
-43
94
-124
125
-97
47
26
-91
125
-119
74
-4
-67
116
-127
96
-34
-40
100
-127
113
-62
-10
78
-121
124
-86
20
53
-108
127
-106
49
24
-89
125
-120
75
6
-85
126
-112
48
37
-106
127
-93
18
66
-120
121
-69
-14
91
-127
108
-41
-44
110
-127
88
-10
-72
122
-119
63
21
-96
127
-104
22
73
-126
107
-27
-68
124
-110
33
63
-123
113
-39
-57
121
-116
45
52
-119
118
-50
-46
116
-120
56
41
-114
122
-61
-35
111
-124
56
52
-123
106
-14
-88
127
-77
-29
114
-118
39
68
-127
95
4
-100
125
-61
-46
121
-110
21
83
-128
82
22
-111
121
-45
-63
126
-91
-22
116
-110
9
100
-123
40
78
-128
68
51
-126
92
21
-116
111
-10
-99
123
-41
-77
127
-69
-50
125
-93
-20
115
-111
11
99
-119
18
102
-117
12
106
-115
6
109
-112
0
112
-109
-6
114
-106
-11
117
-103
-17
119
-99
-23
121
-95
-28
123
-91
-34
124
-87
-40
127
-63
-77
124
-23
-106
108
20
-124
79
60
-128
42
94
-117
0
117
-94
-42
127
-60
-79
124
-20
-108
106
23
-124
77
63
-127
40
103
-104
-39
127
-41
-103
105
38
-128
42
102
-105
-36
127
-43
-101
106
35
-128
44
100
-107
-34
127
-45
-100
107
33
-128
47
99
-108
-43
127
-12
-122
65
93
-106
-47
126
-8
-123
62
96
-104
-51
126
-4
-124
58
99
-101
-54
125
0
-125
54
101
-99
-58
124
4
-126
39
116
-68
-99
92
76
-111
-49
123
19
-128
13
125
-44
-114
72
96
-96
-73
114
45
-125
-14
127
-18
-124
48
112
-76
-93
99
69
-110
-63
113
56
-116
-50
119
43
-122
-37
124
30
-125
-23
127
16
-127
-9
127
2
-128
5
127
-12
-127
19
126
-26
-125
33
123
-40
-124
23
127
-5
-128
-13
126
30
-122
-47
116
63
-107
-77
97
91
-84
-102
70
112
-55
-119
38
124
-21
-127
4
127
14
-126
-31
122
59
-102
-93
72
116
-34
-127
-8
125
49
-109
-85
81
111
-44
-126
3
127
39
-114
-76
89
105
-54
-123
14
127
28
-119
-67
97
99
-53
-126
-12
120
74
-82
-116
22
127
44
-105
-98
54
126
11
-120
-73
83
116
-23
-128
-43
105
97
-55
-126
-10
121
72
-84
-115
24
126
64
-81
-121
-4
119
87
-58
-127
-31
106
105
-32
-127
-57
88
118
-5
-122
-80
66
126
23
-110
-100
41
127
49
-94
-115
14
124
83
-51
-128
-61
75
126
36
-95
-119
-10
111
106
-17
-122
-89
43
127
68
-68
-127
-44
89
122
18
-106
-111
9
119
95
-35
-126
-75
49
126
83
-40
-124
-91
30
122
97
-20
-118
-104
10
114
109
0
-109
-114
-10
104
118
20
-97
-122
-30
91
124
40
-83
-126
-49
75
127
79
-33
-119
-110
-14
93
126
58
-56
-126
-95
11
108
120
36
-77
-128
-77
35
119
109
12
-95
-126
-57
57
126
94
-13
-109
-119
-46
57
123
109
24
-76
-127
-96
-3
93
127
80
-20
-106
-124
-62
41
117
117
41
-61
-124
-107
-20
80
127
93
-2
-96
-127
-76
24
102
127
88
3
-83
-127
-105
-30
61
121
118
55
-36
-109
-126
-78
9
92
127
98
18
-72
-124
-113
-44
48
115
123
68
-22
-100
-128
-98
-30
50
110
127
95
25
-54
-113
-127
-91
-20
59
115
126
88
15
-63
-117
-125
-84
-10
68
119
124
80
5
-72
-121
-122
-76
0
66
113
127
106
55
-13
-76
-118
-127
-99
-43
25
86
122
124
91
31
-37
-95
-126
-121
-81
-19
49
103
127
116
71
6
-60
-110
-128
-116
-81
-30
26
77
114
127
117
84
35
-22
-74
-111
-128
-119
-88
-39
17
70
109
127
121
91
43
-13
-66
-107
-127
-122
-94
-48
8
51
88
114
127
125
107
77
38
-6
-49
-87
-114
-127
-125
-108
-78
-39
5
48
85
113
127
125
109
80
41
-3
-46
-84
-112
-126
-126
-116
-99
-75
-47
-16
16
47
75
99
116
126
127
122
108
88
62
32
0
-32
-62
-88
-108
-122
-128
-126
-116
-99
-75
-47
-16
16
47
65
81
96
108
117
124
127
127
125
120
112
101
87
72
54
36
16
-4
-23
-42
-61
-77
-92
-105
-115
-122
-127
-128
-126
-122
-114
-104
-99
-94
-89
-83
-77
-71
-65
-58
-51
-44
-37
-30
-23
-15
-8
0
8
15
23
30
37
44
51
58
65
71
77
83
89
94
99
104
101
98
95
91
88
84
81
77
73
69
65
61
57
52
48
43
39
34
30
25
20
16
11
6
1
-4
-8
-13
-18
-23
-27
-32
-48
-63
-78
-91
-102
-111
-119
-124
-127
-128
-127
-123
-117
-109
-99
-88
-74
-60
-44
-28
-11
6
23
40
55
70
84
96
106
115
121
126
127
123
112
95
73
48
19
-10
-39
-66
-89
-108
-121
-127
-127
-120
-107
-89
-65
-39
-10
20
48
74
96
112
123
127
126
117
102
82
46
5
-36
-74
-103
-122
-128
-120
-100
-69
-31
10
50
85
111
126
127
115
90
56
17
-25
-64
-96
-118
-128
-124
-107
-79
-42
-2
40
86
117
127
116
84
37
-16
-67
-106
-126
-124
-101
-59
-8
45
91
120
127
113
79
31
-23
-72
-109
-127
-122
-97
-54
-1
51
95
122
125
96
41
-24
-83
-120
-126
-99
-45
20
80
119
127
101
49
-16
-77
-117
-127
-104
-53
12
74
116
127
106
56
-8
-70
-114
-128
-108
-49
28
95
127
113
57
-20
-89
-126
-116
-65
11
83
124
120
72
-2
-76
-121
-123
-79
-7
68
118
125
86
15
-61
-115
-127
-92
-24
64
121
119
60
-28
-103
-128
-91
-10
76
125
113
47
-42
-111
-126
-80
5
87
127
106
33
-56
-117
-122
-68
20
97
127
97
19
-69
-125
-105
-20
78
127
98
9
-86
-128
-91
2
94
127
83
-13
-101
-127
-74
24
108
125
65
-35
-113
-122
-55
45
118
118
45
-56
-122
-106
-10
94
126
63
-49
-123
-104
-5
97
126
58
-54
-124
-101
0
101
124
54
-58
-126
-97
5
104
123
49
-63
-126
-94
10
106
122
33
-87
-126
-50
72
127
66
-56
-127
-81
39
124
95
-22
-118
-106
3
109
115
15
-99
-122
-33
86
126
50
-72
-128
-67
56
127
82
-50
-128
-66
67
127
50
-82
-125
-32
95
120
14
-107
-112
5
116
101
-23
-122
-89
41
127
75
-58
-128
-59
74
127
42
-88
-123
-24
108
104
-31
-127
-63
80
122
10
-115
-95
45
127
50
-91
-117
4
120
85
-57
-128
-37
100
111
-18
-124
-74
70
126
23
-108
-103
32
127
40
-106
-99
51
127
20
-116
-85
69
123
0
-123
-69
85
116
-20
-127
-51
99
106
-40
-128
-32
110
93
-58
-126
-12
119
78
-75
-116
32
127
15
-122
-60
100
97
-64
-121
19
127
29
-117
-72
91
106
-51
-125
5
127
42
-111
-83
80
113
-38
-127
-9
124
55
-104
-84
88
100
-70
-113
50
122
-28
-127
5
127
18
-125
-41
117
62
-106
-81
92
97
-74
-111
54
120
-32
-126
10
127
14
-126
-36
119
46
-120
-45
120
44
-121
-42
121
41
-122
-39
122
38
-122
-36
123
35
-123
-34
124
32
-124
-31
124
29
-125
-28
125
26
-125
-25
126
11
-128
15
125
-41
-117
64
104
-85
-86
103
65
-116
-41
125
16
-128
10
126
-36
-119
60
106
-82
-90
100
69
-114
-46
123
21
-128
17
121
-65
-95
103
55
-124
-6
127
-44
-109
87
75
-116
-29
127
-21
-120
68
93
-105
-51
125
2
-126
48
107
-90
-72
118
25
-128
37
106
-99
-49
127
-25
-113
91
60
-126
13
118
-81
-71
122
0
-122
71
81
-118
-13
126
-60
-91
113
25
-127
49
99
-106
-37
127
-49
-91
118
1
-119
89
51
-128
47
92
-117
-3
119
-88
-52
127
-45
-94
116
5
-120
87
54
-128
43
95
-115
-7
121
-85
-56
127
-53
-78
126
-40
-89
123
-26
-99
118
-12
-107
112
2
-114
105
16
-120
96
30
-124
86
43
-127
75
56
-128
63
69
-128
51
80
-126
49
72
-128
69
52
-126
87
30
-120
103
7
-111
115
-16
-97
123
-38
-81
127
-59
-62
127
-78
-41
124
-95
-19
116
-109
4
105
-119
38
71
-127
89
16
-109
121
-43
-66
127
-93
-10
106
-123
49
62
-126
97
5
-102
124
-54
-57
125
-100
1
99
-125
59
52
-124
104
-19
-77
127
-101
14
81
-128
97
-9
-85
127
-94
4
89
-128
91
1
-92
127
-87
-6
96
-128
83
11
-99
127
-79
-16
102
-127
75
9
-89
127
-106
35
53
-115
124
-74
-10
90
-127
105
-34
-54
116
-124
74
11
-91
127
-105
33
54
-116
123
-73
-12
91
-128
104
-32
-44
104
-128
106
-47
-28
94
-127
115
-62
-12
82
-123
121
-76
4
69
-118
125
-88
20
55
-111
127
-99
36
40
-102
127
-109
52
24
-82
119
-127
102
-52
-11
72
-114
127
-110
64
-2
-60
108
-128
116
-75
15
49
-100
126
-121
85
-28
-36
91
-123
124
-94
41
23
-82
114
-128
120
-93
50
2
-52
95
-121
127
-113
79
-33
-20
68
-106
126
-125
103
-64
15
37
-83
115
-128
120
-91
48
3
-54
96
-122
127
-122
104
-75
40
0
-40
75
-104
122
-128
122
-104
75
-40
0
40
-75
104
-122
127
-122
104
-75
40
0
-40
75
-104
122
-128
122
-110
94
-73
48
-21
-7
34
-60
83
-102
116
-125
127
-125
116
-101
82
-59
33
-5
-23
49
-74
95
-111
122
-128
127
-120
108
-90
69
-55
41
-25
10
6
-21
36
-51
65
-78
89
-100
109
-116
122
-126
127
-128
126
-122
117
-110
101
-91
79
-66
52
-38
23
-7
-9
24
-27
30
-34
37
-40
43
-46
49
-52
55
-58
61
-64
66
-69
72
-75
77
-80
82
-85
87
-90
92
-94
96
-98
101
-103
104
-106
108
-103
97
-91
85
-78
70
-63
54
-46
38
-29
20
-11
2
7
-16
25
-34
42
-51
59
-67
74
-82
88
-95
101
-106
111
-115
119
-122
127
-128
126
-120
111
-99
84
-67
48
-27
6
15
-36
56
-74
91
-104
115
-123
127
-128
125
-119
109
-97
81
-64
44
-24
3
19
-40
70
-95
114
-125
127
-121
107
-85
57
-25
-9
41
-72
97
-115
126
-128
121
-106
83
-55
23
11
-43
73
-98
116
-126
127
-120
104
-82
42
4
-48
87
-114
127
-124
105
-72
30
15
-59
95
-119
127
-120
97
-62
19
27
-69
103
-123
127
-116
89
-52
7
38
-79
109
-126
123
-96
49
8
-63
106
-127
122
-92
43
14
-69
109
-127
120
-88
38
20
-74
112
-128
117
-83
32
26
-78
115
-128
115
-78
26
32
-92
125
-121
81
-17
-52
106
-128
112
-63
-5
71
-116
127
-100
43
26
-88
124
-123
85
-23
-47
102
-127
115
-68
1
66
-114
127
-104
37
44
-108
127
-96
25
56
-114
126
-87
13
67
-119
123
-77
0
77
-123
119
-67
-13
87
-126
114
-56
-25
96
-128
108
-44
-37
104
-127
84
4
-90
127
-98
17
74
-125
110
-37
-55
119
-120
57
36
-110
125
-75
-15
97
-128
91
-6
-82
127
-105
27
65
-122
115
-47
-57
123
-108
20
81
-128
90
8
-101
126
-68
-36
115
-118
42
62
-125
105
-15
-85
127
-86
-13
104
-125
63
41
-117
116
-38
-66
126
-94
-15
111
-117
28
84
-128
67
48
-124
99
7
-107
120
-35
-78
127
-73
-41
122
-103
1
103
-122
42
72
-128
79
34
-120
108
-8
-106
116
-14
-102
118
-19
-99
120
-24
-95
122
-30
-92
124
-35
-88
125
-41
-84
126
-46
-79
127
-51
-75
127
-56
-70
127
-61
-66
127
-55
-81
124
-25
-103
113
6
-118
95
37
-127
71
66
-127
43
91
-121
13
110
-106
-19
122
-86
-49
127
-60
-76
126
-31
-99
116
0
-120
82
65
-126
20
112
-96
-47
127
-40
-101
108
28
-127
58
88
-117
-8
123
-75
-72
124
-12
-116
91
54
-127
32
106
-104
-36
127
-39
-108
93
63
-124
-2
124
-60
-95
107
42
-128
21
117
-79
-78
117
21
-128
42
107
-95
-60
124
-2
-124
63
93
-108
-39
127
-24
-121
61
102
-92
-74
115
39
-126
-1
127
-38
-115
73
93
-101
-62
120
25
-128
14
124
-52
-108
85
82
-110
-49
124
11
-128
28
119
-54
-113
67
105
-79
-96
90
86
-99
-75
108
63
-115
-49
121
36
-125
-22
127
7
-128
8
127
-22
-125
36
121
-50
-115
63
108
-75
-106
67
112
-58
-116
49
120
-40
-123
30
126
-20
-127
10
127
0
-128
-10
127
20
-126
-30
123
40
-120
-49
116
58
-112
-67
106
75
-92
-100
65
118
-34
-127
-1
127
35
-117
-67
99
93
-74
-113
43
125
-10
-128
-25
121
58
-105
-86
82
108
-53
-123
20
127
15
-124
-59
97
104
-49
-126
-9
122
65
-92
-108
43
127
16
-120
-71
88
111
-37
-128
-22
118
76
-83
-114
30
127
28
-115
-81
78
117
-24
-127
-58
90
115
-15
-125
-65
83
119
-7
-123
-73
76
122
2
-120
-80
69
124
11
-117
-87
61
126
20
-113
-93
54
127
28
-109
-99
34
126
70
-69
-127
-36
97
116
-2
-117
-95
40
127
65
-74
-126
-30
101
113
-8
-120
-91
45
127
60
-78
-124
-24
105
110
-14
-122
-95
27
122
94
-29
-122
-93
30
123
92
-31
-123
-91
32
124
91
-34
-124
-90
35
124
89
-36
-124
-88
37
125
87
-38
-125
-86
40
122
102
-5
-107
-119
-31
84
127
64
-54
-126
-92
20
115
113
16
-94
-125
-50
67
127
81
-34
-120
-105
-1
104
121
36
-79
-128
-69
37
117
116
35
-70
-127
-96
2
98
126
67
-39
-118
-115
-33
72
127
94
-4
-99
-126
-66
40
118
114
31
-73
-127
-93
6
100
126
74
-18
-101
-127
-84
6
93
127
93
6
-84
-127
-101
-18
74
126
108
30
-64
-123
-114
-41
54
119
119
53
-42
-114
-123
-63
31
108
127
92
18
-64
-119
-123
-74
6
84
126
114
54
-30
-100
-128
-101
-31
52
113
126
85
8
-73
-122
-119
-66
16
91
127
109
44
-40
-99
-127
-115
-67
3
71
117
126
96
35
-37
-97
-127
-116
-69
0
69
116
127
97
37
-35
-96
-126
-117
-71
-3
67
115
127
99
40
-20
-76
-114
-128
-113
-74
-18
41
92
122
126
102
55
-4
-61
-106
-127
-120
-87
-35
25
80
117
127
111
70
13
-46
-96
-124
-125
-99
-62
-16
32
75
108
126
126
108
75
32
-16
-62
-99
-122
-128
-116
-88
-47
0
47
88
116
127
122
99
62
16
-32
-75
-108
-126
-126
-114
-94
-66
-33
3
38
70
97
117
127
127
117
98
72
39
4
-32
-65
-93
-114
-125
-128
-120
-102
-77
-46
-11
25
59
88
110
124
127
127
122
113
100
84
65
43
21
-3
-26
-49
-70
-88
-104
-116
-124
-128
-127
-122
-113
-101
-84
-65
-44
-21
3
26
49
69
88
104
110
115
120
123
126
127
127
127
126
124
121
116
111
105
98
91
82
73
64
54
43
32
21
10
-1
-13
-24
-35
-45
-56
-66
-75
-74
-74
-73
-72
-71
-70
-69
-69
-68
-67
-66
-65
-64
-63
-63
-62
-61
-60
-59
-58
-57
-56
-55
-54
-54
-53
-52
-51
-50
-49
-48
-47
-35
-22
-8
5
18
31
44
56
68
79
89
98
106
113
119
123
126
127
127
127
124
121
115
109
102
93
83
73
61
49
37
24
-2
-27
-51
-74
-93
-109
-120
-126
-128
-124
-116
-102
-85
-64
-41
-16
10
35
59
80
98
113
122
127
127
122
112
97
79
57
33
8
-30
-65
-94
-115
-127
-127
-116
-95
-65
-30
7
44
77
104
121
127
124
108
84
52
15
-23
-58
-89
-112
-125
-128
-119
-99
-72
-37
         0         0
         0         0
         0         0
         0         0
         0         0
         0         0
         0         0
         0         0
         0         0
         0         0
         0         0
         0         0
         0         0
         0         0
         0         0
         0         0
     21184         0
     -6776       424
     -1427       181
      -619        94
      -379        97
      -233        71
      -209        47
      -145        19
      -128        48
      -104        25
      -103        10
       -94        16
       -85        17
       -86         5
       -85        15
       -71        12
      -152         0
      1960     16406
       -34       422
       -56       266
       -70       160
       -75       124
       -47        98
       -48       103
       -48        72
       -63        42
       -65        48
       -50        50
       -58        32
       -69        29
       -78        20
       -63       -10
     -6464         0
    -12287      2516
      8300     -3125
      2480     -1254
      1392      -773
       962      -591
       762      -440
       656      -370
       576      -272
       529      -259
       497      -196
       467      -167
       464      -133
       435       -85
       426       -65
       421       -19
       424         0
       534       418
     -7680    -14451
      -125      -652
        11      -375
        52      -258
        61      -190
        72      -170
        72      -112
       108       -84
        96       -79
       114       -89
       101       -55
       100       -26
        99       -35
       106         2
      2208         0
      2798     -1473
      8141     -7313
     -6716      7232
     -2564      2818
     -1719      1795
     -1360      1307
     -1199      1023
     -1080       808
     -1037       663
      -962       516
      -941       414
      -924       338
      -915       219
      -891       153
      -896        87
      -664         0
      -737      -115
     -1184      -369
     14527      6989
       640       446
       251       250
       133       154
        74       126
        40        64
        14        78
         2        73
        -5        34
       -16        30
       -17        37
       -39        30
       -27        12
       880         0
       893       987
       863      2698
       608     11141
      1266     -9476
      1101     -3651
      1058     -2329
      1030     -1686
      1032     -1272
      1036      -980
      1012      -795
      1007      -614
      1006      -468
      1011      -359
      1003      -216
       995      -108
       464         0
       499       -82
       670      -192
      1295      -531
    -14666      6944
     -1098       562
      -590       297
      -412       182
      -336       160
      -270       119
      -247       100
      -235        77
      -230        48
      -215        43
      -217        27
      -206        18
     -2328         0
     -2422      -328
     -2813      -768
     -3925     -1674
    -11013     -6601
      6139      4966
      1791      1934
       824      1184
       408       848
       182       655
        32       495
       -31       376
      -107       311
      -126       208
      -162       129
      -193        48
       320         0
       320       153
       320       338
       320       679
       320      1659
       320    -16207
       320     -1554
       320      -830
       320      -544
       320      -413
       320      -292
       320      -219
       320      -165
       320       -86
       320       -64
       320       -55
       704         0
       765      -230
       953      -517
      1357      -960
      2480     -1906
      9573     -7530
     -6759      5054
     -2847      1945
     -1960      1224
     -1576       840
     -1358       616
     -1229       466
     -1152       334
     -1098       270
     -1060       165
     -1043        90
      -656         0
      -662       -29
      -705       -49
      -859       -85
     -1168      -174
     -2318      -391
     15555      3010
      1536       332
       760       184
       496       119
       355        80
       275        56
       224        50
       199        29
       187        30
       181         0
      1504         0
      1528       231
      1599       491
      1744       844
      2058      1414
      2866      2693
      8145     10560
     -3414     -6387
      -816     -2464
      -200     -1498
        54     -1030
       205      -732
       294      -554
       330      -386
       378      -250
       397      -108
      -376         0
      -380       -90
      -361      -228
      -359      -390
      -334      -641
      -267     -1084
      -102     -2480
     -2417     15760
      -688      1960
      -549      1018
      -532       666
      -507       453
      -482       335
      -479       235
      -477       134
      -482        64
       -96         0
      -108       159
      -147       311
      -269       496
      -459       796
      -852      1248
     -1847      2353
     -8791      9318
      5680     -5072
      2626     -1954
      1896     -1171
      1587      -788
      1419      -548
      1318      -382
      1282      -237
      1224       -98
       392         0
       420        -6
       455       -49
       510       -65
       620       -86
       837      -153
      1274      -254
      2861      -556
    -15520      2936
     -2233       388
     -1270       210
      -917       126
      -748        74
      -665        55
      -587        31
      -557        12
     -1088         0
     -1090       -39
     -1127      -120
     -1250      -185
     -1363      -268
     -1638      -402
     -2159      -606
     -3493     -1133
    -13064     -4616
      6059      2231
      2305       873
      1386       514
       979       324
       771       206
       661       144
       598        48
       696         0
       717        79
       733       152
       762       213
       823       314
       901       465
      1082       678
      1421      1108
      2728      2496
    -10248    -11275
     -1249     -1649
      -522      -820
      -263      -518
      -155      -328
       -86      -191
       -44      -105
     -1024         0
     -1026      -120
     -1042      -258
     -1042      -394
     -1093      -584
     -1121      -824
     -1253     -1168
     -1414     -1729
     -1888     -3120
     -5463    -13169
      1382      5760
       135      2183
      -187      1240
      -329       775
      -367       462
      -427       234
       592         0
       598       102
       607       190
       604       249
       594       405
       593       568
       603       746
       608      1091
       600      1736
       592      3914
       597    -15193
       607     -2388
       606     -1163
       596      -690
       593      -389
       602      -178
      -624         0
      -635      -119
      -615      -239
      -619      -339
      -592      -479
      -567      -647
      -534      -874
      -443     -1221
      -304     -1776
        56     -3167
      3129    -13812
     -2459      5332
     -1520      2017
     -1288      1075
     -1180       616
     -1150       283
       360         0
       408        69
       383       166
       384       251
       331       340
       318       442
       270       594
       193       787
        56      1104
      -259      1748
     -1383      3856
      7942    -13044
      2005     -2172
      1448     -1008
      1242      -540
      1150      -246
      -352         0
      -370       -67
      -386      -144
      -333      -234
      -314      -322
      -271      -428
      -211      -583
      -153      -732
        16     -1024
       324     -1472
      1142     -2612
      8089    -11655
     -4070      3966
     -2228      1442
     -1761       708
     -1603       319
       272         0
       285        50
       291       117
       254       186
       258       259
       211       334
       168       443
       105       577
       -24       760
      -226      1047
      -716      1619
     -2529      3622
     10926    -10589
      2747     -1790
      1921      -787
      1650      -326
      -320         0
      -319       -56
      -279      -125
      -294      -174
      -279      -271
      -244      -333
      -210      -410
      -157      -526
       -48      -688
       101      -923
       442     -1331
      1342     -2299
      9655    -10703
     -4304      3146
     -2385      1067
     -1949       417
       344         0
       365        61
       357       124
       359       173
       342       251
       296       337
       266       409
       228       548
       160       680
        32       892
      -189      1200
      -691      1835
     -2678      4059
     10898    -10272
      3022     -1709
      2273      -594
      -432         0
      -412       -46
      -413      -106
      -405      -175
      -379      -237
      -401      -307
      -358      -410
      -334      -490
      -296      -632
      -206      -797
       -77     -1049
       170     -1480
       923     -2557
      8330    -12261
     -3664      3000
     -2260       830
       608         0
       605        64
       601       143
       588       209
       603       308
       581       405
       571       495
       540       609
       504       760
       450       964
       394      1231
       234      1665
      -155      2532
     -1664      5491
      8034    -11793
      2762     -1703
      -592         0
      -580       -63
      -560      -134
      -579      -196
      -563      -274
      -556      -334
      -544      -413
      -551      -512
      -536      -632
      -514      -794
      -490     -1005
      -429     -1287
      -349     -1842
       -51     -3120
      3418    -15382
     -2052      2804
       824         0
       835        76
       838       161
       825       268
       832       344
       839       450
       826       545
       829       698
       840       832
       829      1060
       826      1302
       839      1660
       832      2280
       825      3388
       838      7255
       835    -12243
      -560         0
      -557       -66
      -565      -100
      -560      -166
      -568      -230
      -564      -296
      -572      -354
      -571      -434
      -600      -552
      -568      -673
      -589      -832
      -601     -1030
      -648     -1366
      -762     -1944
     -1026     -3266
     -5226    -16004
       632         0
       641        49
       650       116
       654       181
       659       262
       670       320
       654       442
       683       515
       664       640
       667       781
       699       952
       706      1179
       749      1526
       860      2097
      1133      3250
      2799      7132
      -200         0
      -188         2
      -150       -22
      -161       -56
      -167       -65
      -185       -96
      -152      -127
      -168      -132
      -168      -176
      -154      -210
      -158      -245
      -138      -339
      -121      -433
       -92      -580
        44      -877
       703     -1831
      -256         0
      -228       -21
      -242       -43
      -242       -54
      -242       -62
      -241       -80
      -252      -118
      -260      -154
      -272      -160
      -330      -197
      -346      -277
      -452      -325
      -558      -414
      -880      -585
     -1849      -970
    -10680     -3036
       368         0
       362        36
       379        68
       351       110
       375       138
       375       192
       388       221
       388       277
       400       336
       415       408
       455       512
       496       660
       601       858
       831      1277
      1754      2470
    -11603    -10398
      -952         0
      -941       -83
      -952      -205
      -961      -283
      -949      -389
      -931      -514
      -963      -629
      -950      -780
      -944      -952
      -974     -1185
      -981     -1486
     -1023     -1934
     -1051     -2677
     -1223     -4358
     -2417    -14214
       220      5562
       288         0
       296        26
       285        83
       277        93
       278       119
       261       193
       252       237
       265       295
       232       376
       213       468
       166       589
        74       786
      -118      1159
      -796      2266
      9569    -12781
      1713      -974
        80         0
        72       -24
        63       -42
        86       -67
       126       -92
       146      -103
       177      -133
       248      -148
       344      -216
       508      -273
       750      -346
      1296      -469
      2626      -780
     11599     -2527
     -8798      1281
     -4356       316
      -296         0
      -284       -13
      -300       -55
      -307       -60
      -307       -89
      -322      -125
      -341      -148
      -358      -231
      -424      -256
      -464      -339
      -562      -452
      -824      -685
     -1597     -1337
     12685      9680
      1298       793
       753       260
       968         0
       972       124
       979       231
       984       343
       982       457
       974       594
       969       801
       969       992
       976      1272
       983      1698
       983      2374
       978      3960
       970     12905
       968     -7607
       973     -2293
       980      -887
       -88         0
       -71       -29
       -48       -53
       -59       -61
       -56       -98
       -15      -104
        -4      -139
        19      -178
        88      -240
       188      -316
       372      -475
      1070      -960
    -13656      8990
     -1395       651
      -896       283
      -761       120
      -848         0
      -853       -47
      -875      -114
      -900      -176
      -936      -226
     -1034      -292
     -1123      -377
     -1299      -522
     -1560      -680
     -2066      -999
     -3365     -1616
    -10957     -5250
      7832      3518
      2912      1125
      1907       536
      1525       231
       200         0
       213        24
       220        63
       233        71
       228       139
       229       174
       216       232
       242       299
       240       408
       246       628
       282      1277
      -291    -16174
       172      -965
       197      -424
       210      -235
       210      -113
       112         0
       137       -55
       168      -130
       185      -174
       262      -263
       365      -351
       520      -477
       818      -657
      1320      -936
      2588     -1581
      9883     -5053
     -8963      3777
     -3686      1225
     -2613       627
     -2187       351
     -1988       174
      -216         0
      -182       -14
      -184       -32
      -212       -51
      -201       -83
      -220      -113
      -264      -141
      -319      -208
      -384      -296
      -719      -631
     11446     11506
       468       524
       217       253
       109       161
        74        64
        52        33
       520         0
       525       121
       515       297
       474       454
       424       634
       330       884
       187      1232
       -95      1809
      -776      3136
     -4472      9936
      5603     -8236
      2609     -2715
      2008     -1494
      1732      -891
      1632      -531
      1584      -251
        88         0
        98        -5
       134        18
       107        19
       122        12
       165        30
       196        40
       249        61
       496       152
    -15702     -4564
      -455      -126
      -207       -75
      -138       -68
      -116        -5
       -99       -19
       -82        -5
      -904         0
      -891      -175
      -885      -382
      -875      -602
      -859      -908
      -813     -1306
      -756     -1957
      -593     -3447
       360    -10768
     -2270      9843
     -1467      3240
     -1292      1834
     -1221      1156
     -1202       774
     -1180       463
     -1152       217
      -128         0
       -33         0
       -35         0
       -38         0
       -45         0
       -58         0
       -84         0
      -164         0
     16320       512
       164         0
        84         0
        58         0
        45         0
        38         0
        35         0
        33         0
      1016         0
      1016       218
      1016       473
      1016       799
      1016      1192
      1016      1841
      1016      3320
      1016     10333
      1016    -10432
      1016     -3439
      1016     -1966
      1016     -1322
      1016      -920
      1016      -631
      1016      -397
      1016      -173
       -64         0
       -43        19
       -58         7
       -59         0
       -64        -6
       -87        -2
      -175        -3
    -16361      -519
       168         8
        95       -11
        49        -3
        47         9
        16        -6
        39        -4
        23         7
        49        -1
      -864         0
      -839      -315
      -820      -614
      -787     -1022
      -727     -1708
      -560     -3141
       257     -9722
     -2368     10870
     -1432      3544
     -1262      2070
     -1199      1400
     -1155      1004
     -1145       724
     -1134       497
     -1118       301
     -1113       163
       176         0
       178        27
       173        30
       218        48
       290        51
       516       126
     15754      4575
      -424      -138
      -192       -64
      -137       -50
       -77       -32
       -75       -10
       -50       -29
       -42       -14
       -41        -1
       -41        -4
        72         0
        63       323
       -56       740
      -268      1335
      -888      2592
     -3892      8111
      6178    -10058
      2503     -3256
      1824     -1912
      1543     -1335
      1403      -968
      1317      -722
      1272      -544
      1205      -387
      1211      -250
      1177      -116
      -320         0
      -350       -55
      -368      -124
      -465      -220
      -713      -501
    -11687    -11494
       458       641
       155       315
        56       200
        15       166
        -1       112
       -25        81
       -23        59
       -59        51
       -57        20
       -63        12
      1480         0
      1565      -230
      1950      -547
      3015     -1154
      8266     -3697
    -10617      5111
     -3351      1650
     -2068       980
     -1568       680
     -1292       505
     -1133       385
     -1023       305
      -954       223
      -926       167
      -891       108
      -879        47
       232         0
       243       146
       240       387
       247       918
       729     16114
       187     -1305
       214      -637
       205      -439
       232      -336
       220      -244
       223      -178
       234      -158
       231       -94
       228       -98
       219       -49
       228       -30
     -2888         0
     -3101      -379
     -4031     -1008
     -8897     -3420
      9969      5348
      2368      1677
      1109      1038
       605       720
       344       560
       177       433
        82       346
        20       260
       -33       196
       -54       158
       -72        92
       -79        41
       592         0
       693      -197
      1156      -588
     13378     -8959
     -1341       985
      -667       517
      -466       339
      -369       245
      -328       184
      -299       146
      -275       110
      -254       100
      -243        89
      -218        32
      -222        47
      -231        25
       968         0
       983      1768
       973      7241
       974    -13188
       982     -4147
       968     -2545
       983     -1842
       972     -1444
       976     -1112
       980      -913
       969      -722
       984      -587
       970      -435
       978      -320
       979      -215
       969      -103
     -1536         0
     -1904      -639
    -13207     -9582
      1093      1404
       306       727
       101       511
       -14       378
       -75       272
       -80       240
      -126       190
      -131       157
      -127       134
      -146        87
      -155        73
      -152        53
      -151        52
      5648         0
      9277     -1112
    -11442      2626
     -2650       828
     -1381       510
      -918       385
      -714       286
      -553       230
      -496       192
      -447       158
      -383       133
      -355        90
      -363        78
      -362        63
      -357        41
      -344        11
     -1736         0
     -9153     12389
      1309     -2488
       683     -1300
       541      -863
       469      -672
       426      -513
       402      -425
       384      -344
       387      -292
       364      -222
       351      -173
       371      -143
       359      -105
       365       -85
       359       -30
     -2784         0
       354     15850
      -713      5154
      -829      3171
      -860      2273
      -875      1744
      -887      1391
      -884      1138
      -888       936
      -912       772
      -916       630
      -904       494
      -916       385
      -924       292
      -909       168
      -914        96
     22664         0
      -182     -3421
       212     -1651
       265     -1094
       301      -795
       308      -604
       319      -503
       314      -410
       328      -336
       322      -268
       318      -215
       319      -176
       323      -155
       326      -109
       334       -84
       313       -34
     26200         0
     -3605      1933
      -955       887
      -522       557
      -359       425
      -312       308
      -235       241
      -262       210
      -216       160
      -207       126
      -203       111
      -188        90
      -201        73
      -215        45
      -207        21
      -194        18
     -6176         0
     13166      5783
      1101      1061
       348       620
       105       433
         8       338
       -30       266
       -86       203
       -96       176
      -100       147
      -108       121
      -124        92
      -121        65
      -125        52
      -131        52
      -157        29
      5152         0
     11326      8673
     -2922     -5648
      -486     -2578
        31     -1696
       256     -1281
       368     -1000
       463      -798
       480      -640
       490      -513
       514      -436
       537      -351
       529      -272
       545      -179
       568      -125
       565       -69
     -1632         0
     -2112     -2448
      4425     15206
        89      2836
      -248      1643
      -363      1180
      -419       903
      -458       711
      -464       576
      -470       449
      -476       393
      -496       304
      -520       235
      -499       185
      -522       103
      -491        59
       832         0
       832      1998
       832     13138
       832     -6752
       832     -3041
       832     -2007
       832     -1452
       832     -1149
       832      -896
       832      -734
       832      -625
       832      -459
       832      -353
       832      -270
       832      -179
       832       -77
        -8         0
        94      -920
       698     -3294
     -4721     15080
     -1219      2896
      -912      1695
      -803      1178
      -735       913
      -712       688
      -699       557
      -686       456
      -676       379
      -653       272
      -660       199
      -649       144
      -651        70
      -464         0
      -579       768
     -1136      2122
     -6475     12083
      3165     -5274
      1607     -2342
      1241     -1546
      1053     -1123
       976      -864
       922      -671
       893      -531
       855      -430
       835      -314
       840      -230
       826      -160
       817       -78
       520         0
       614      -437
       963     -1110
      2459     -3186
     -9490     12109
     -2070      2426
     -1315      1384
     -1067       946
      -920       736
      -820       566
      -774       432
      -746       371
      -734       269
      -725       199
      -699       113
      -715        79
      -584         0
      -694       344
      -961       820
     -1786      1864
     -9701     10390
      3857     -3960
      1857     -1736
      1352     -1133
      1112      -816
       983      -623
       894      -474
       847      -378
       821      -298
       810      -204
       771      -125
       775       -59
       496         0
       558      -259
       742      -598
      1231     -1212
      3198     -3253
    -10773     10601
     -2431      2203
     -1543      1269
     -1200       864
     -1031       636
      -917       489
      -864       382
      -830       267
      -811       204
      -786       120
      -783        54
      -360         0
      -383       213
      -488       462
      -789       896
     -1639      1890
     -9814     10666
      3603     -3526
      1787     -1551
      1312      -984
      1079      -701
       972      -519
       885      -385
       839      -318
       815      -207
       809      -146
       787       -60
       152         0
       172      -216
       254      -473
       462      -827
       932     -1567
      2794     -4030
     -9383     11568
     -2411      2525
     -1584      1400
     -1299       945
     -1122       683
     -1051       492
      -980       401
      -954       270
      -916       162
      -913        90
       104         0
       124       173
        56       389
       -14       662
      -242      1098
      -814      2223
     -6756     13124
      2573     -3811
      1432     -1664
      1114     -1040
       966      -712
       917      -521
       866      -374
       831      -261
       806      -166
       773       -99
      -496         0
      -473      -196
      -462      -439
      -398      -760
      -297     -1193
       -48     -2146
       881     -5434
     -4714     13730
     -1632      3104
     -1277      1702
     -1113      1125
     -1051       798
      -999       583
      -996       384
      -970       265
      -962       121
       592         0
       597       152
       606       280
       607       516
       600       806
       593      1258
       594      2469
       603     15283
       608     -3840
       603     -1686
       594     -1014
       593      -718
       600      -490
       607      -353
       606      -196
       597       -94
     -1104         0
     -1102      -152
     -1134      -338
     -1180      -585
     -1245      -870
     -1360     -1347
     -1693     -2271
     -2904     -5835
      3912     13096
       311      3053
      -152      1651
      -343      1070
      -419       746
      -463       492
      -508       288
      -511       166
       768         0
       773        90
       803       152
       840       257
       908       369
      1022       554
      1305       889
      2021      1703
     11024     11312
     -1962     -2450
      -681     -1070
      -316      -635
      -156      -415
       -54      -266
       -20      -175
       -19       -69
     -1032         0
     -1052       -61
     -1064      -130
     -1145      -166
     -1283      -252
     -1510      -361
     -1898      -538
     -2815      -896
     -6552     -2272
     12544      4582
      2967      1084
      1624       583
      1139       388
       887       236
       731       148
       683        75
       296         0
       314       -14
       307       -33
       348       -65
       416       -72
       517      -101
       693      -139
      1027      -217
      2000      -408
     15275     -2950
     -3090       549
     -1522       238
     -1088       152
      -855        93
      -758        47
      -704        15
       176         0
       179       102
       159       185
       117       315
        58       435
       -49       606
      -235       852
      -566      1238
     -1264      2016
     -4312      5125
     10168     -9267
      3205     -2248
      2230     -1181
      1836      -707
      1651      -398
      1572      -196
      -408         0
      -407       -62
      -396      -123
      -405      -198
      -386      -283
      -376      -371
      -382      -484
      -352      -717
      -328     -1072
      -206     -2004
      1535    -15801
      -777      2428
      -590      1029
      -550       570
      -533       305
      -510       139
      1088         0
      1094       105
      1110       206
      1124       322
      1155       479
      1224       618
      1299       829
      1433      1097
      1728      1568
      2327      2551
      4913      6469
     -6654    -10462
     -1379     -2561
      -587     -1292
      -283      -682
      -153      -303
      -264         0
      -253         1
      -276       -34
      -304       -15
      -309       -25
      -343       -55
      -381       -82
      -456      -103
      -592      -120
      -870      -189
     -1649      -353
    -15660     -3015
      2213       375
      1093       159
       803        79
       665        41
      -232         0
      -225       -67
      -227      -160
      -205      -204
      -171      -295
      -100      -403
       -27      -510
        80      -682
       288      -920
       676     -1278
      1568     -2018
      5468     -5137
    -10885      7433
     -3803      1834
     -2689       828
     -2339       348
       312         0
       327        41
       314       100
       323       102
       320       169
       317       204
       326       279
       313       339
       328       432
       313       578
       326       862
       317      1604
       320     16281
       323     -1588
       314      -597
       327      -250
      -848         0
      -850       -70
      -863      -127
      -860      -182
      -908      -251
      -924      -343
      -994      -425
     -1077      -552
     -1200      -704
     -1395      -911
     -1811     -1277
     -2764     -2022
     -7108     -5067
     10099      6480
      3060      1517
      1994       552
       -24         0
       -45       -20
       -41       -10
       -42       -24
       -36       -39
       -20       -74
         0       -82
        30       -83
        32      -136
        88      -172
       169      -221
       331      -329
       836      -583
     14394     -6980
     -1600       491
      -977       165
      1000         0
       990       102
       990       200
       987       325
      1000       477
       994       575
       983       727
       992       898
       992      1128
       994      1425
       967      1832
       951      2495
       920      3901
       746      9764
      1412    -10726
      1153     -2093
      -136         0
      -123        11
      -117       -10
       -96       -15
      -135       -35
      -123       -48
      -124       -59
      -136       -80
      -168       -80
      -162      -131
      -200      -140
      -244      -192
      -361      -259
      -766      -457
    -14598     -7035
      1138       303
      -608         0
      -615       -78
      -596      -158
      -605      -211
      -584      -290
      -598      -389
      -564      -486
      -551      -615
      -512      -752
      -482      -928
      -358     -1151
      -205     -1464
        72     -2018
       847     -3100
      4878     -7638
    -10272      6628
       128         0
       121         0
       117        34
       111        27
       117        46
       117        61
       126        73
       120        90
       128       112
       131       140
       119       176
       143       216
       139       270
       189       413
       310       745
      7836     14617
       224         0
       237        31
       230        33
       226        99
       223       125
       232       150
       222       185
       201       228
       200       280
       176       344
       151       420
        77       547
       -15       701
      -274       974
      -988      1517
     -5739      3697
        -8         0
       -72        -5
       -71       -10
       -71       -15
       -70       -21
       -68       -28
       -67       -35
       -66       -45
       -64       -56
       -62       -70
       -61       -88
       -60      -113
       -58      -149
       -57      -207
       -57      -319
       -56      -648
       -88         0
       -79       -10
      -102       -14
       -82       -16
      -104        -5
       -92       -31
      -112       -39
       -98       -39
      -152       -16
      -158       -30
      -209       -39
      -256       -54
      -376       -85
      -655       -95
     -1464      -174
     -7221      -442
        -8         0
         0        -5
         8         0
         0        41
        -8         0
         0       -37
         8         0
         0        -4
        -8         0
         0        17
         8         0
         0        -6
        -8         0
         0        -5
         8         0
         0    -16381
       152         0
       191         4
       184         5
       214        20
       223        14
       248        30
       246        43
       280        15
       336        40
       432        40
       538        48
       765        61
      1185       110
      2380       130
      8791       362
    -12637      -276
        72         0
        59        20
        68         0
        66        35
        67        28
        68        37
        53        30
        51        63
        56        80
        47        86
        69       110
        66       142
        45       220
        33       373
     -1982     16303
       122      -235
      -552         0
      -528       -35
      -511       -69
      -545       -86
      -564      -127
      -613      -167
      -639      -204
      -709      -252
      -800      -328
      -936      -401
     -1201      -521
     -1680      -724
     -2860     -1151
     -8858     -2970
     11343      2782
      4461       560
      -112         0
       -96       -13
       -96       -29
       -93       -31
       -98       -26
       -92       -74
       -83       -87
       -58      -114
       -72      -136
       -66      -172
       -47      -254
        12      -330
       162      -618
      7711    -14402
      -510       477
      -342       151
       952         0
       945        83
       973       158
       992       245
      1009       327
      1032       452
      1112       560
      1172       697
      1296       904
      1484      1216
      1844      1669
      2720      2662
      6927      7015
     -7858     -7608
     -2361     -1901
     -1511      -694
        16         0
         7        14
         7        18
         1        19
         0        33
       -13        54
       -26        75
       -51        86
      -104        88
      -145       146
      -301       224
      -687       425
    -14560      6993
      1127      -382
       640      -154
       529       -58
     -1024         0
     -1019      -111
     -1009      -246
     -1003      -378
     -1025      -530
     -1021      -679
     -1012      -902
     -1033     -1183
     -1032     -1560
     -1064     -2190
     -1083     -3524
     -1253     -9277
      -607     11358
      -864      2977
      -928      1357
      -934       595
       216         0
       230       -10
       251        25
       248        61
       260        46
       284        83
       309       113
       359       138
       448       184
       619       273
      1118       548
     14700      6948
     -1268      -578
      -610      -228
      -430      -115
      -343       -52
        80         0
        87        72
        48       150
        11       231
       -42       310
      -119       442
      -250       575
      -486       801
      -904      1112
     -1890      1863
     -6261      4911
     10909     -6690
      3770     -1770
      2615      -890
      2175      -475
      1993      -216
      -328         0
      -314       -32
      -320       -83
      -326      -132
      -312      -176
      -326      -284
      -320      -380
      -314      -512
      -328      -768
      -314     -1491
      -320    -16166
      -326      1682
      -312       720
      -326       396
      -320       226
      -314       110
      1120         0
      1150        78
      1181       206
      1237       307
      1318       411
      1434       571
      1633       776
      2003      1156
      2928      1904
      6836      5000
     -9469     -7581
     -2377     -1996
     -1238     -1045
      -782      -658
      -577      -375
      -476      -171
      -232         0
      -236        19
      -239        13
      -251        36
      -318        57
      -402        77
      -528        96
      -816       171
     -1576       320
    -15610      2999
      2269      -399
      1136      -177
       814      -103
       672       -71
       577       -35
       531       -15
      -336         0
      -307      -150
      -268      -280
      -217      -441
      -164      -655
       -13      -966
       265     -1411
       854     -2384
      3480     -6296
     -8077     10645
     -2795      2759
     -2006      1500
     -1692       961
     -1520       597
     -1425       370
     -1387       187
       472         0
       481        81
       507       190
       490       272
       511       429
       540       629
       594       977
       672      1912
      2424     15728
       117     -2526
       259     -1120
       334      -681
       353      -451
       378      -310
       368      -180
       380      -108
     -1328         0
     -1368      -142
     -1382      -280
     -1491      -481
     -1652      -724
     -1964     -1110
     -2693     -1887
     -5756     -4993
      8720      9392
      1778      2374
       774      1319
       386       867
       180       588
        76       408
         5       270
       -45       121
       664         0
       674        23
       725        34
       818        82
       994       116
      1327       195
      2263       402
     15563      2927
     -2816      -568
     -1229      -248
      -781      -144
      -585      -110
      -466       -60
      -389       -43
      -352       -31
      -307       -28
      -784         0
      -809        74
      -884       165
     -1106       294
     -1477       460
     -2383       833
     -6125      2212
     12998     -4654
      3408     -1152
      2075      -652
      1555      -421
      1267      -294
      1125      -212
      1039      -153
       975       -99
       935       -43
       152         0
       141      -136
       202      -269
       343      -472
       596      -777
      1314     -1614
     10303    -11243
     -2682      2552
     -1400      1152
     -1035       731
      -868       501
      -776       374
      -740       279
      -734       192
      -678       115
      -667        47
       336         0
       334       297
       263       628
       147      1118
      -170      2105
     -1401      5638
      5454    -13272
      1856     -3219
      1384     -1816
      1199     -1232
      1098      -894
      1053      -660
      1018      -487
      1005      -364
       994      -210
       990      -133
      -600         0
      -600      -245
      -600      -569
      -600     -1065
      -600     -2301
      -600    -15127
      -600      3979
      -600      1800
      -600      1152
      -600       811
      -600       596
      -600       490
      -600       355
      -600       227
      -600       144
      -600        58
      1200         0
      1230       410
      1348       922
      1567      1879
      2482      5231
     -3111    -13917
       -55     -3268
       334     -1868
       488     -1272
       536      -956
       611      -704
       618      -543
       638      -401
       659      -304
       656      -194
       664       -92
     -1304         0
     -1329      -362
     -1502      -879
     -2061     -2040
     -7984    -12946
      1352      3949
       216      1810
       -92      1171
      -240       856
      -283       659
      -362       511
      -397       374
      -416       286
      -401       211
      -431       126
      -436        87
      1824         0
      1943       494
      2338      1289
      4177      3828
     -8005    -11763
     -1066     -2689
      -242     -1539
        33     -1080
       192      -816
       274      -616
       331      -510
       365      -396
       389      -275
       400      -224
       421      -146
       403       -74
     -1960         0
     -2136      -561
     -2897     -1637
    -11040    -10476
      2431      3718
       639      1713
       157      1112
       -54       829
      -160       648
      -226       495
      -276       401
      -304       314
      -319       230
      -348       155
      -345       116
      -355        63
      2344         0
      2650       812
      4492      2973
     -9514    -10826
     -1218     -2406
      -355     -1401
       -35     -1015
       110      -758
       208      -600
       252      -493
       287      -381
       295      -302
       354      -230
       371      -175
       376      -105
       366       -58
     -2840         0
     -3374     -1363
    -11116    -10052
      2515      4211
       561      1967
        75      1309
      -126       970
      -221       753
      -320       600
      -350       490
      -346       391
      -381       305
      -401       239
      -412       161
      -443       121
      -412        63
      2912         0
      4010      2573
     -8113    -12538
      -771     -2714
       -55     -1626
       157     -1157
       288      -878
       355      -700
       376      -584
       418      -467
       426      -358
       422      -290
       455      -218
       456      -164
       455      -114
       458       -54
     -3712         0
     -8444    -11068
      1432      5925
       -14      2808
      -327      1872
      -487      1397
      -528      1099
      -562       873
      -600       712
      -604       586
      -610       473
      -636       379
      -633       288
      -648       205
      -647       147
      -637        51
      2856         0
     -3153    -16318
       187     -3600
       431     -2161
       477     -1512
       539     -1148
       568      -918
       563      -760
       576      -600
       581      -503
       612      -415
       592      -312
       579      -264
       577      -173
       585      -121
       573       -61
      -832         0
      -832      9240
      -832      4257
      -832      2779
      -832      1997
      -832      1572
      -832      1254
      -832      1001
      -832       816
      -832       679
      -832       552
      -832       459
      -832       333
      -832       264
      -832       163
      -832        93
     11008         0
       152     -5716
       449     -2757
       514     -1803
       517     -1313
       530     -1026
       527      -830
       546      -656
       544      -528
       533      -441
       543      -357
       530      -283
       539      -225
       559      -163
       529      -107
       540       -60
     -9496         0
      6995     11926
       545      3584
      -135      2192
      -345      1567
      -449      1192
      -510       947
      -523       765
      -560       632
      -579       533
      -586       428
      -576       332
      -583       255
      -579       198
      -601       120
      -571        66
      4408         0
     15986      4898
     -2064     -1362
      -614      -686
      -210      -448
       -96      -329
       -17      -266
        23      -224
        56      -176
        86      -151
       107      -112
       111       -85
       130       -96
       122       -39
       118       -24
       127        -2
     -5184         0
     -8272       972
     12189     -2749
      2616      -790
      1354      -510
       878      -348
       676      -286
       537      -220
       464      -192
       423      -146
       371      -113
       357      -101
       358       -78
       329       -69
       331       -49
       315       -17
      1176         0
      1640      -933
     11209    -10766
     -1995      2264
      -957      1139
      -696       778
      -563       568
      -528       448
      -464       344
      -453       294
      -419       207
      -424       200
      -403       163
      -417       116
      -402        72
      -389        32
       480         0
       402      1595
      -122      6370
      2463    -13735
      1278     -4014
      1104     -2424
      1034     -1762
      1022     -1348
       976     -1056
       965      -852
       979      -676
       968      -545
       962      -398
       944      -292
       957      -192
       963      -105
     -1072         0
     -1154      -415
     -1568     -1203
     -9473    -12935
       866      2165
       186      1073
       -22       731
      -115       531
      -176       400
      -207       334
      -214       263
      -247       211
      -242       165
      -253       112
      -276        57
      -256        50
      2696         0
      2919       162
      3857       409
      8477      1317
    -11850     -2476
     -2823      -726
     -1434      -429
      -897      -307
      -640      -232
      -465      -169
      -387      -140
      -307      -122
      -230       -92
      -205       -65
      -179       -38
      -171       -21
      -432         0
      -473       150
      -638       337
     -1197       852
    -12613      9753
      1648     -1318
       848      -633
       599      -433
       504      -312
       442      -256
       385      -194
       375      -153
       341      -103
       334       -69
       333       -56
       320       -30
      -976         0
      -976      -522
      -976     -1229
      -976     -2551
      -976     -7826
      -976     12753
      -976      3789
      -976      2230
      -976      1568
      -976      1172
      -976       889
      -976       712
      -976       494
      -976       391
      -976       223
      -976        92
       568         0
       615        64
       684       169
       870       304
      1359       678
     13606      9031
     -1105      -936
      -403      -444
      -184      -304
      -118      -221
       -47      -168
       -32      -130
         1       -90
        24       -82
        20       -55
        29       -26
     -1032         0
     -1099       168
     -1286       345
     -1700       630
     -2772      1194
     -7722      3573
     11090     -5215
      3460     -1587
      2176      -904
      1651      -653
      1387      -457
      1216      -363
      1108      -278
      1031      -190
      1001      -114
       986       -69
      -216         0
      -198       -55
      -203      -143
      -211      -267
      -197      -482
      -194     -1003
       287    -16184
      -257      1243
      -248       624
      -227       386
      -242       282
      -251       205
      -219       142
      -239        91
      -226        68
      -214        30
      1624         0
      1661       115
      1786       252
      2007       437
      2462       705
      3582      1290
      8866      3818
    -10005     -5018
     -2704     -1528
     -1422      -874
      -894      -596
      -610      -425
      -446      -287
      -335      -220
      -285      -130
      -254       -59
       -16         0
       -37        41
       -31        61
       -74       107
       -90       173
      -182       257
      -427       530
    -11427     11526
       704      -608
       413      -275
       301      -197
       254      -128
       250       -83
       211       -65
       221       -27
       218       -26
     -1448         0
     -1432      -188
     -1478      -420
     -1566      -657
     -1672     -1031
     -1930     -1588
     -2550     -2805
     -5543     -8314
      4512      9864
       806      3048
       158      1730
      -140      1133
      -280       793
      -363       555
      -417       339
      -454       193
        56         0
        48       -18
        84        -7
        78       -13
        98       -10
       135       -40
       212       -51
       432      -123
     15680     -4568
      -508       130
      -283        65
      -187        43
      -162        22
      -130         8
      -109        13
      -124       -20
      1120         0
      1122       167
      1150       392
      1155       605
      1179       879
      1202      1265
      1268      1942
      1457      3353
      2264      9944
      -340    -10685
       572     -3332
       735     -1847
       805     -1185
       834      -766
       849      -466
       874      -226
       -24         0
       -27       -14
       -48        -2
       -31       -10
       -45         8
       -38        -3
       -52        14
       -74         9
      -168         0
    -16369       512
       157       -14
       106        11
        45        -8
        62        11
        39         2
        52       -17
     -1024         0
     -1024      -146
     -1024      -313
     -1024      -497
     -1024      -718
     -1024     -1003
     -1024     -1416
     -1024     -2045
     -1024     -3520
     -1024    -10554
     -1024     10219
     -1024      3232
     -1024      1714
     -1024      1036
     -1024       634
     -1024       292
       -40         0
       -19         6
       -40         9
       -25         5
       -41         8
       -45       -15
       -41         4
       -60        13
       -88        16
      -150        -1
     16359      -512
       173        -9
        73        -8
        79        11
        43         5
        48        -9
      1064         0
      1085       131
      1104       281
      1093       436
      1099       612
      1123       820
      1141      1103
      1174      1485
      1240      2176
      1419      3654
      2334     11001
      -288     -9612
       533     -2988
       696     -1555
       765      -861
       801      -395
        32         0
        25        -3
        21        -5
        24       -13
        45       -18
        38       -16
        53       -12
        74       -42
       104       -56
       162       -57
       415      -137
    -15764      4542
      -509       142
      -299        34
      -233        30
      -197        15
     -1096         0
     -1134      -112
     -1131      -215
     -1164      -325
     -1184      -484
     -1218      -627
     -1284      -802
     -1355     -1068
     -1480     -1424
     -1776     -2023
     -2433     -3342
     -6125    -10183
      3952      7996
       996      2420
       401      1148
       192       480
        48         0
        66        21
        82        31
        57        30
        56        72
        35        60
        46        91
        27       127
        -8       136
       -44       228
      -134       342
      -438       648
     11720    -11464
       739      -486
       486      -198
       390       -86
       744         0
       761        23
       762        97
       790       157
       832       197
       875       283
       938       325
      1042       431
      1192       560
      1451       729
      1962      1050
      3213      1700
     10448      5189
     -8453     -3607
     -3247     -1034
     -2303      -381
      -232         0
      -228       -37
      -226       -47
      -218       -75
      -219      -103
      -202      -132
      -201      -157
      -211      -212
      -232      -272
      -226      -332
      -213      -459
      -216      -683
      -197     -1367
      -742     16056
      -256       866
      -262       268
       184         0
       181        48
       185        96
       155       140
       140       206
       141       252
        65       300
         5       380
       -80       488
      -217       598
      -463       772
      -953      1101
     -2156      1774
     -9709      5461
      9237     -3272
      4509      -766
       200         0
       219        23
       189        21
       198        73
       224        73
       238        85
       242       111
       235       152
       264       176
       274       226
       325       277
       430       372
       608       537
      1259      1045
    -13492     -8901
     -1318      -498
      -992         0
      -979       -97
      -980      -207
      -990      -310
      -976      -429
      -979      -484
      -986      -666
      -971      -829
      -976     -1008
      -981     -1261
      -966     -1580
      -973     -2031
      -976     -2829
      -962     -4530
      -972    -13729
      -973      6398
       176         0
       196        26
       197        39
       183        76
       195        82
       170       123
       169       155
       155       155
       168       216
       129       257
       105       337
        68       426
       -19       562
      -186       837
      -919      1533
     13557     -9335
       232         0
       252        12
       243        24
       243        43
       233        82
       256        79
       248       136
       274       137
       288       168
       313       210
       377       274
       460       343
       583       450
       891       610
      1852       994
      9791      2949
      -360         0
      -330       -37
      -346       -56
      -347      -100
      -335      -145
      -335      -182
      -322      -225
      -333      -281
      -320      -328
      -340      -409
      -353      -487
      -365      -645
      -369      -817
      -375     -1110
      -420     -1694
      -646     -3464
       904         0
       930        85
       940       198
       928       281
       911       379
       906       492
       937       627
       934       766
       928       920
       932      1135
       938      1377
       938      1716
       945      2235
       970      3082
      1026      4788
      1399     10735
      -360         0
      -360       -50
      -337       -69
      -356       -99
      -349      -134
      -380      -175
      -366      -212
      -380      -270
      -392      -336
      -409      -403
      -418      -511
      -464      -645
      -531      -838
      -684     -1182
     -1216     -2032
    -10600    -12059
       272         0
       284        22
       281        24
       285        43
       324        74
       305        78
       332       110
       367       130
       392       184
       463       222
       558       260
       725       319
      1036       458
      1858       701
      5677      1549
    -14912     -2157
        72         0
        89         7
        84         6
        89        53
        61        73
        55        86
        35       118
        24       162
        -8       176
       -66       224
      -135       302
      -294       400
      -573       537
     -1484       936
    -13873      5502
      4020      -771
      -496         0
      -485       -62
      -489      -125
      -504      -204
      -464      -269
      -453      -354
      -435      -442
      -391      -561
      -352      -704
      -263      -877
      -147     -1135
       148     -1517
       736     -2333
      3281     -5266
    -10705      9326
     -3766      1484
       472         0
       488        50
       479       119
       467       173
       474       234
       490       314
       451       405
       448       502
       416       632
       393       802
       339      1064
       192      1512
      -170      2650
     -4533     14931
      1963     -2870
      1351      -810
      -840         0
      -838       -92
      -832      -162
      -826      -275
      -824      -383
      -826      -503
      -832      -656
      -838      -816
      -840     -1024
      -838     -1357
      -832     -1845
      -826     -2856
      -824     -6495
      -826     13471
      -832      2521
      -838       873
       672         0
       680        64
       673       151
       695       215
       697       296
       704       380
       700       486
       701       630
       776       824
       814      1080
       950      1583
      1263      2780
      4759     14920
      -644     -3498
       -19     -1217
       139      -479
      -880         0
      -856       -72
      -872      -161
      -900      -256
      -883      -356
      -916      -462
      -960      -625
      -993      -800
     -1104     -1024
     -1285     -1438
     -1690     -2247
     -3252     -5147
      6403     12236
      1036      2340
       417      1032
       189       427
       744         0
       737        73
       752       128
       788       199
       789       307
       824       393
       888       517
       975       662
      1112       912
      1381      1311
      2129      2368
      9568     12033
     -2357     -3293
      -873     -1247
      -473      -613
      -344      -267
      -872         0
      -848       -82
      -863      -142
      -867      -232
      -898      -310
      -970      -431
     -1022      -555
     -1146      -760
     -1400     -1056
     -1919     -1670
     -3926     -3874
      9622     10479
      1682      1962
       839       952
       531       507
       408       227
       832         0
       830        73
       861       151
       862       242
       904       319
       980       418
      1065       588
      1263       805
      1592      1208
      2476      2169
     10819     10543
     -3105     -3323
     -1144     -1281
      -662      -702
      -426      -390
      -340      -183
      -848         0
      -858       -61
      -853      -162
      -907      -250
      -944      -353
     -1009      -484
     -1134      -681
     -1368      -946
     -1832     -1512
     -3649     -3490
      9755     10737
      1558      1976
       720       975
       415       568
       265       344
       186       169
       952         0
       983        98
      1006       199
      1024       313
      1062       437
      1139       613
      1325       880
      1637      1350
      2448      2440
      9439     11511
     -2753     -4132
      -892     -1653
      -374      -923
      -187      -590
       -58      -333
       -23      -154
      -848         0
      -857      -112
      -869      -209
      -887      -328
      -934      -459
     -1012      -673
     -1161      -982
     -1478     -1636
     -2616     -3752
      6754     13189
       769      2300
       213      1180
         6       741
      -108       470
      -179       288
      -194       155
      1000         0
       989       135
      1006       316
      1034       481
      1074       738
      1143      1038
      1297      1631
      1666      3033
      4736     13672
      -861     -5504
        91     -2193
       330     -1306
       430      -862
       488      -544
       518      -340
       523      -171
      -608         0
      -592      -137
      -607      -266
      -593      -439
      -606      -659
      -596      -953
      -603     -1627
      -598     -3797
      -600     15320
      -602      2527
      -597      1309
      -604       841
      -594       557
      -607       385
      -593       238
      -608        97
       448         0
       461       186
       427       378
       403       624
       318       988
       106      1557
      -349      2972
     -3929     13006
      2904     -5896
      1661     -2374
      1343     -1423
      1211      -956
      1122      -660
      1091      -446
      1042      -273
      1043      -119
        72         0
        94      -119
       148      -231
       221      -372
       363      -573
       710     -1020
      1983     -2420
    -10991     11354
     -1984      1720
     -1270       935
     -1005       605
      -874       425
      -779       291
      -754       210
      -710       138
      -703        56
      -872         0
      -891        83
     -1012       189
     -1264       329
     -1739       546
     -3053      1058
    -12642      4554
      6470     -2305
      2744      -928
      1828      -554
      1416      -380
      1200      -274
      1067      -206
       962      -148
       941      -105
       892       -62
       816         0
       873        33
       950        95
      1145       138
      1577       202
      3167       525
    -15221     -2959
     -1948      -413
      -984      -232
      -645      -156
      -459      -114
      -360       -79
      -313       -54
      -259       -46
      -247       -35
      -244         5
     -1752         0
     -1810      -260
     -1967      -565
     -2327     -1071
     -3311     -2152
    -10235     -9188
      4245      5201
      1198      2090
       496      1304
       154       914
        -1       683
      -112       492
      -177       376
      -229       265
      -260       197
      -272        76
       552         0
       535       216
       569       480
       599       942
       790      2381
     -1520    -15878
       192     -2051
       333     -1112
       352      -744
       366      -547
       389      -426
       388      -314
       394      -243
       418      -155
       418      -103
       417       -72
       360         0
       460      -464
       714     -1106
      1458     -2427
      6716    -10327
     -4858      6561
     -2248      2657
     -1649      1650
     -1384      1184
     -1260       897
     -1185       685
     -1106       536
     -1068       393
     -1047       284
     -1025       187
     -1022        94
      -840         0
      -924        72
     -1209       137
     -2304       365
     15600     -3040
      1594      -326
       834      -195
       561      -120
       416       -88
       340       -74
       314       -62
       263       -50
       224       -48
       244         1
       253       -18
       226       -11
      2800         0
      2999       589
      3999      1643
     11062      7293
     -5322     -5252
     -1460     -2115
      -574     -1338
      -214      -974
         0      -752
       124      -586
       189      -463
       236      -371
       266      -292
       313      -195
       323      -138
       317       -65
      -320         0
      -320      -454
      -320     -1476
      -320     16343
      -320      1646
      -320       933
      -320       649
      -320       466
      -320       368
      -320       302
      -320       254
      -320       194
      -320       142
      -320       118
      -320        49
      -320        25
     -2824         0
     -3531      1185
    -10415      6248
      6870     -5242
      2577     -2132
      1666     -1368
      1302     -1020
      1096      -771
       968      -608
       898      -521
       859      -389
       817      -317
       767      -244
       772      -195
       765      -130
       756       -72
      1304         0
      1778       422
    -14295     -7041
      -761      -605
      -279      -350
      -115      -241
       -48      -176
       -31      -148
         0      -120
        49       -93
        44       -68
        47       -69
        71       -46
        61       -29
        59       -22
        60       -16
     -1240         0
     -1437     -9775
      -771     10357
      -924      4285
      -970      2785
      -987      2052
      -982      1609
      -984      1259
      -992      1016
      -986       854
     -1003       690
      -993       538
      -982       417
     -1008       317
      -988       189
     -1003       102
     -1792         0
     14360     -7142
       604      -516
       294      -290
       184      -207
       157      -165
       136      -120
       124      -113
       120       -72
       111       -51
       106       -61
       121       -41
       104       -31
        93        -2
       114        -9
       100        -3
     16880         0
     -3409     -9103
      -134     -3790
       345     -2421
       485     -1763
       565     -1336
       619     -1061
       633      -902
       664      -728
       664      -590
       682      -481
       678      -373
       699      -307
       683      -224
       688      -139
       673       -70
    -15856         0
       -88      1145
      -112       557
       -91       361
      -112       298
       -95       218
      -112       153
      -101       128
      -112       112
      -107       100
      -112        60
      -113        52
      -112        42
      -117        42
      -112        16
      -120         3
     18488         0
     -7658      4014
     -1726      1557
      -911       949
      -632       703
      -527       533
      -434       447
      -419       358
      -376       288
      -351       246
      -345       199
      -349       163
      -360       111
      -327        80
      -343        62
      -339        11
       136         0
      2115     16079
        46      -435
        49      -227
        53      -174
        58      -132
        51      -101
        66       -63
        56       -64
        64       -60
        72       -39
        66       -26
        75       -30
        89       -13
        55       -21
        54        -1
     -6840         0
    -12205       263
      9227      -382
      2434      -139
      1232      -105
       773       -54
       536       -26
       438       -44
       344       -32
       302       -17
       268       -37
       252        -5
       192        -9
       200        11
       176        -9
       190         8
