Nof lines WG output:   1280
Nof lines PFFT output: 640
23
78
-96
37
14
-56
-18
15
127
118
-58
127
31
-3
30
-9
-5
64
60
60
29
-52
31
70
21
44
31
-13
13
-34
38
-49
-46
-35
-126
61
14
-32
58
-73
-4
-10
14
13
-37
-1
-7
27
47
47
-37
3
-52
-48
0
65
-33
16
-10
48
-46
1
24
47
66
4
-64
-32
-45
100
-26
32
-8
38
-33
-60
-61
21
-8
-8
61
12
8
68
-34
30
36
-10
9
-50
-49
4
31
110
-28
8
-4
-82
-19
-77
36
-38
4
-23
13
-26
21
32
73
-8
-91
-36
58
-46
41
5
61
-84
-8
-52
124
35
59
-45
-20
-12
47
-12
30
-88
-15
-35
-67
22
12
1
-57
48
15
-13
1
-11
-75
-12
-35
-42
-49
-23
-85
41
22
-1
-1
-34
43
-6
-30
58
-10
-25
-13
-36
-48
108
71
13
-54
-37
-8
34
-57
-99
-62
14
17
19
-6
8
-20
37
-58
19
-36
-14
24
44
-48
54
28
-3
-8
-9
-13
1
2
35
65
20
-9
27
8
-44
41
13
6
22
11
-40
-7
-6
-23
72
-37
-21
-30
-50
-8
-12
65
-11
-45
68
53
-10
-64
-19
-7
12
-11
19
17
-53
-40
-32
-22
-14
1
-128
-19
53
-46
40
15
-1
8
-67
-4
68
4
2
-31
-1
10
18
-16
-10
86
-96
95
14
43
-71
-25
-12
18
-71
20
-52
3
28
14
46
43
-28
11
-40
-56
39
0
-2
39
25
15
53
40
10
-29
-28
51
-69
-1
-83
44
37
0
-3
-106
25
-94
-99
3
-40
18
29
37
-29
19
4
35
23
38
-6
-6
43
-91
-22
-54
-16
28
35
-43
-20
6
-12
13
17
-40
-8
-91
49
-27
-51
-11
-61
-1
-24
93
49
-107
19
-60
-11
7
32
-12
67
-21
14
28
4
38
14
-33
-77
79
-26
4
24
5
-39
-20
-5
63
-37
33
13
-10
-45
-12
-4
-63
8
-35
-4
14
-39
-12
15
-78
44
103
41
-13
18
-44
80
40
34
-37
14
-24
-13
-24
-44
-39
-9
-72
26
-5
30
12
21
-63
-44
-19
5
48
-12
54
20
50
5
-28
-63
7
35
-12
-23
-13
-47
-21
-8
2
-3
26
5
77
13
77
-31
22
-11
26
25
-93
-57
-61
17
63
-14
35
23
-45
17
-32
65
-1
70
-18
25
-3
-86
-42
26
-2
-48
-27
11
-42
42
-27
77
-46
8
-65
-31
-25
17
40
13
-16
35
34
5
24
18
-42
32
-28
-26
8
-13
-6
25
45
-8
14
-10
10
19
-26
12
26
4
74
-26
-31
-75
39
37
-3
38
8
12
5
19
4
119
-50
-79
-49
-47
-19
-7
-9
23
17
32
76
52
-55
-99
38
-78
3
2
95
-3
-22
10
10
3
-26
-52
14
-57
-44
57
-18
-6
38
-13
44
-15
43
27
-9
-37
-45
-12
-19
-17
42
-13
49
-23
41
-22
8
41
-18
-19
85
41
-18
28
-15
30
60
-68
44
62
2
75
7
-53
-94
-14
30
14
18
-25
6
-70
-32
-35
22
-1
-49
0
-29
-28
37
5
17
38
8
24
29
50
20
60
1
-2
73
-22
0
39
6
60
44
12
-33
24
-59
10
34
9
38
87
39
11
27
18
-56
-18
52
-2
25
-43
3
26
-58
15
-8
-40
-2
-81
-91
-50
-42
-50
-74
12
-68
5
34
0
4
-16
-63
-2
41
74
-18
-69
7
16
-10
-49
86
-101
-22
-56
-27
14
6
-30
33
27
28
-18
45
28
107
45
49
2
-55
-16
-32
-24
24
-24
-38
-17
-7
17
-41
14
3
57
-9
-6
-50
-59
13
-11
21
-38
81
5
45
-10
-7
29
24
-48
-65
-47
-60
3
-18
-16
-58
33
19
-4
44
-37
18
15
15
-31
14
-22
-38
-51
44
-36
-7
-52
-13
-128
-46
-61
-43
-9
-14
83
-24
-11
-67
-20
-57
1
36
17
-30
-70
62
87
5
-42
51
-25
-20
38
-59
-83
18
17
4
21
46
41
-24
35
7
-22
-51
28
-15
2
-34
-66
7
-3
51
34
45
-32
-40
-54
21
119
31
-33
36
-48
-61
31
-33
13
60
17
40
-69
28
91
23
-66
-9
-21
16
18
17
-16
-26
-25
36
-79
-9
12
-28
20
-3
-40
7
-11
-17
-30
3
-79
-17
-23
-39
28
-31
23
42
-7
12
27
-3
23
-54
47
-42
-78
59
-3
19
-15
-44
-128
27
-12
-8
17
-61
-31
49
26
-55
-94
-24
9
40
4
-48
13
-50
-41
-28
-52
-12
-38
-12
-20
-17
-21
53
26
3
-63
-69
-84
111
41
11
-42
-49
23
67
-72
-19
-4
-85
36
-18
82
-17
17
-49
-27
-50
17
56
-25
19
-22
4
51
5
-44
-37
-7
-8
-37
8
54
-11
-9
-94
-33
-59
-16
22
65
77
-5
-14
35
21
33
33
-63
23
-4
-32
-30
55
-35
-53
9
86
1
13
-40
71
5
23
-41
36
17
-49
2
-19
5
-11
-8
-44
-14
33
74
-50
101
65
7
-13
-30
36
-30
-20
38
19
38
22
-17
-22
34
-29
51
34
12
0
16
127
-5
-66
82
26
-28
112
24
13
-33
-45
-75
-18
-45
28
-14
75
64
7
-12
49
-49
29
-29
-17
-29
25
-33
-45
24
-18
15
-15
12
-109
20
79
44
39
-10
8
10
4
-35
-15
-7
-21
36
108
-56
5
-62
56
60
-71
83
-46
10
47
6
98
117
6
-81
-16
-36
-33
-48
3
90
-31
-12
50
52
21
44
37
-16
18
-13
-38
27
3
-8
12
42
17
8
12
2
-33
34
60
-23
82
-8
-10
-38
-34
-41
15
68
23
36
57
-107
-7
15
31
-56
-43
34
-5
24
-41
-70
32
51
70
-65
-57
-63
-2
-26
56
-62
-74
9
51
-34
-54
-6
-70
1
35
9
-81
-23
-13
77
39
-2
56
-45
-15
60
64
31
21
-25
32
-35
25
12
49
-18
27
34
-38
7
68
5
-13
19
-12
19
-6
-1
20
58
19
70
-87
-19
10
-36
-54
26
26
12
17
-37
-21
-5
-29
14
101
-21
28
-44
57
-41
9
-26
22
0
-2
126
-27
-2
114
-49
24
-46
44
14
28
-12
10
63
-97
-70
18
-28
-13
-64
-39
-17
-31
-37
-18
-40
57
-42
78
-16
-62
-26
40
45
7
12
27
-62
-25
-78
-19
41
31
98
7
-92
72
55
-25
9
33
16
30
-5
-2
4
-34
61
0
29
-36
-46
-4
-11
51
26
23
-62
-41
9
-15
55
57
-25
37
60
14
69
45
9
37
8
-18
15
2
-16
76
9
116
-13
24
68
116
13
-34
34
-56
-12
12
64
61
-1
39
-14
28
82
      1208         0
       989      -536
       934     -1209
      -283      -761
     -1031       531
      -553       153
       800       -10
      -776         5
      -616       600
      -808       732
      -336        46
      1424      -393
      -397      1213
        59       270
      1322      -270
       282      -898
       989      -101
      -494     -1790
      2010      -412
       326       235
      -220      1769
       625       501
       325      -289
     -1456       -84
      -343       214
      -742       126
      -199      1180
     -1363       335
       577       350
      -499      -243
       627      -545
       364      -485
      1264       244
      1313       789
       -21      -128
       504      -590
      -359     -1090
       412      -749
      -676      -884
       119      -229
       939      -326
      -960      -102
      -437        37
       230       501
       275      -102
       815     -1103
       581      -198
      1031     -1276
       779     -1461
     -2034      -177
      -263      -444
       576      -647
      -561      -471
     -2057        33
       793       162
       -19       299
      -372       371
     -1162       569
        20      -945
      -141      -601
      -236      -610
      -205     -1180
     -1032     -1409
      1731      -806
     -1444         0
     -1016       201
       493       -92
      -156       725
       933       512
      -217       128
     -1216      -450
      -294      -110
      -334       -94
      -686       534
       258      1046
      1077       483
     -1213       -16
        39       396
       511      -708
       197       449
      -678        19
       848       238
       436       626
       385       -66
     -1039       813
     -1062      1008
       652      -417
       432      -599
      -588       759
      1003      -337
       160     -1373
      -878       251
       355        13
       819     -1121
       913       -92
       108       819
      -338       174
      -849      -353
       321       897
      -794       207
        31      -383
       -53      -411
        59      1107
      -157      1107
       612       325
       532       106
      -557      -326
      1887       189
       576      -477
       633       383
      -991       985
      -679       831
       570       -21
      -302       -55
       194      -779
       510      -245
       550       828
       469       209
      1073       150
       266       497
      -298      -712
       231       -58
       667       454
       385      -213
       350       393
      -128      -622
        34       196
       203      -815
      -712         0
       747        39
      -123      -358
        55      -716
       573      1287
      1196       114
       284      -349
       422      1340
       660       238
      -416       770
      1393      -379
       290      -549
      -960      -658
       -98       448
       392       808
     -1162      -257
       -96       992
      -110      -519
      -292      -896
       452        46
     -1313        78
      -394     -1352
      -498       309
      -323      -544
       249       483
      -204      -939
      -643      -163
       338       739
        25        53
       273      -373
         1       616
       325       826
       590      -410
       366        80
       655       411
      1435      1239
      -349      1065
       546      -177
       557       202
         6       -81
       556      1694
       238       431
      -364       -96
       921       861
     -1400        16
     -1070      -399
      -201       122
       282       889
      -308       120
      1441       802
       207      -715
       422      -569
      1125      1685
       335      -249
       189       240
     -1194       565
      1831       192
        53      -126
      -609       371
      1346       555
       699      1376
       321       883
      -148      -221
      1417       463
       -80         0
       -45       302
      -536       737
       -61        67
       -92       639
      -268       207
      1097       194
      -531     -1017
     -1063       517
       654      -999
       226      -509
      -675      -829
       591     -1653
      -888      -690
      -124        79
      -457       265
       220       298
        94     -2096
        46      -217
       174     -1728
       552      -459
       562      -404
        79      -812
       -87       997
       649       153
      -243      -989
       429      -615
      -104      -452
        54        96
       650       900
      -161      -290
      -215       560
      -406      -238
      -574       827
      -607      -466
      -309       -21
      -647        32
       494       102
      -223       404
      -400      -440
      -901       -70
      -134      -143
     -1041        35
      -412     -1204
      -361      -149
       240       335
      -300       -95
       366      -590
       720      -454
        94       -77
       878      -338
      -360       -51
       105       615
       114     -1020
      -733      -140
      1097      -997
      -581       695
      -171       213
       766      1062
      -130      -199
      -329       246
      -313      -175
     -1653     -1187
       172       651
       754         0
      -660       692
     -1310       571
       -12     -1448
      -578       371
      -329     -1391
        26      -738
      -256        33
        64        -9
       363      -769
     -1018     -1557
      -598     -1331
      -291      -425
       250        82
     -1730       312
      -328       549
      -599      -809
       757       257
      -520       146
      1365       317
       254       -99
      1110      -532
      -241       125
       309      -146
      -384      -703
       498        52
        90      -517
       271       181
       636      -931
       196       -90
       -47       163
        81      -264
     -1094       336
      -364       487
     -1215       666
      1037       433
       628      -243
       826        -3
       655       272
       487       275
      -202       172
       398       -81
       351     -1647
       532       982
      -593       221
      -975       585
      1042       398
      -836      -203
      -389       351
     -1200      -502
      -569       491
       406       238
       335      -810
       981     -1029
      -365       570
       734      -509
      -198      -726
        96      -150
      -541       388
      -697      -211
      -473       530
       232      -120
       207       287
       128       960
     -1664         0
       121     -1021
       164       553
      -244      1171
      -133        11
       -40     -1647
      -579      1170
      -529       724
      1453       750
      -427      -173
      -118      1766
     -1169       232
      -561      -164
      -134        -7
      -521      1175
      -453        62
      -661     -1234
      -248       989
       420      1135
      -104       495
       358      -358
       265      -135
      1304      -892
       696      -109
      -891       341
       -86       805
     -1324      -410
      -170       172
      -787      -612
        54       369
       787       528
       782       228
       314      -170
      -510      -155
      -432     -1164
       352      -157
       760       795
       -93       950
       377      1061
       700      1322
      -649       304
        -5      -333
      -863       203
      -156      -383
       101       309
      1176       158
      1014      -172
        33      -222
      -199       -42
       404       314
      -437       124
       153       126
       -51      -177
       100     -1017
     -1086       258
      -887       402
        62      -695
       563       702
       466      -248
     -1277       716
      -264     -1680
      -625      -405
      -804       782
      -481       246
     -1956         0
       500     -1015
        52      -307
      -871       511
       157        59
      -650      -175
       391       -71
      -543       788
       408       505
       -23      -137
       417       301
      -255        98
     -1004      1186
      -434      -336
       924      -452
      -113      -677
       109     -1136
      -256      -355
     -1787      -387
     -1612       422
      -199      -600
      1744       -97
       436       241
      1004       117
       905      2049
      -831      -572
      -503     -1299
      -503       551
       280        38
      1310      -162
       830       376
        49       541
       136       -28
       645       508
      -463      -668
      -774      -280
      -422       253
       706       618
       432      -784
       285      -103
      -359      -313
       947      -823
      -604       743
       745        94
       797      1201
      -132      1126
       854     -1045
     -1389      -745
        19      -448
       -47       326
       869      -884
       622      -244
      1363      -279
      -796      -101
       649      -226
       590       208
      -146      -232
       322       354
      -765       287
       212       923
     -1083      1040
      -445       -91
      -962       -95
      -329       128
       930         0
      -944       310
        74      -354
       344       715
       271       367
       364      -159
       505       333
     -1883      -765
      -805       -33
       863      -323
        67       504
      -486     -1126
      -621     -1197
       657      -982
      -845      1097
      -145      -111
       918       589
      1244       267
        26       125
      -118      -707
      -681      -168
     -1083       247
       376      -513
        91      -565
      -575     -1165
       410      -437
       378       -47
       259      -353
      -413       826
        -2      -532
     -1262       -45
       181      1926
      -366       156
       404      -360
      -970       674
       532      -574
        71      -813
      -513       399
      -100     -1132
      1430       875
      -967        60
     -1359        88
      -186       542
      -547      -232
      -219      -835
       -61       147
      -682       664
      -564      -951
      1178        33
     -1118       327
        39       183
      -476       524
       323       977
       293      -351
      -319       823
      -516      -122
      -301      -256
      -776      -598
       645       175
        94      -333
       965       898
      1032       278
     -1395      -354
        27      -199
      1250         0
      1221      -538
      -503       931
      -363      -568
       431      -389
       -47       216
      -715      -141
      -615       114
      -113       930
      1161       876
        54      -471
       530      -541
     -1087      -811
      -568        47
       -22      -409
     -1287       241
       622      1014
      -503      -987
      1266      -785
       893     -1059
      -181      -422
     -1016      -514
       -28     -1789
       870       639
     -1740     -1058
      1123      -635
      -606      -426
       799      -688
        60      -469
       469      -694
     -1119      -629
      -623       100
      -816       386
       386      1004
      -349      -217
       -39     -1138
       947      -617
      -743       773
      -275      -195
       157      1830
       370      -438
      -628      -117
       329       697
       236      -833
      1468      -351
       550      -198
      -733      -402
      -565        71
      -314       234
      -744       950
     -1304       818
       246       445
      -629       210
       232      1690
      -436       719
       218      1630
       819        78
       439       551
      -111      -128
      1100       197
      -465       844
      -670       236
       137      -319
      -810      -211
      1952         0
      1118      1454
        64        -2
     -1553       382
       285       449
       758       369
      -645      -663
       123       349
       850       -78
       271      1304
      -114       857
      -431       409
       116      -969
      -823      -170
      -504      -642
      -868       306
      1019       204
     -1413      -497
      1144        80
       426       984
       191      1162
       529         8
       509      1610
      -382       643
       389      -452
      -575       253
      1003       143
      -738        58
       320       967
       -47      1094
       543       339
      -933      -128
      -352       208
       967       446
       796     -1554
       278       344
      -127      -584
       176      1235
      -168       614
      -274      1108
       204        53
       626      -290
     -1445       366
       187       295
       716      -155
      1881       -78
      -965        22
      -469      -230
      -599       152
       302      -537
      -455      1065
       401      -856
     -1296      -628
     -1309      1139
      -434      -134
      1073      -240
       541     -1165
       135     -1307
       162       670
      -292       230
      -717        11
      -659       573
      -260      -288
       172       767
