Nof lines WG output:   640
Nof lines PFFT output: 320
0
110
-113
6
106
-116
13
103
-118
19
99
-121
25
95
-122
31
91
-124
37
86
-126
43
81
-127
49
76
-127
55
71
-128
60
66
-128
66
60
-128
71
55
-127
76
49
-127
81
43
-126
86
37
-124
91
31
-122
95
25
-121
99
19
-118
103
13
-116
106
6
-113
110
0
-110
113
-6
-106
116
-13
-103
118
-19
-99
121
-25
-95
122
-31
-91
124
-37
-86
126
-43
-81
127
-49
-76
127
-55
-71
127
-60
-66
127
-66
-60
127
-71
-55
127
-76
-49
127
-81
-43
126
-86
-37
124
-91
-31
122
-95
-25
121
-99
-19
118
-103
-13
116
-106
-6
113
-110
0
110
-113
6
106
-116
13
103
-118
19
99
-121
25
95
-122
31
91
-124
37
86
-126
43
81
-127
49
76
-127
55
71
-128
60
66
-128
66
60
-128
71
55
-127
76
49
-127
81
43
-126
86
37
-124
91
31
-122
95
25
-121
99
19
-118
103
13
-116
106
6
-113
110
0
-110
113
-6
-106
116
-13
-103
118
-19
-99
121
-25
-95
122
-31
-91
124
-37
-86
126
-43
-81
127
-49
-76
127
-55
-71
127
-60
-66
127
-66
-60
127
-71
-55
127
-76
-49
127
-81
-43
126
-86
-37
124
-91
-31
122
-95
-25
121
-99
-19
118
-103
-13
116
-106
-6
113
-110
0
110
-113
6
106
-116
13
103
-118
19
99
-121
25
95
-122
31
91
-124
37
86
-126
43
81
-127
49
76
-127
55
71
-128
60
66
-128
66
60
-128
71
55
-127
76
49
-127
81
43
-126
86
37
-124
91
31
-122
95
25
-121
99
19
-118
103
13
-116
106
6
-113
110
0
-110
113
-6
-106
116
-13
-103
118
-19
-99
121
-25
-95
122
-31
-91
124
-37
-86
126
-43
-81
127
-49
-76
127
-55
-71
127
-60
-66
127
-66
-60
127
-71
-55
127
-76
-49
127
-81
-43
126
-86
-37
124
-91
-31
122
-95
-25
121
-99
-19
118
-103
-13
116
-106
-6
113
-110
0
110
-113
6
106
-116
13
103
-118
19
99
-121
25
95
-122
31
91
-124
37
86
-126
43
81
-127
49
76
-127
55
71
-128
60
66
-128
66
60
-128
71
55
-127
76
49
-127
81
43
-126
86
37
-124
91
31
-122
95
25
-121
99
19
-118
103
13
-116
106
6
-113
110
0
-110
113
-6
-106
116
-13
-103
118
-19
-99
121
-25
-95
122
-31
-91
124
-37
-86
126
-43
-81
127
-49
-76
127
-55
-71
127
-60
-66
127
-66
-60
127
-71
-55
127
-76
-49
127
-81
-43
126
-86
-37
124
-91
-31
122
-95
-25
121
-99
-19
118
-103
-13
116
-106
-6
113
-110
0
110
-113
6
106
-116
13
103
-118
19
99
-121
25
95
-122
31
91
-124
37
86
-126
43
81
-127
49
76
-127
55
71
-128
60
66
-128
66
60
-128
71
55
-127
76
49
-127
81
43
-126
86
37
-124
91
31
-122
95
25
-121
99
19
-118
103
13
-116
106
6
-113
110
0
-110
113
-6
-106
116
-13
-103
118
-19
-99
121
-25
-95
122
-31
-91
124
-37
-86
126
-43
-81
127
-49
-76
127
-55
-71
127
-60
-66
127
-66
-60
127
-71
-55
127
-76
-49
127
-81
-43
126
-86
-37
124
-91
-31
122
-95
-25
121
-99
-19
118
-103
-13
116
-106
-6
113
-110
        -6         0
         0        -4
         6         0
         0        -2
        -5         0
         0        -8
         5         0
         0        18
        -4         0
         0         2
         2         0
         0        -4
        -1         0
         0        20
         0         0
         0        13
         1         0
         0        -2
        -2         0
         0        -7
         2         0
         0       -17
        -2         0
         0        -2
         2         0
         0       -11
        -1         0
         0         4
         0         0
         0        -6
         1         0
         0        -8
        -2         0
         0        -7
         3         0
         0         6
        -4         0
         0         6
         5         0
         0         9
        -6         0
         0        -9
         6         0
         0    -16384
        -6         0
         0        -8
         6         0
         0         6
        -5         0
         0       -19
         4         0
         0         2
        -3         0
         0        10
         2         0
         0       -11
         0         0
         0         1
        -1         0
         0         0
         1         0
         0        13
        -2         0
         0         2
        -6         0
         0        -4
         6         0
         0        -2
        -5         0
         0        -8
         5         0
         0        18
        -4         0
         0         2
         2         0
         0        -4
        -1         0
         0        20
         0         0
         0        13
         1         0
         0        -2
        -2         0
         0        -7
         2         0
         0       -17
        -2         0
         0        -2
         2         0
         0       -11
        -1         0
         0         4
         0         0
         0        -6
         1         0
         0        -8
        -2         0
         0        -7
         3         0
         0         6
        -4         0
         0         6
         5         0
         0         9
        -6         0
         0        -9
         6         0
         0    -16384
        -6         0
         0        -8
         6         0
         0         6
        -5         0
         0       -19
         4         0
         0         2
        -3         0
         0        10
         2         0
         0       -11
         0         0
         0         1
        -1         0
         0         0
         1         0
         0        13
        -2         0
         0         2
        -6         0
         0        -4
         6         0
         0        -2
        -5         0
         0        -8
         5         0
         0        18
        -4         0
         0         2
         2         0
         0        -4
        -1         0
         0        20
         0         0
         0        13
         1         0
         0        -2
        -2         0
         0        -7
         2         0
         0       -17
        -2         0
         0        -2
         2         0
         0       -11
        -1         0
         0         4
         0         0
         0        -6
         1         0
         0        -8
        -2         0
         0        -7
         3         0
         0         6
        -4         0
         0         6
         5         0
         0         9
        -6         0
         0        -9
         6         0
         0    -16384
        -6         0
         0        -8
         6         0
         0         6
        -5         0
         0       -19
         4         0
         0         2
        -3         0
         0        10
         2         0
         0       -11
         0         0
         0         1
        -1         0
         0         0
         1         0
         0        13
        -2         0
         0         2
        -6         0
         0        -4
         6         0
         0        -2
        -5         0
         0        -8
         5         0
         0        18
        -4         0
         0         2
         2         0
         0        -4
        -1         0
         0        20
         0         0
         0        13
         1         0
         0        -2
        -2         0
         0        -7
         2         0
         0       -17
        -2         0
         0        -2
         2         0
         0       -11
        -1         0
         0         4
         0         0
         0        -6
         1         0
         0        -8
        -2         0
         0        -7
         3         0
         0         6
        -4         0
         0         6
         5         0
         0         9
        -6         0
         0        -9
         6         0
         0    -16384
        -6         0
         0        -8
         6         0
         0         6
        -5         0
         0       -19
         4         0
         0         2
        -3         0
         0        10
         2         0
         0       -11
         0         0
         0         1
        -1         0
         0         0
         1         0
         0        13
        -2         0
         0         2
        -6         0
         0        -4
         6         0
         0        -2
        -5         0
         0        -8
         5         0
         0        18
        -4         0
         0         2
         2         0
         0        -4
        -1         0
         0        20
         0         0
         0        13
         1         0
         0        -2
        -2         0
         0        -7
         2         0
         0       -17
        -2         0
         0        -2
         2         0
         0       -11
        -1         0
         0         4
         0         0
         0        -6
         1         0
         0        -8
        -2         0
         0        -7
         3         0
         0         6
        -4         0
         0         6
         5         0
         0         9
        -6         0
         0        -9
         6         0
         0    -16384
        -6         0
         0        -8
         6         0
         0         6
        -5         0
         0       -19
         4         0
         0         2
        -3         0
         0        10
         2         0
         0       -11
         0         0
         0         1
        -1         0
         0         0
         1         0
         0        13
        -2         0
         0         2
