Nof lines WG output:   160
Nof lines PFFT output: 80
0
25
49
71
91
106
118
126
127
126
118
106
91
71
49
25
0
-25
-49
-71
-91
-106
-118
-126
-128
-126
-118
-106
-91
-71
-49
-25
0
25
49
71
91
106
118
126
127
126
118
106
91
71
49
25
0
-25
-49
-71
-91
-106
-118
-126
-128
-126
-118
-106
-91
-71
-49
-25
0
25
49
71
91
106
118
126
127
126
118
106
91
71
49
25
0
-25
-49
-71
-91
-106
-118
-126
-128
-126
-118
-106
-91
-71
-49
-25
0
25
49
71
91
106
118
126
127
126
118
106
91
71
49
25
0
-25
-49
-71
-91
-106
-118
-126
-128
-126
-118
-106
-91
-71
-49
-25
0
25
49
71
91
106
118
126
127
126
118
106
91
71
49
25
0
-25
-49
-71
-91
-106
-118
-126
-128
-126
-118
-106
-91
-71
-49
-25
        -8         0
         0    -16381
         8         0
         0        -5
        -8         0
         0        -6
         8         0
         0        17
        -8         0
         0        -4
         8         0
         0       -37
        -8         0
         0        41
         8         0
         0        -5
        -8         0
         0    -16381
         8         0
         0        -5
        -8         0
         0        -6
         8         0
         0        17
        -8         0
         0        -4
         8         0
         0       -37
        -8         0
         0        41
         8         0
         0        -5
        -8         0
         0    -16381
         8         0
         0        -5
        -8         0
         0        -6
         8         0
         0        17
        -8         0
         0        -4
         8         0
         0       -37
        -8         0
         0        41
         8         0
         0        -5
        -8         0
         0    -16381
         8         0
         0        -5
        -8         0
         0        -6
         8         0
         0        17
        -8         0
         0        -4
         8         0
         0       -37
        -8         0
         0        41
         8         0
         0        -5
        -8         0
         0    -16381
         8         0
         0        -5
        -8         0
         0        -6
         8         0
         0        17
        -8         0
         0        -4
         8         0
         0       -37
        -8         0
         0        41
         8         0
         0        -5
